TSI CPC DATA VERSION 3
1490693396,2017/3/28,09:29:56
15
1.08,130
Model 3783 Ver 1.27 S/N 3783111302
"Date","Time","Concentration","Count"," Live-Time","Blank","Abs Press"," Analog In","Pulse Height"," Pulse STD","Status Flags"
2017/3/28,09:29:45,1.70e3,53191,14.35,,1011,0.000,2497,544,0
2017/3/28,09:30:00,1.68e3,54684,14.93,,1011,0.000,2529,480,0
2017/3/28,09:30:15,1.71e3,55623,14.93,,1011,0.000,2525,513,0
2017/3/28,09:30:30,1.70e3,55414,14.93,,1011,0.000,2542,501,0
2017/3/28,09:30:45,1.68e3,54820,14.93,,1011,0.000,2570,469,0
2017/3/28,09:31:00,1.68e3,54770,14.93,,1011,0.000,2503,517,0
2017/3/28,09:31:15,1.67e3,54322,14.93,,1011,0.000,2515,515,0
2017/3/28,09:31:30,1.66e3,54256,14.93,,1011,0.000,2551,474,0
2017/3/28,09:31:45,1.67e3,54364,14.93,,1011,0.000,2541,506,0
2017/3/28,09:32:00,1.66e3,54015,14.93,,1011,0.000,2535,496,0
2017/3/28,09:32:15,1.62e3,52802,14.93,,1011,0.000,2529,498,0
2017/3/28,09:32:30,1.63e3,53154,14.93,,1011,0.000,2496,528,0
2017/3/28,09:32:45,1.63e3,53058,14.93,,1011,0.000,2509,518,0
2017/3/28,09:33:00,1.62e3,52880,14.93,,1011,0.000,2545,489,0
2017/3/28,09:33:15,1.63e3,53216,14.93,,1011,0.000,2541,509,0
2017/3/28,09:33:30,1.63e3,53282,14.93,,1011,0.000,2510,532,0
2017/3/28,09:33:45,1.62e3,52668,14.93,,1011,0.000,2480,537,0
2017/3/28,09:34:00,1.61e3,52338,14.93,,1011,0.000,2524,518,0
2017/3/28,09:34:15,1.62e3,52836,14.93,,1011,0.000,2531,501,0
2017/3/28,09:34:30,1.61e3,52597,14.93,,1011,0.000,2523,504,0
2017/3/28,09:34:45,1.59e3,51786,14.94,,1011,0.000,2518,506,0
2017/3/28,09:35:00,1.58e3,51577,14.94,,1011,0.000,2481,555,0
2017/3/28,09:35:15,1.56e3,50797,14.94,,1011,0.000,2490,529,0
2017/3/28,09:35:30,1.59e3,51948,14.94,,1011,0.000,2530,495,0
2017/3/28,09:35:45,1.56e3,50901,14.94,,1011,0.000,2515,524,0
2017/3/28,09:36:00,1.55e3,50461,14.94,,1011,0.000,2534,500,0
2017/3/28,09:36:15,1.56e3,50740,14.94,,1011,0.000,2482,538,0
2017/3/28,09:36:30,1.54e3,50145,14.94,,1011,0.000,2548,474,0
2017/3/28,09:36:45,1.53e3,49964,14.94,,1011,0.000,2502,521,0
2017/3/28,09:37:00,1.53e3,49936,14.94,,1011,0.000,2535,505,0
2017/3/28,09:37:15,1.53e3,50021,14.94,,1011,0.000,2536,507,0
2017/3/28,09:37:30,1.54e3,50087,14.94,,1011,0.000,2551,488,0
2017/3/28,09:37:45,1.52e3,49593,14.94,,1011,0.000,2541,494,0
2017/3/28,09:38:00,1.52e3,49545,14.94,,1011,0.000,2525,507,0
2017/3/28,09:38:15,1.50e3,49028,14.94,,1011,0.000,2547,495,0
2017/3/28,09:38:30,1.51e3,49390,14.94,,1011,0.000,2509,502,0
2017/3/28,09:38:45,1.50e3,48791,14.94,,1011,0.000,2525,493,0
2017/3/28,09:39:00,1.49e3,48447,14.94,,1011,0.000,2521,523,0
2017/3/28,09:39:15,1.47e3,47994,14.94,,1011,0.000,2528,517,0
2017/3/28,09:39:30,1.49e3,48566,14.94,,1011,0.000,2542,493,0
2017/3/28,09:39:45,1.46e3,47728,14.94,,1011,0.000,2513,529,0
2017/3/28,09:40:00,1.46e3,47753,14.94,,1011,0.000,2523,520,0
2017/3/28,09:40:15,1.47e3,47988,14.94,,1011,0.000,2543,502,0
2017/3/28,09:40:30,1.46e3,47762,14.94,,1011,0.000,2529,500,0
2017/3/28,09:40:45,1.46e3,47701,14.94,,1011,0.000,2531,510,0
2017/3/28,09:41:00,1.46e3,47458,14.94,,1011,0.000,2537,476,0
2017/3/28,09:41:15,1.45e3,47257,14.94,,1011,0.000,2510,534,0
2017/3/28,09:41:30,1.43e3,46600,14.94,,1011,0.000,2528,524,0
2017/3/28,09:41:45,1.42e3,46466,14.94,,1011,0.000,2528,505,0
2017/3/28,09:42:00,1.43e3,46648,14.94,,1011,0.000,2528,522,0
2017/3/28,09:42:15,1.42e3,46323,14.94,,1011,0.000,2535,493,0
2017/3/28,09:42:30,1.39e3,45406,14.94,,1011,0.000,2510,524,0
2017/3/28,09:42:45,1.37e3,44796,14.94,,1011,0.000,2531,501,0
2017/3/28,09:43:00,1.39e3,45242,14.94,,1011,0.000,2535,522,0
2017/3/28,09:43:15,1.40e3,45717,14.94,,1011,0.000,2543,506,0
2017/3/28,09:43:30,1.40e3,45573,14.94,,1011,0.000,2512,515,0
2017/3/28,09:43:45,1.40e3,45534,14.94,,1011,0.000,2547,488,0
2017/3/28,09:44:00,1.38e3,45174,14.94,,1011,0.000,2552,496,0
2017/3/28,09:44:15,1.40e3,45664,14.94,,1011,0.000,2507,522,0
2017/3/28,09:44:30,1.40e3,45577,14.94,,1011,0.000,2532,501,0
2017/3/28,09:44:45,1.37e3,44541,14.95,,1011,0.000,2540,490,0
2017/3/28,09:45:00,1.37e3,44690,14.94,,1011,0.000,2536,501,0
2017/3/28,09:45:15,1.36e3,44306,14.95,,1011,0.000,2542,499,0
2017/3/28,09:45:30,1.36e3,44251,14.95,,1011,0.000,2531,490,0
2017/3/28,09:45:45,1.36e3,44251,14.95,,1011,0.000,2519,523,0
2017/3/28,09:46:00,1.35e3,44026,14.95,,1011,0.000,2498,543,0
2017/3/28,09:46:15,1.35e3,43976,14.95,,1011,0.000,2545,496,0
2017/3/28,09:46:30,1.36e3,44258,14.95,,1011,0.000,2524,504,0
2017/3/28,09:46:45,1.33e3,43373,14.95,,1011,0.000,2513,544,0
2017/3/28,09:47:00,1.33e3,43287,14.95,,1011,0.000,2548,498,0
2017/3/28,09:47:15,2.91e3,94060,14.89,,1011,0.000,2517,502,0
2017/3/28,09:47:30,2.58e3,83587,14.9,,1011,0.000,2528,489,0
2017/3/28,09:47:45,9.12e3,277369,14.68,,1011,0.000,2460,528,0
2017/3/28,09:48:00,8.58e4,2168227,12.49,,1011,0.000,1940,603,0
2017/3/28,09:48:15,1.56e5,3558669,10.71,,1011,0.000,1646,604,0
2017/3/28,09:48:30,2.71e5,4846988,8.449,,1011,0.000,1528,592,0
2017/3/28,09:48:45,3.47e5,5354558,7.186,,1011,0.000,1459,588,0
2017/3/28,09:49:00,2.46e5,4676081,8.864,,1011,0.000,1553,581,0
2017/3/28,09:49:15,1.97e5,4170523,9.804,,1011,0.000,1639,594,0
2017/3/28,09:49:30,2.09e5,4336314,9.555,,1011,0.000,1558,567,0
2017/3/28,09:49:45,1.98e5,4202854,9.769,,1011,0.000,1627,562,0
2017/3/28,09:50:00,1.94e5,4115744,9.891,,1011,0.000,1610,573,0
2017/3/28,09:50:15,2.73e5,4905575,8.386,,1011,0.000,1531,576,0
2017/3/28,09:50:30,3.19e5,5151609,7.678,,1011,0.000,1481,617,0
2017/3/28,09:50:45,3.01e5,5119526,7.919,,1011,0.000,1470,583,0
2017/3/28,09:51:00,3.71e5,5490268,6.845,,1011,0.000,1453,615,0
2017/3/28,09:51:15,3.93e5,5536603,6.608,,1011,0.000,1436,614,0
2017/3/28,09:51:30,4.25e5,5602900,6.153,,1011,0.000,1423,609,0
2017/3/28,09:51:45,5.08e5,5674737,5.232,,1011,0.000,1372,617,0
2017/3/28,09:52:00,5.56e5,5665022,4.761,,1011,0.000,1379,623,0
2017/3/28,09:52:15,5.08e5,5706443,5.186,,1011,0.000,1378,623,0
2017/3/28,09:52:30,5.52e5,5683097,4.803,,1011,0.000,1406,605,0
2017/3/28,09:52:45,6.00e5,5655161,4.353,,1011,0.000,1346,623,0
2017/3/28,09:53:00,6.80e5,5511781,3.785,,1011,0.000,1383,616,0
2017/3/28,09:53:15,6.90e5,5498339,3.714,,1011,0.000,1336,632,0
2017/3/28,09:53:30,7.80e5,5333754,3.208,,1011,0.000,1359,614,0
2017/3/28,09:53:45,7.31e5,5434012,3.436,,1011,0.000,1276,603,0
2017/3/28,09:54:00,7.21e5,5461203,3.5,,1011,0.000,1350,605,0
2017/3/28,09:54:15,6.99e5,5505314,3.638,,1011,0.000,1335,620,0
2017/3/28,09:54:30,7.45e5,5414337,3.366,,1011,0.000,1345,621,0
2017/3/28,09:54:45,7.52e5,5399003,3.323,,1011,0.000,1337,612,0
2017/3/28,09:55:00,7.98e5,5305259,3.079,,1011,0.000,1323,649,0
2017/3/28,09:55:15,8.85e5,5128188,2.692,,1011,0.000,1308,607,0
2017/3/28,09:55:30,8.97e5,5117622,2.639,,1011,0.000,1284,616,0
2017/3/28,09:55:45,8.40e5,5226433,2.875,,1011,0.000,1401,645,0
2017/3/28,09:56:00,8.58e5,5192376,2.808,,1011,0.000,1341,626,0
2017/3/28,09:56:15,8.87e5,5135413,2.695,,1011,0.000,1369,645,0
2017/3/28,09:56:30,8.01e5,5320769,3.07,,1011,0.000,1352,649,0
2017/3/28,09:56:45,8.63e5,5188303,2.815,,1011,0.000,1335,628,0
2017/3/28,09:57:00,9.35e5,5038362,2.497,,1011,0.000,1301,632,0
2017/3/28,09:57:15,9.07e5,5093507,2.605,,1011,0.000,1331,644,0
2017/3/28,09:57:30,9.17e5,5086184,2.566,,1011,0.000,1348,623,0
2017/3/28,09:57:45,9.32e5,5053362,2.517,,1011,0.000,1337,650,0
2017/3/28,09:58:00,9.07e5,5108085,2.605,,1011,0.000,1324,621,0
2017/3/28,09:58:15,8.65e5,5199930,2.78,,1011,0.000,1291,605,0
2017/3/28,09:58:30,9.09e5,5122922,2.631,,1011,0.000,1314,635,0
2017/3/28,09:58:45,9.94e5,4941941,2.307,,1011,0.000,1318,634,0
2017/3/28,09:59:00,8.92e5,5146107,2.667,,1011,0.000,1324,633,0
2017/3/28,09:59:15,9.61e5,5014039,2.462,,1011,0.000,1334,629,0
2017/3/28,09:59:30,1.00e6,4930606,2.285,,1011,0.000,1314,628,0
2017/3/28,09:59:45,9.89e5,4943946,2.321,,1011,0.000,1303,626,80
2017/3/28,10:00:00,9.84e5,4962244,2.352,,1011,0.000,1296,638,0
2017/3/28,10:00:15,8.81e5,5173542,2.713,,1011,0.000,1342,648,0
2017/3/28,10:00:30,8.62e5,5224197,2.803,,1011,0.000,1348,645,0
2017/3/28,10:00:45,8.84e5,5167331,2.717,,1011,0.000,1295,621,0
2017/3/28,10:01:00,8.50e5,5232328,2.847,,1011,0.000,1291,653,0
2017/3/28,10:01:15,9.02e5,5122175,2.636,,1011,0.000,1370,625,0
2017/3/28,10:01:30,9.99e5,4948168,2.304,,1011,0.000,1309,643,0
2017/3/28,10:01:45,9.69e5,5001691,2.394,,1011,0.000,1318,631,0
2017/3/28,10:02:00,8.99e5,5140166,2.648,,1011,0.000,1353,628,0
2017/3/28,10:02:15,8.81e5,5174742,2.716,,1011,0.000,1351,638,0
2017/3/28,10:02:30,8.43e5,5270258,2.888,,1011,0.000,1365,640,0
2017/3/28,10:02:45,8.57e5,5237005,2.825,,1011,0.000,1317,618,0
2017/3/28,10:03:00,9.20e5,5099113,2.57,,1011,0.000,1306,628,0
2017/3/28,10:03:15,8.59e5,5226657,2.823,,1011,0.000,1325,632,0
2017/3/28,10:03:30,8.87e5,5188109,2.715,,1011,0.000,1354,637,0
2017/3/28,10:03:45,8.88e5,5176971,2.703,,1011,0.000,1325,657,0
2017/3/28,10:04:00,9.16e5,5118765,2.594,,1011,0.000,1320,644,0
2017/3/28,10:04:15,8.45e5,5271243,2.884,,1011,0.000,1335,612,0
2017/3/28,10:04:30,8.44e5,5276220,2.895,,1011,0.000,1323,625,0
2017/3/28,10:04:45,8.21e5,5326392,3.002,,1011,0.000,1326,610,0
2017/3/28,10:05:00,9.48e5,5062032,2.497,,1011,0.000,1318,632,0
2017/3/28,10:05:15,9.77e5,5007026,2.383,,1011,0.000,1286,590,0
2017/3/28,10:05:30,9.77e5,5016756,2.389,,1011,0.000,1278,600,0
2017/3/28,10:05:45,9.46e5,5072003,2.501,,1011,0.000,1251,600,0
2017/3/28,10:06:00,9.41e5,5087976,2.516,,1011,0.000,1314,625,0
2017/3/28,10:06:15,9.12e5,5143472,2.615,,1011,0.000,1340,623,0
2017/3/28,10:06:30,8.71e5,5228401,2.779,,1011,0.000,1306,643,0
2017/3/28,10:06:45,7.99e5,5365293,3.22,,1011,0.000,1340,639,0
2017/3/28,10:07:00,8.27e5,5332152,2.981,,1011,0.000,1346,648,0
2017/3/28,10:07:15,8.39e5,5300338,2.926,,1011,0.000,1341,642,0
2017/3/28,10:07:30,8.33e5,5322750,2.954,,1011,0.000,1346,625,0
2017/3/28,10:07:45,8.29e5,5320441,2.967,,1011,0.000,1379,634,0
2017/3/28,10:08:00,7.78e5,5428857,3.223,,1011,0.000,1301,600,0
2017/3/28,10:08:15,7.97e5,5393753,3.13,,1011,0.000,1301,606,0
2017/3/28,10:08:30,7.65e5,5466947,3.31,,1011,0.000,1379,622,0
2017/3/28,10:08:45,7.48e5,5495129,3.393,,1011,0.000,1373,646,0
2017/3/28,10:09:00,7.49e5,5496059,3.395,,1011,0.000,1357,606,0
2017/3/28,10:09:15,7.03e5,5584352,3.67,,1011,0.000,1348,610,0
2017/3/28,10:09:30,7.15e5,5576891,3.602,,1011,0.000,1356,634,0
2017/3/28,10:09:45,7.10e5,5569639,3.632,,1011,0.000,1345,589,0
2017/3/28,10:10:00,6.70e5,5647488,3.895,,1011,0.000,1359,631,0
2017/3/28,10:10:15,6.50e5,5685184,4.039,,1011,0.000,1381,598,0
2017/3/28,10:10:30,6.48e5,5695857,4.061,,1011,0.000,1373,598,0
2017/3/28,10:10:45,6.32e5,5708748,4.171,,1011,0.000,1334,612,0
2017/3/28,10:11:00,6.26e5,5728165,4.227,,1011,0.000,1352,593,0
2017/3/28,10:11:15,6.14e5,5739431,4.31,,1011,0.000,1346,645,0
2017/3/28,10:11:30,5.96e5,5765973,4.464,,1011,0.000,1322,604,0
2017/3/28,10:11:45,5.80e5,5784419,4.605,,1011,0.000,1378,631,0
2017/3/28,10:12:00,5.64e5,5802282,4.749,,1011,0.000,1367,620,0
2017/3/28,10:12:15,5.54e5,5805119,4.834,,1011,0.000,1398,589,0
2017/3/28,10:12:30,5.54e5,5813249,4.84,,1011,0.000,1379,626,0
2017/3/28,10:12:45,5.27e5,5818431,5.092,,1011,0.000,1428,620,0
2017/3/28,10:13:00,5.27e5,5817259,5.09,,1011,0.000,1375,600,0
2017/3/28,10:13:15,5.14e5,5826474,5.231,,1011,0.000,1400,616,0
2017/3/28,10:13:30,5.07e5,5828532,5.306,,1011,0.000,1367,605,0
2017/3/28,10:13:45,4.94e5,5813968,5.427,,1011,0.000,1368,620,0
2017/3/28,10:14:00,4.95e5,5825338,5.429,,1011,0.000,1400,621,0
2017/3/28,10:14:15,4.88e5,5815286,5.502,,1011,0.000,1400,605,0
2017/3/28,10:14:30,4.84e5,5821281,5.55,,1011,0.000,1417,607,0
2017/3/28,10:14:45,4.74e5,5804743,5.652,,1011,0.000,1417,598,0
2017/3/28,10:15:00,4.59e5,5806169,5.828,,1011,0.000,1387,601,0
2017/3/28,10:15:15,4.55e5,5803420,5.876,,1011,0.000,1440,594,0
2017/3/28,10:15:30,4.54e5,5796344,5.891,,1011,0.000,1427,611,0
2017/3/28,10:15:45,4.41e5,5778204,6.049,,1011,0.000,1413,607,0
2017/3/28,10:16:00,4.36e5,5772840,6.112,,1011,0.000,1389,581,0
2017/3/28,10:16:15,4.35e5,5774092,6.118,,1011,0.000,1442,607,0
2017/3/28,10:16:30,4.24e5,5752792,6.252,,1011,0.000,1402,607,0
2017/3/28,10:16:45,4.13e5,5722294,6.383,,1011,0.000,1394,582,0
2017/3/28,10:17:00,4.12e5,5721552,6.41,,1011,0.000,1473,607,0
2017/3/28,10:17:15,4.03e5,5696667,6.519,,1011,0.000,1440,577,0
2017/3/28,10:17:30,4.01e5,5696907,6.558,,1011,0.000,1435,615,0
2017/3/28,10:17:45,3.97e5,5675814,6.6,,1011,0.000,1431,604,0
2017/3/28,10:18:00,3.95e5,5672150,6.622,,1011,0.000,1422,588,0
2017/3/28,10:18:15,3.90e5,5657877,6.688,,1011,0.000,1467,603,0
2017/3/28,10:18:30,3.82e5,5639440,6.805,,1011,0.000,1430,585,0
2017/3/28,10:18:45,3.79e5,5632094,6.844,,1011,0.000,1446,604,0
2017/3/28,10:19:00,3.71e5,5597886,6.953,,1011,0.000,1455,554,0
2017/3/28,10:19:15,3.65e5,5573792,7.047,,1011,0.000,1485,598,0
2017/3/28,10:19:30,3.63e5,5572048,7.075,,1011,0.000,1489,595,0
2017/3/28,10:19:45,3.57e5,5545914,7.169,,1011,0.000,1455,577,0
2017/3/28,10:20:00,3.51e5,5516530,7.241,,1011,0.000,1490,596,0
2017/3/28,10:20:15,3.51e5,5518811,7.238,,1011,0.000,1468,600,0
2017/3/28,10:20:30,3.52e5,5534275,7.246,,1011,0.000,1456,598,0
2017/3/28,10:20:45,3.50e5,5512546,7.272,,1011,0.000,1466,614,0
2017/3/28,10:21:00,3.38e5,5460947,7.443,,1011,0.000,1481,570,0
2017/3/28,10:21:15,3.35e5,5441215,7.494,,1011,0.000,1506,566,0
2017/3/28,10:21:30,3.41e5,5484567,7.411,,1011,0.000,1481,563,0
2017/3/28,10:21:45,3.36e5,5450039,7.483,,1011,0.000,1451,595,0
2017/3/28,10:22:00,3.31e5,5431895,7.562,,1011,0.000,1485,587,0
2017/3/28,10:22:15,3.23e5,5377085,7.683,,1011,0.000,1472,593,0
2017/3/28,10:22:30,3.16e5,5325409,7.827,,1011,0.000,1483,577,0
2017/3/28,10:22:45,3.16e5,5338322,7.797,,1011,0.000,1477,573,0
2017/3/28,10:23:00,3.18e5,5358665,7.771,,1011,0.000,1502,577,0
2017/3/28,10:23:15,3.18e5,5358035,7.769,,1011,0.000,1528,599,0
2017/3/28,10:23:30,3.21e5,5375325,7.723,,1011,0.000,1529,596,0
2017/3/28,10:23:45,3.15e5,5336751,7.815,,1011,0.000,1525,592,0
2017/3/28,10:24:00,3.09e5,5299371,7.902,,1011,0.000,1535,605,0
2017/3/28,10:24:15,3.07e5,5284790,7.928,,1011,0.000,1531,588,0
2017/3/28,10:24:30,3.06e5,5284902,7.959,,1011,0.000,1489,574,0
2017/3/28,10:24:45,3.04e5,5267433,7.994,,1011,0.000,1527,573,0
2017/3/28,10:25:00,2.97e5,5221570,8.104,,1011,0.000,1531,614,0
2017/3/28,10:25:15,2.99e5,5235041,8.083,,1011,0.000,1497,565,0
2017/3/28,10:25:30,3.01e5,5260734,8.046,,1011,0.000,1511,587,0
2017/3/28,10:25:45,2.95e5,5208085,8.144,,1011,0.000,1523,587,0
2017/3/28,10:26:00,2.91e5,5178960,8.214,,1011,0.000,1567,573,0
2017/3/28,10:26:15,2.87e5,5155349,8.279,,1011,0.000,1490,573,0
2017/3/28,10:26:30,2.87e5,5155966,8.286,,1011,0.000,1514,594,0
2017/3/28,10:26:45,2.85e5,5141249,8.313,,1011,0.000,1491,592,0
2017/3/28,10:27:00,2.90e5,5182460,8.237,,1011,0.000,1492,574,0
2017/3/28,10:27:15,2.82e5,5120646,8.365,,1011,0.000,1516,557,0
2017/3/28,10:27:30,2.80e5,5106645,8.408,,1011,0.000,1535,562,0
2017/3/28,10:27:45,2.77e5,5075930,8.459,,1011,0.000,1527,568,0
2017/3/28,10:28:00,2.79e5,5102687,8.417,,1011,0.000,1575,599,0
2017/3/28,10:28:15,2.80e5,5102716,8.408,,1011,0.000,1541,574,0
2017/3/28,10:28:30,2.83e5,5131483,8.369,,1011,0.000,1510,599,0
2017/3/28,10:28:45,2.76e5,5078407,8.469,,1011,0.000,1561,567,0
2017/3/28,10:29:00,2.73e5,5055045,8.53,,1011,0.000,1513,584,0
2017/3/28,10:29:15,2.75e5,5070427,8.496,,1011,0.000,1518,587,0
2017/3/28,10:29:30,2.74e5,5057696,8.515,,1011,0.000,1517,572,0
2017/3/28,10:29:45,2.72e5,5045155,8.556,,1011,0.000,1533,570,0
2017/3/28,10:30:00,2.69e5,5021539,8.6,,1011,0.000,1519,584,0
2017/3/28,10:30:15,2.74e5,5060683,8.526,,1011,0.000,1529,585,0
2017/3/28,10:30:30,2.67e5,5000476,8.631,,1011,0.000,1585,551,0
2017/3/28,10:30:45,2.66e5,4998735,8.654,,1011,0.000,1555,568,0
2017/3/28,10:31:00,2.65e5,4994876,8.669,,1011,0.000,1541,572,0
2017/3/28,10:31:15,2.63e5,4974395,8.712,,1011,0.000,1575,600,0
2017/3/28,10:31:30,2.67e5,5007277,8.637,,1011,0.000,1533,573,0
2017/3/28,10:31:45,2.69e5,5025549,8.61,,1011,0.000,1540,595,0
2017/3/28,10:32:00,2.66e5,5003688,8.657,,1011,0.000,1569,555,0
2017/3/28,10:32:15,2.65e5,4993083,8.668,,1011,0.000,1593,554,0
2017/3/28,10:32:30,2.67e5,5011559,8.659,,1011,0.000,1529,544,0
2017/3/28,10:32:45,2.59e5,4944176,8.791,,1011,0.000,1503,581,0
2017/3/28,10:33:00,2.46e5,4819728,9.028,,1011,0.000,1589,573,0
2017/3/28,10:33:15,2.42e5,4785792,9.091,,1011,0.000,1584,559,0
2017/3/28,10:33:30,2.35e5,4712590,9.22,,1011,0.000,1572,585,0
2017/3/28,10:33:45,2.30e5,4655322,9.319,,1011,0.000,1578,557,0
2017/3/28,10:34:00,2.26e5,4606737,9.391,,1011,0.000,1608,572,0
2017/3/28,10:34:15,2.21e5,4557873,9.486,,1011,0.000,1567,582,0
2017/3/28,10:34:30,2.18e5,4524359,9.548,,1011,0.000,1636,555,0
2017/3/28,10:34:45,2.13e5,4461730,9.645,,1011,0.000,1607,534,0
2017/3/28,10:35:00,2.10e5,4424101,9.708,,1011,0.000,1613,572,0
2017/3/28,10:35:15,2.03e5,4336103,9.848,,1011,0.000,1616,577,0
2017/3/28,10:35:30,1.99e5,4289905,9.927,,1011,0.000,1608,578,0
2017/3/28,10:35:45,1.95e5,4233802,10.0,,1011,0.000,1639,568,0
2017/3/28,10:36:00,1.90e5,4171313,10.11,,1011,0.000,1694,551,0
2017/3/28,10:36:15,1.86e5,4120751,10.18,,1011,0.000,1649,557,0
2017/3/28,10:36:30,1.84e5,4086335,10.24,,1011,0.000,1663,560,0
2017/3/28,10:36:45,1.80e5,4029278,10.31,,1011,0.000,1665,572,0
2017/3/28,10:37:00,1.76e5,3979167,10.39,,1011,0.000,1663,557,0
2017/3/28,10:37:15,1.72e5,3912946,10.49,,1011,0.000,1678,534,0
2017/3/28,10:37:30,1.68e5,3865809,10.56,,1011,0.000,1688,554,0
2017/3/28,10:37:45,1.65e5,3814955,10.63,,1011,0.000,1705,565,0
2017/3/28,10:38:00,1.60e5,3742928,10.74,,1011,0.000,1688,554,0
2017/3/28,10:38:15,1.58e5,3704351,10.79,,1011,0.000,1721,565,0
2017/3/28,10:38:30,1.53e5,3618188,10.92,,1011,0.000,1715,565,0
2017/3/28,10:38:45,1.51e5,3594935,10.94,,1011,0.000,1724,584,0
2017/3/28,10:39:00,1.48e5,3544779,11.0,,1011,0.000,1735,560,0
2017/3/28,10:39:15,1.46e5,3513110,11.05,,1011,0.000,1700,582,0
2017/3/28,10:39:30,1.43e5,3464740,11.12,,1011,0.000,1724,573,0
2017/3/28,10:39:45,1.40e5,3402816,11.2,,1011,0.000,1712,583,0
2017/3/28,10:40:00,1.37e5,3348678,11.27,,1011,0.000,1730,567,0
2017/3/28,10:40:15,1.34e5,3313334,11.32,,1011,0.000,1696,543,0
2017/3/28,10:40:30,1.32e5,3263894,11.38,,1011,0.000,1751,557,0
2017/3/28,10:40:45,1.30e5,3229161,11.44,,1011,0.000,1737,563,0
2017/3/28,10:41:00,1.28e5,3196167,11.48,,1011,0.000,1761,559,0
2017/3/28,10:41:15,1.26e5,3155819,11.53,,1011,0.000,1745,541,0
2017/3/28,10:41:30,1.23e5,3111111,11.59,,1011,0.000,1788,533,0
2017/3/28,10:41:45,1.21e5,3062200,11.64,,1011,0.000,1784,546,0
2017/3/28,10:42:00,1.18e5,3014114,11.7,,1011,0.000,1787,552,0
2017/3/28,10:42:15,1.16e5,2973784,11.75,,1011,0.000,1779,579,0
2017/3/28,10:42:30,1.14e5,2933812,11.8,,1011,0.000,1807,561,0
2017/3/28,10:42:45,1.12e5,2896284,11.84,,1011,0.000,1799,566,0
2017/3/28,10:43:00,1.11e5,2864299,11.88,,1011,0.000,1812,556,0
2017/3/28,10:43:15,1.09e5,2820737,11.94,,1011,0.000,1776,576,0
2017/3/28,10:43:30,1.07e5,2782206,11.99,,1011,0.000,1761,584,0
2017/3/28,10:43:45,1.05e5,2748806,12.03,,1011,0.000,1793,555,0
2017/3/28,10:44:00,1.03e5,2713294,12.07,,1011,0.000,1821,529,0
2017/3/28,10:44:15,1.01e5,2677812,12.11,,1011,0.000,1783,568,0
2017/3/28,10:44:30,1.00e5,2641761,12.16,,1011,0.000,1821,588,0
2017/3/28,10:44:45,9.84e4,2603651,12.2,,1011,0.000,1807,566,0
2017/3/28,10:45:00,9.68e4,2569006,12.24,,1011,0.000,1804,559,0
2017/3/28,10:45:15,9.50e4,2531558,12.29,,1011,0.000,1818,573,0
2017/3/28,10:45:30,9.37e4,2503460,12.32,,1011,0.000,1833,567,0
2017/3/28,10:45:45,9.25e4,2476537,12.35,,1011,0.000,1820,581,0
2017/3/28,10:46:00,9.11e4,2445419,12.38,,1011,0.000,1865,551,0
2017/3/28,10:46:15,8.94e4,2408944,12.42,,1011,0.000,1826,571,0
2017/3/28,10:46:30,8.77e4,2372374,12.47,,1011,0.000,1851,606,0
2017/3/28,10:46:45,8.68e4,2351586,12.49,,1011,0.000,1875,546,0
2017/3/28,10:47:00,8.57e4,2326121,12.52,,1011,0.000,1855,571,0
2017/3/28,10:47:15,8.43e4,2296288,12.56,,1011,0.000,1893,554,0
2017/3/28,10:47:30,8.28e4,2262444,12.6,,1011,0.000,1898,543,0
2017/3/28,10:47:45,8.19e4,2241980,12.62,,1011,0.000,1859,548,0
2017/3/28,10:48:00,8.08e4,2217843,12.65,,1011,0.000,1877,551,0
2017/3/28,10:48:15,7.97e4,2192330,12.67,,1011,0.000,1872,562,0
2017/3/28,10:48:30,7.84e4,2160681,12.71,,1011,0.000,1921,561,0
2017/3/28,10:48:45,7.73e4,2135267,12.74,,1011,0.000,1884,578,0
2017/3/28,10:49:00,7.63e4,2111376,12.77,,1011,0.000,1895,577,0
2017/3/28,10:49:15,7.54e4,2089974,12.79,,1011,0.000,1872,577,0
2017/3/28,10:49:30,7.45e4,2068789,12.81,,1011,0.000,1906,592,0
2017/3/28,10:49:45,7.31e4,2037589,12.84,,1011,0.000,1888,605,0
2017/3/28,10:50:00,7.23e4,2016667,12.86,,1011,0.000,1929,582,0
2017/3/28,10:50:15,7.12e4,1991489,12.89,,1011,0.000,1933,556,0
2017/3/28,10:50:30,7.07e4,1978991,12.9,,1011,0.000,1943,572,0
2017/3/28,10:50:45,6.94e4,1947804,12.94,,1011,0.000,1928,593,0
2017/3/28,10:51:00,6.86e4,1927410,12.96,,1011,0.000,1921,583,0
2017/3/28,10:51:15,6.73e4,1897003,12.99,,1011,0.000,1972,581,0
2017/3/28,10:51:30,6.70e4,1889408,13.0,,1011,0.000,1977,554,0
2017/3/28,10:51:45,6.57e4,1857209,13.04,,1011,0.000,1990,562,0
2017/3/28,10:52:00,6.52e4,1845044,13.05,,1011,0.000,1972,596,0
2017/3/28,10:52:15,6.42e4,1822044,13.08,,1011,0.000,2034,546,0
2017/3/28,10:52:30,6.35e4,1804625,13.1,,1011,0.000,1982,563,0
2017/3/28,10:52:45,6.25e4,1780249,13.12,,1011,0.000,1967,593,0
2017/3/28,10:53:00,6.18e4,1762643,13.14,,1011,0.000,2020,566,0
2017/3/28,10:53:15,6.08e4,1737116,13.17,,1011,0.000,1972,573,0
2017/3/28,10:53:30,6.06e4,1732348,13.18,,1011,0.000,1972,568,0
2017/3/28,10:53:45,5.97e4,1709003,13.2,,1011,0.000,2027,560,0
2017/3/28,10:54:00,5.90e4,1691662,13.22,,1011,0.000,2058,540,0
2017/3/28,10:54:15,5.81e4,1669361,13.24,,1011,0.000,2011,570,0
2017/3/28,10:54:30,5.70e4,1641521,13.28,,1011,0.000,2006,589,0
2017/3/28,10:54:45,5.67e4,1632265,13.28,,1011,0.000,2070,567,0
2017/3/28,10:55:00,5.64e4,1626330,13.28,,1011,0.000,2005,594,0
2017/3/28,10:55:15,5.56e4,1605920,13.31,,1011,0.000,2020,583,0
2017/3/28,10:55:30,5.48e4,1585655,13.33,,1011,0.000,2022,609,0
2017/3/28,10:55:45,5.43e4,1572603,13.34,,1011,0.000,2034,593,0
2017/3/28,10:56:00,5.36e4,1553725,13.36,,1011,0.000,2053,609,0
2017/3/28,10:56:15,5.30e4,1538022,13.38,,1011,0.000,2095,584,0
2017/3/28,10:56:30,5.25e4,1524874,13.39,,1011,0.000,2038,583,0
2017/3/28,10:56:45,5.17e4,1504197,13.41,,1011,0.000,2067,598,0
2017/3/28,10:57:00,5.12e4,1491439,13.43,,1011,0.000,2080,590,0
2017/3/28,10:57:15,5.04e4,1471009,13.45,,1011,0.000,2065,605,0
2017/3/28,10:57:30,4.99e4,1458825,13.46,,1011,0.000,2095,581,0
2017/3/28,10:57:45,4.93e4,1442211,13.48,,1011,0.000,2065,601,0
2017/3/28,10:58:00,4.88e4,1429612,13.49,,1011,0.000,2120,557,0
2017/3/28,10:58:15,4.83e4,1414642,13.51,,1011,0.000,2065,599,0
2017/3/28,10:58:30,4.77e4,1400929,13.52,,1011,0.000,2105,560,0
2017/3/28,10:58:45,4.72e4,1387803,13.54,,1011,0.000,2113,566,0
2017/3/28,10:59:00,4.67e4,1372796,13.55,,1011,0.000,2084,594,0
2017/3/28,10:59:15,4.59e4,1353135,13.57,,1011,0.000,2153,541,0
2017/3/28,10:59:30,4.56e4,1344259,13.58,,1011,0.000,2076,592,0
2017/3/28,10:59:45,4.52e4,1332414,13.59,,1011,0.000,2086,612,0
2017/3/28,11:00:00,4.46e4,1318434,13.61,,1011,0.000,2137,568,0
2017/3/28,11:00:15,4.41e4,1304712,13.62,,1011,0.000,2095,606,0
2017/3/28,11:00:30,4.36e4,1290937,13.64,,1011,0.000,2105,577,0
2017/3/28,11:00:45,4.31e4,1277211,13.65,,1011,0.000,2148,579,0
2017/3/28,11:01:00,4.27e4,1266983,13.66,,1011,0.000,2135,603,0
2017/3/28,11:01:15,4.22e4,1253840,13.67,,1011,0.000,2153,582,0
2017/3/28,11:01:30,4.18e4,1242649,13.69,,1011,0.000,2144,594,0
2017/3/28,11:01:45,4.14e4,1231133,13.7,,1011,0.000,2164,566,0
2017/3/28,11:02:00,4.10e4,1221135,13.71,,1011,0.000,2145,574,0
2017/3/28,11:02:15,4.05e4,1206474,13.73,,1011,0.000,2178,559,0
2017/3/28,11:02:30,4.01e4,1195957,13.74,,1011,0.000,2145,592,0
2017/3/28,11:02:45,3.97e4,1185234,13.75,,1011,0.000,2148,577,0
2017/3/28,11:03:00,3.92e4,1172201,13.76,,1011,0.000,2158,581,0
2017/3/28,11:03:15,3.89e4,1162579,13.77,,1011,0.000,2161,592,0
2017/3/28,11:03:30,3.85e4,1153205,13.78,,1011,0.000,2180,572,0
2017/3/28,11:03:45,3.79e4,1136654,13.8,,1011,0.000,2178,583,0
2017/3/28,11:04:00,3.76e4,1126136,13.81,,1011,0.000,2120,590,0
2017/3/28,11:04:15,3.74e4,1120406,13.82,,1011,0.000,2177,584,0
2017/3/28,11:04:30,3.69e4,1108686,13.83,,1011,0.000,2186,573,0
2017/3/28,11:04:45,3.65e4,1097599,13.84,,1011,0.000,2160,588,0
2017/3/28,11:05:00,3.62e4,1089508,13.85,,1011,0.000,2207,573,0
2017/3/28,11:05:15,3.58e4,1077979,13.86,,1011,0.000,2203,567,0
2017/3/28,11:05:30,3.55e4,1067877,13.87,,1011,0.000,2224,568,0
2017/3/28,11:05:45,3.51e4,1057575,13.88,,1011,0.000,2188,598,0
2017/3/28,11:06:00,3.50e4,1055178,13.89,,1011,0.000,2189,561,0
2017/3/28,11:06:15,3.44e4,1037364,13.9,,1011,0.000,2177,583,0
2017/3/28,11:06:30,3.42e4,1032456,13.91,,1011,0.000,2260,538,0
2017/3/28,11:06:45,3.38e4,1021008,13.92,,1011,0.000,2174,617,0
2017/3/28,11:07:00,3.35e4,1013332,13.93,,1011,0.000,2210,573,0
2017/3/28,11:07:15,3.30e4,1000295,13.94,,1011,0.000,2192,589,0
2017/3/28,11:07:30,3.27e4,991067,13.95,,1011,0.000,2229,572,0
2017/3/28,11:07:45,3.26e4,986699,13.95,,1011,0.000,2237,582,0
2017/3/28,11:08:00,3.23e4,978876,13.96,,1011,0.000,2224,578,0
2017/3/28,11:08:15,3.19e4,967888,13.98,,1011,0.000,2227,587,0
2017/3/28,11:08:30,3.16e4,959030,13.99,,1011,0.000,2225,581,0
2017/3/28,11:08:45,3.12e4,949157,14.0,,1011,0.000,2199,616,0
2017/3/28,11:09:00,3.10e4,942055,14.0,,1011,0.000,2226,581,0
2017/3/28,11:09:15,3.08e4,937462,14.01,,1011,0.000,2219,615,0
2017/3/28,11:09:30,3.05e4,928361,14.02,,1011,0.000,2263,560,0
2017/3/28,11:09:45,3.02e4,921096,14.02,,1011,0.000,2269,563,0
2017/3/28,11:10:00,2.98e4,909274,14.04,,1011,0.000,2269,559,0
2017/3/28,11:10:15,2.97e4,904292,14.04,,1011,0.000,2225,593,0
2017/3/28,11:10:30,2.94e4,897095,14.05,,1011,0.000,2257,567,0
2017/3/28,11:10:45,2.88e4,879428,14.07,,1011,0.000,2216,604,0
2017/3/28,11:11:00,2.88e4,880545,14.07,,1011,0.000,2263,573,0
2017/3/28,11:11:15,2.86e4,874262,14.07,,1011,0.000,2291,535,0
2017/3/28,11:11:30,2.85e4,870734,14.08,,1011,0.000,2241,590,0
2017/3/28,11:11:45,2.80e4,858198,14.09,,1011,0.000,2258,571,0
2017/3/28,11:12:00,2.78e4,850964,14.1,,1011,0.000,2227,570,0
2017/3/28,11:12:15,2.75e4,843089,14.11,,1011,0.000,2260,588,0
2017/3/28,11:12:30,2.73e4,837969,14.11,,1011,0.000,2235,606,0
2017/3/28,11:12:45,2.72e4,833071,14.12,,1011,0.000,2271,567,0
2017/3/28,11:13:00,2.69e4,824153,14.13,,1011,0.000,2275,550,0
2017/3/28,11:13:15,2.66e4,816716,14.13,,1011,0.000,2275,582,0
2017/3/28,11:13:30,2.64e4,809644,14.14,,1011,0.000,2281,560,0
2017/3/28,11:13:45,2.62e4,805109,14.15,,1011,0.000,2282,552,0
2017/3/28,11:14:00,2.59e4,797474,14.15,,1011,0.000,2314,541,0
2017/3/28,11:14:15,2.57e4,789900,14.16,,1011,0.000,2265,559,0
2017/3/28,11:14:30,2.54e4,782285,14.17,,1011,0.000,2250,579,0
2017/3/28,11:14:45,2.52e4,775471,14.18,,1011,0.000,2271,600,0
2017/3/28,11:15:00,2.50e4,770957,14.18,,1011,0.000,2258,579,0
2017/3/28,11:15:15,2.49e4,768524,14.18,,1011,0.000,2232,579,0
2017/3/28,11:15:30,2.46e4,758469,14.2,,1011,0.000,2296,550,0
2017/3/28,11:15:45,2.44e4,753356,14.2,,1011,0.000,2276,552,0
2017/3/28,11:16:00,2.42e4,745932,14.21,,1011,0.000,2257,589,0
2017/3/28,11:16:15,2.40e4,740176,14.21,,1011,0.000,2264,589,0
2017/3/28,11:16:30,2.38e4,736634,14.22,,1011,0.000,2316,554,0
2017/3/28,11:16:45,2.36e4,728541,14.23,,1011,0.000,2272,555,0
2017/3/28,11:17:00,2.33e4,721031,14.23,,1011,0.000,2304,560,0
2017/3/28,11:17:15,2.31e4,715636,14.24,,1011,0.000,2318,538,0
2017/3/28,11:17:30,2.30e4,711662,14.24,,1011,0.000,2336,550,0
2017/3/28,11:17:45,2.27e4,704421,14.25,,1011,0.000,2293,578,0
2017/3/28,11:18:00,2.26e4,700351,14.25,,1011,0.000,2294,568,0
2017/3/28,11:18:15,2.24e4,695113,14.26,,1011,0.000,2301,567,0
2017/3/28,11:18:30,2.23e4,690174,14.27,,1011,0.000,2316,541,0
2017/3/28,11:18:45,2.21e4,684073,14.27,,1011,0.000,2282,583,0
2017/3/28,11:19:00,2.19e4,679934,14.28,,1011,0.000,2322,572,0
2017/3/28,11:19:15,2.17e4,672394,14.28,,1011,0.000,2355,550,0
2017/3/28,11:19:30,2.16e4,671722,14.29,,1011,0.000,2291,581,0
2017/3/28,11:19:45,2.14e4,664315,14.29,,1011,0.000,2288,581,0
2017/3/28,11:20:00,2.11e4,656421,14.3,,1011,0.000,2275,604,0
2017/3/28,11:20:15,2.10e4,653118,14.3,,1011,0.000,2310,584,0
2017/3/28,11:20:30,2.09e4,649132,14.31,,1011,0.000,2333,557,0
2017/3/28,11:20:45,2.06e4,641369,14.32,,1011,0.000,2347,565,0
2017/3/28,11:21:00,2.05e4,637478,14.32,,1011,0.000,2290,584,0
2017/3/28,11:21:15,2.03e4,633219,14.32,,1011,0.000,2329,557,0
2017/3/28,11:21:30,2.01e4,627419,14.33,,1011,0.000,2281,617,0
2017/3/28,11:21:45,2.01e4,624941,14.33,,1011,0.000,2335,565,0
2017/3/28,11:22:00,1.98e4,618581,14.34,,1011,0.000,2308,582,0
2017/3/28,11:22:15,1.96e4,612319,14.35,,1011,0.000,2315,560,0
2017/3/28,11:22:30,1.94e4,606586,14.35,,1011,0.000,2336,560,0
2017/3/28,11:22:45,1.93e4,603662,14.36,,1011,0.000,2346,561,0
2017/3/28,11:23:00,1.92e4,599052,14.36,,1011,0.000,2349,559,0
2017/3/28,11:23:15,1.90e4,593508,14.37,,1011,0.000,2368,541,0
2017/3/28,11:23:30,1.88e4,588522,14.37,,1011,0.000,2327,592,0
2017/3/28,11:23:45,1.87e4,585368,14.37,,1011,0.000,2362,524,0
2017/3/28,11:24:00,1.86e4,580082,14.38,,1011,0.000,2332,537,0
2017/3/28,11:24:15,1.84e4,577067,14.38,,1011,0.000,2353,559,0
2017/3/28,11:24:30,1.83e4,573140,14.39,,1011,0.000,2357,546,0
2017/3/28,11:24:45,1.81e4,567461,14.39,,1011,0.000,2358,545,0
2017/3/28,11:25:00,1.80e4,564074,14.4,,1011,0.000,2338,584,0
2017/3/28,11:25:15,1.78e4,559010,14.4,,1011,0.000,2344,556,0
2017/3/28,11:25:30,1.77e4,554707,14.41,,1011,0.000,2320,601,0
2017/3/28,11:25:45,1.76e4,550565,14.41,,1011,0.000,2384,524,0
2017/3/28,11:26:00,1.74e4,544647,14.42,,1011,0.000,2371,557,0
2017/3/28,11:26:15,1.73e4,543162,14.42,,1011,0.000,2349,562,0
2017/3/28,11:26:30,1.71e4,537443,14.43,,1011,0.000,2395,540,0
2017/3/28,11:26:45,1.70e4,534218,14.43,,1011,0.000,2369,546,0
2017/3/28,11:27:00,1.67e4,523361,14.44,,1011,0.000,2349,574,0
2017/3/28,11:27:15,1.68e4,527645,14.44,,1011,0.000,2391,533,0
2017/3/28,11:27:30,1.67e4,524347,14.44,,1011,0.000,2335,573,0
2017/3/28,11:27:45,1.65e4,519147,14.45,,1011,0.000,2392,521,0
2017/3/28,11:28:00,1.64e4,514937,14.45,,1011,0.000,2380,531,0
2017/3/28,11:28:15,1.62e4,510839,14.45,,1011,0.000,2387,548,0
2017/3/28,11:28:30,1.61e4,507286,14.46,,1011,0.000,2366,570,0
2017/3/28,11:28:45,1.60e4,502011,14.46,,1011,0.000,2375,545,0
2017/3/28,11:29:00,1.59e4,500301,14.46,,1011,0.000,2376,540,0
2017/3/28,11:29:15,1.58e4,497432,14.47,,1011,0.000,2381,540,0
2017/3/28,11:29:30,1.57e4,493595,14.47,,1011,0.000,2376,544,0
2017/3/28,11:29:45,1.56e4,489808,14.48,,1011,0.000,2369,560,0
2017/3/28,11:30:00,1.54e4,485323,14.48,,1011,0.000,2376,546,0
2017/3/28,11:30:15,1.53e4,482587,14.48,,1011,0.000,2381,556,0
2017/3/28,11:30:30,1.52e4,479321,14.49,,1011,0.000,2380,566,0
2017/3/28,11:30:45,1.50e4,473986,14.49,,1011,0.000,2392,551,0
2017/3/28,11:31:00,1.50e4,472752,14.49,,1011,0.000,2364,568,0
2017/3/28,11:31:15,1.48e4,467848,14.5,,1011,0.000,2421,535,0
2017/3/28,11:31:30,1.47e4,464442,14.5,,1011,0.000,2421,538,0
2017/3/28,11:31:45,1.46e4,460561,14.51,,1011,0.000,2376,562,0
2017/3/28,11:32:00,1.45e4,458137,14.51,,1011,0.000,2409,543,0
2017/3/28,11:32:15,1.44e4,454090,14.51,,1011,0.000,2368,555,0
2017/3/28,11:32:30,1.43e4,451482,14.52,,1011,0.000,2426,540,0
2017/3/28,11:32:45,1.42e4,448642,14.52,,1011,0.000,2370,560,0
2017/3/28,11:33:00,1.41e4,444912,14.52,,1011,0.000,2366,577,0
2017/3/28,11:33:15,1.39e4,440980,14.53,,1011,0.000,2387,571,0
2017/3/28,11:33:30,1.39e4,440130,14.53,,1011,0.000,2421,531,0
2017/3/28,11:33:45,1.38e4,436931,14.53,,1011,0.000,2396,550,0
2017/3/28,11:34:00,1.36e4,430539,14.54,,1010,0.000,2379,567,0
2017/3/28,11:34:15,1.36e4,429486,14.54,,1010,0.000,2410,545,0
2017/3/28,11:34:30,1.35e4,428511,14.54,,1010,0.000,2419,524,0
2017/3/28,11:34:45,1.34e4,423628,14.54,,1010,0.000,2399,557,0
2017/3/28,11:35:00,1.32e4,419543,14.55,,1010,0.000,2413,543,0
2017/3/28,11:35:15,1.32e4,418289,14.55,,1010,0.000,2413,524,0
2017/3/28,11:35:30,1.31e4,413804,14.56,,1010,0.000,2415,549,0
2017/3/28,11:35:45,1.30e4,411735,14.56,,1010,0.000,2392,560,0
2017/3/28,11:36:00,1.29e4,408407,14.56,,1010,0.000,2457,494,0
2017/3/28,11:36:15,1.28e4,404872,14.56,,1010,0.000,2406,535,0
2017/3/28,11:36:30,1.27e4,403643,14.57,,1010,0.000,2357,567,0
2017/3/28,11:36:45,1.26e4,399656,14.57,,1010,0.000,2385,554,0
2017/3/28,11:37:00,1.25e4,396522,14.57,,1010,0.000,2445,527,0
2017/3/28,11:37:15,1.25e4,396031,14.57,,1010,0.000,2419,533,0
2017/3/28,11:37:30,1.23e4,391239,14.58,,1010,0.000,2410,561,0
2017/3/28,11:37:45,1.23e4,389198,14.58,,1011,0.000,2410,538,0
2017/3/28,11:38:00,1.22e4,387449,14.58,,1010,0.000,2419,541,0
2017/3/28,11:38:15,1.21e4,384839,14.59,,1011,0.000,2409,546,0
2017/3/28,11:38:30,1.20e4,381847,14.59,,1010,0.000,2402,532,0
2017/3/28,11:38:45,1.19e4,378844,14.59,,1010,0.000,2452,543,0
2017/3/28,11:39:00,1.18e4,374762,14.6,,1010,0.000,2425,544,0
2017/3/28,11:39:15,1.17e4,371512,14.6,,1011,0.000,2440,518,0
2017/3/28,11:39:30,1.16e4,370356,14.6,,1010,0.000,2414,513,0
2017/3/28,11:39:45,1.16e4,369048,14.6,,1011,0.000,2465,500,0
2017/3/28,11:40:00,1.15e4,364898,14.61,,1010,0.000,2449,509,0
2017/3/28,11:40:15,1.14e4,363007,14.61,,1011,0.000,2418,520,0
2017/3/28,11:40:30,1.13e4,359943,14.61,,1011,0.000,2436,549,0
2017/3/28,11:40:45,1.12e4,357635,14.61,,1011,0.000,2412,552,0
2017/3/28,11:41:00,1.12e4,356139,14.62,,1010,0.000,2438,523,0
2017/3/28,11:41:15,1.11e4,352264,14.62,,1011,0.000,2365,578,0
2017/3/28,11:41:30,1.10e4,351214,14.62,,1010,0.000,2415,556,0
2017/3/28,11:41:45,1.09e4,348647,14.62,,1011,0.000,2446,524,0
2017/3/28,11:42:00,1.09e4,346124,14.63,,1010,0.000,2435,534,0
2017/3/28,11:42:15,1.08e4,344083,14.63,,1010,0.000,2442,510,0
2017/3/28,11:42:30,1.07e4,341671,14.63,,1010,0.000,2427,528,0
2017/3/28,11:42:45,1.06e4,338623,14.63,,1010,0.000,2434,512,0
2017/3/28,11:43:00,1.06e4,336699,14.64,,1010,0.000,2421,562,0
2017/3/28,11:43:15,1.05e4,334624,14.64,,1010,0.000,2445,539,0
2017/3/28,11:43:30,1.03e4,328120,14.65,,1010,0.000,2423,532,0
2017/3/28,11:43:45,1.03e4,329189,14.64,,1010,0.000,2406,555,0
2017/3/28,11:44:00,1.03e4,328824,14.65,,1010,0.000,2424,518,0
2017/3/28,11:44:15,1.02e4,325028,14.65,,1011,0.000,2402,567,0
2017/3/28,11:44:30,1.02e4,324294,14.65,,1010,0.000,2408,521,0
2017/3/28,11:44:45,1.01e4,321937,14.65,,1010,0.000,2457,526,0
2017/3/28,11:45:00,1.00e4,319591,14.66,,1011,0.000,2460,540,0
2017/3/28,11:45:15,9.97e3,317258,14.66,,1010,0.000,2424,540,0
2017/3/28,11:45:30,9.87e3,314168,14.66,,1011,0.000,2436,540,0
2017/3/28,11:45:45,9.83e3,312959,14.66,,1011,0.000,2440,539,0
2017/3/28,11:46:00,9.77e3,311120,14.66,,1011,0.000,2470,515,0
2017/3/28,11:46:15,9.64e3,307029,14.67,,1011,0.000,2459,511,0
2017/3/28,11:46:30,9.62e3,306520,14.67,,1011,0.000,2412,568,0
2017/3/28,11:46:45,9.54e3,303834,14.67,,1011,0.000,2416,552,0
2017/3/28,11:47:00,9.45e3,301164,14.67,,1010,0.000,2447,532,0
