Sample File	D:\OlinCollege\All_data\OlinCollege\Sham!\High 2.S80
Classifier Model	3080
DMA Model	3085
DMA Inner Radius(cm)	0.00937
DMA Outer Radius(cm)	0.01905
DMA Characteristic Length(cm)	0.04987
CPC Model	3775 Low Flow
Gas Viscosity (kg/(m*s))	1.822e-005
Mean Free Path (m)	6.642e-008
Channels/Decade	64
Multiple Charge Correction	TRUE
Nanoparticle Aggregate Mobility Analysis	FALSE
Diffusion Correction	TRUE
Gas Density	0.0012
Units	dw/dlogDp
Weight	Number
Sample #	1	2	3	4	5	6	7	8	9	10	11	12	13	14	15	16	17	18	19	20	21	22	23	24	25
Date	03/29/17	03/29/17	03/29/17	03/29/17	03/29/17	03/29/17	03/29/17	03/29/17	03/29/17	03/29/17	03/29/17	03/29/17	03/29/17	03/29/17	03/29/17	03/29/17	03/29/17	03/29/17	03/29/17	03/29/17	03/29/17	03/29/17	03/29/17	03/29/17	03/29/17
Start Time	13:50:22	13:55:26	14:00:26	14:05:26	14:10:26	14:15:26	14:20:26	14:25:26	14:30:26	14:35:26	14:40:26	14:45:26	14:50:26	14:55:26	15:00:26	15:05:26	15:10:26	15:15:26	15:20:26	15:25:26	15:30:26	15:35:26	15:40:26	15:45:26	15:50:26
Diameter Midpoint
7.10	109482	83714.4	74764.3	73390.8	64093.1	66057.7	71895.5	92829.5	65853.5	52865.2	59668.1	103236	116672	107313	94855	69109.1	89430.5	93651.3	61897.8	79576.1	71834.6	73329.9	75090.3	49874.6	62658.7
7.37	89892.1	52609.6	54552.9	68324.7	59627.6	61736	51831.9	53100.6	47248.3	56640.5	63474.9	75957.5	86905	75691.4	85902.4	71864.6	68590.8	65275.8	79517.8	65787.3	61203.7	59668.9	60446.5	55371.8	65009.7
7.64	60705.2	68770.7	53347.6	62872.3	54431.2	61106.8	50122.9	55287.4	51485.7	41175.2	48786.1	78216.5	93718.5	63203.5	63404.9	65520	61491	54002.5	55794	56624.3	45561.4	51206.5	51180.5	44679.2	52893
7.91	56185.6	61793.6	53620.6	41500.4	41736.7	35906.4	34287.9	44765.7	45276.2	30530.4	36606.8	82522.7	61343.7	67666.1	60661.7	59696.9	45058.3	53871	41532.8	59228.6	37553.2	25669.2	38007.4	34742.1	35906.4
8.20	52720.1	56146.4	49699.6	34542.5	35747.5	39183.3	30718.9	38983.3	40794.1	37567.8	32114.4	60185.2	68479.2	49699.6	49685.3	45450.2	50693.1	41802.9	41612.4	50496.8	31105.6	30900.9	32722.2	23831	30297.9
8.51	37892.4	42305.5	47582.1	37897.9	31377.3	36841.4	41587	38777.2	31379.9	33666.9	27674.7	59405.7	49697.5	46523	44949.3	37364.3	44069.8	29087.5	29076.8	37189.9	28025.8	31200.3	38426.1	26972.1	23972
8.82	43108	40937.2	32737.4	21918.2	32590.7	24416.3	26101.2	28890.1	28890.1	25313.4	27653.8	41693.6	45247.4	46354	36136	39683.9	36917.8	31518	26581.1	24540.1	35528.8	27475.8	32582.2	27809	27662.3
9.14	30692.6	29047	31718.7	30978.5	32508	21454.8	31419.7	27195.5	25679	20394	30576.5	34542.5	38895.9	37650.8	39917.3	36835.2	34720.8	27623.6	31678	33338.1	26094	30617.2	23128	16312	19822.3
9.47	29278.8	31276.9	24282.9	26161.3	22251.2	23026.8	23129.6	22647.4	20133.5	24817.5	26006.1	46035.1	27366.8	29949.9	35824.2	23406.2	33000.1	27968.6	26591.2	20632.5	20615.7	17739.2	19357.9	19271.9	17412.2
9.82	28554.7	23430.2	20842.2	29610.8	19128.3	20490.2	17289.1	17547.6	18517.8	23895.6	19185	26668.2	26602.1	27362.9	31724	22002.3	23802	22879	22669.5	17680.7	17062.4	19337.9	23413.1	18574.5	19165.3
 10.2	22381.6	24032.3	20350.2	13505.6	25306.2	18845.1	15134.2	15314.9	17485.5	23604.6	18113.2	29913.7	29834.5	20993.5	21874.6	21709.6	22194.5	19814.6	21782.5	19453.4	16515.9	13369.2	15010.8	22419.4	12992.2
 10.6	22230.8	15113.7	17859	22968.3	12728.7	18180.4	17198.3	12013.6	17198.3	17121.4	16038.4	23337.9	22677.2	19553	26677.9	22648.4	21278.9	14766.7	18548.4	14451.5	17860.5	14106	16460.7	12042.4	11986.5
 10.9	20643.1	16074.3	16340.9	16648.7	12960.7	13864.2	12628.7	10440	12034.4	9869.8	19431.8	23973.6	21855.9	16031.6	26256.2	15437.3	19451.7	12008.9	11725.2	14479.9	11106.7	13268.5	15743.8	14790.5	13248.6
 11.3	16789.4	15326.2	15649.4	16159.9	13160.3	14300.3	14859.4	16412.6	10923.9	12734.9	12343.5	22725.2	18622.2	19563	14837.5	20938.8	14740.3	14762.2	12042.1	14203.1	12321.7	13160.3	10644.4	13182.1	12902.6
 11.8	18658.6	15616.8	13588.8	15153.8	13181.4	12497	14051.8	10888.6	11081.7	9257.82	10393.1	17898.2	12960.6	18802.3	12530.8	15435.1	12183.8	16277.6	11842.2	14068.1	9307.28	8365.14	10321.2	7714.52	11626.7
 12.2	13993.5	14539.8	13763.2	11783.9	9486.59	12369.1	11690.1	12244.6	10430.4	10177.6	8428.68	16484.4	14497	14093.3	12108	13237.2	15173.7	11453.8	8493.94	12395.5	10200.1	9213.45	9969.72	7731.62	10805.6
 12.6	11395.1	12464.1	12867.4	9951.94	12351.2	10478.1	9922.79	11213.9	9847.11	8565.25	10162.3	13250.8	14185.9	12427.5	11988.8	12140.9	10066.7	11844.9	10888.8	13028.7	9675.2	8183.68	6711.37	8298.45	7618.43
 13.1	10917.7	10753.2	12055.2	9713.84	11448.7	7418.24	10339.4	9077.65	6589.29	9578.96	9328.3	14052.9	13644.7	12978.8	10139.6	14475.1	11015.9	11892.2	10050.6	9000.65	9252.81	9270.42	7593.4	9917.19	6033.66
 13.6	10599.7	8926.61	12383.8	8495.65	9447.92	8603.34	8349.05	8502.72	8303.07	8066.29	9732.28	14949	12283.2	8642.25	9702.22	8349.05	10961.8	9702.22	9320.43	9456.59	8349.05	7112.42	6352.73	8589.2	5776.77
 14.1	7423.37	8230.57	7603.74	7036.18	9897.73	8260.84	8848.2	9193.24	8251.65	7552.38	11409.6	13323	12396	10092.7	11721.6	7561.58	7975.08	10606.2	8209.49	9193.24	9829.26	9010.18	6598.91	5422.91	5660.01
 14.6	7056.61	9053.36	8082.1	8325.69	7384.87	9083.79	8019.41	7197.07	7972.07	5190.03	9775.96	11500.2	8758.92	10475	9022.93	8418.82	8686.21	7445.73	6741.87	7533.78	7266.38	6044.64	5542.1	6623.39	5032.67
 15.1	5550.66	7680.75	7681.56	6992.63	6819.89	6814.57	5887.15	6096.65	5168.41	7676.25	10673.3	9842.27	9914.15	7550.06	7161.69	7920.87	9404.09	7915.56	4862.54	7237.25	5265.6	7024.07	6438.46	6335.96	6508.7
 15.7	6857.37	6417	7851.82	5198.1	5994.73	5945.71	5364.99	6583.9	5809.64	4924.62	7851.82	9972.61	7847.55	7689.09	6804.08	6958.36	7275.37	7151.9	5673.56	4912.01	6834.9	6421.17	4885.27	5329.91	5334.18
 16.3	6609.69	6778.35	5391.56	6489.5	4154.27	7577.27	4914.08	4970.71	5982.7	4615.05	7640.82	9058.18	9252.09	8150.89	7614.75	7168.24	5389.93	5152.82	5219.63	4204.39	4678.6	6424.32	4594.27	5541.07	4647.64
 16.8	6635.6	6337.33	5591.87	5622.93	4296.5	4461	4631.9	5070	5674.12	3717.05	7440.16	8808.68	7075.22	7246.11	5941.32	5313.72	6505.2	5483.1	3717.05	5313.72	4931.68	3637.83	6003.45	4600.83	3746.6
 17.5	5667.79	5449.07	5112.86	3644.96	4909.06	5140.43	4365.13	6878.4	4479.01	4554.32	9858.33	7282.7	7063.98	7479.12	6635.89	6035.17	5232.31	6744.34	4539.71	3580.64	5259.88	5114.82	3994.13	3878.29	4497.54
 18.1	4691.64	4495.74	5168.49	4976.27	4968.62	4035.13	3428.59	4838.94	4911.43	5189.79	6719.85	8312.45	5780.08	6119.6	4485.77	4060.12	6098.29	5778.7	6108.26	4324.83	5501.73	5120.98	4787.74	3822.99	4169.87
 18.8	5033.36	5496.14	4550.06	4752.14	4351.37	4171.34	4875.37	3515.81	4313.24	2836.4	7566.49	7452.59	6144.91	6091.49	5213.39	5549.56	5284.74	5183.55	4509.36	5222.72	4267.31	4950.83	3389.2	4032.02	2939.12
 19.5	5497.7	4548.46	5455.54	3778.84	5318.99	3598.4	4262.93	3860.71	3945.94	3281.41	7080.93	6070.49	4113.96	4810.77	4926.65	5624.37	4718.11	4980.51	4664.34	4303.46	5054.14	3493.31	4390.42	2850.27	4611.39
 20.2	4267.31	3395.42	4010.88	3426.96	2950.15	4010.88	3585.48	4039.96	3106.22	2899.97	6487.91	4603.01	6655.65	5008.53	5041.3	4244.99	3651.85	3961.93	4454.92	3168.07	3140.21	2743.9	3108.68	3028.18	3057.27
 20.9	4821.03	4717.15	4140.61	3105.8	5004.42	2211.04	3328.82	3801.25	3043.98	2935.7	6671.08	6240.88	4548.54	4707.64	4596.97	3896.51	3551.06	3629.71	3602.61	3444.12	3891.76	3403.19	2925.62	2968.38	2852.37
 21.7	4184.86	3746.95	3558.43	3275.2	3366.22	3056	2592.74	3260.82	3703.51	3729.19	5028.96	4867.45	5414.36	5432.88	4672.77	3096.58	5035.03	3900.12	3934.42	2961.79	2748.18	3223.93	2272.91	2359.6	2686.04
 22.5	4083.01	3961.71	3789.66	3421.69	2480.36	3236.43	2898.72	2734.83	3130.51	2563.74	5640.63	3697.74	4014.85	5066.33	4029	3430.9	2592.46	3083.34	3245.9	3451.2	2918.92	3321.01	2853.55	3066.84	2510.66
 23.3	3731.81	3124.39	3569.61	3126.18	2933.83	3230.4	2918.2	2335.14	2507.34	2544.64	4135.04	5425.84	4595.37	3474.75	3411.15	2895.03	3441.69	3714.17	3016.52	2355.43	3095.38	3507.75	2590.72	2470.21	2796.62
 24.1	4347.8	3268.94	3457.34	2512.65	2229.8	2398.11	2727.47	2607.72	2198.65	2183.44	4631.72	4203.27	3929.54	3222.81	3763.31	2916.52	3478.41	2354.83	2759.42	2671.25	2789.79	3175.45	2256.46	2286.44	2139.85
 25.0	2854.41	2806.36	3458.31	2957.85	3152.2	2479.83	2147	2429.98	2456.33	1917.46	4407.79	4101.13	4139.62	3176.53	3192.95	2807.43	3320.71	2454.95	2399.25	2412.79	2372.35	2684.83	1899.52	2191.99	2352.79
 25.9	2791.62	3073.31	2958.04	2818.21	2384.86	2273.29	2781.86	2645.29	2308.7	2696.53	4682.39	4233	3608.08	3638.49	3373.43	2807.91	2969	2232.21	2474.57	2318.82	1467.28	2018.38	2318.46	1849.4	2362.63
 26.9	3215.36	2285.38	2901.72	2741.64	1528.13	2857.74	1892.41	2006.62	1919.4	2285.26	4105.43	2914.74	3280.21	3033.63	2350.61	2644.43	2550.58	2582.39	2564.56	3047.59	2345.16	3283.72	2133.11	2162.5	2049.81
 27.9	2587.18	2357.06	3239.02	2062.55	1929.53	2633.83	2012.34	2138.61	1546.92	2447.73	3677.76	3622.01	3197.64	3600.29	1748.45	2101.79	2720.06	1878.11	2150.94	2007.25	2525.13	2376.82	1367.93	1411.16	1918.43
 28.9	2751.86	2387.91	1919.79	1976.36	1883.64	2760.41	1919.81	2646.3	1853.23	1665.82	3161.83	3178.97	2733.53	2747.77	2346.37	2475.75	2548.24	2260.32	1866.12	1809.52	2180.17	1647.6	2001.22	2272.36	1455.3
 30.0	2476.28	2219.04	2534.06	1809.42	2355.49	1938.43	1849.35	1469.83	1791.59	1780.03	3363.19	2852.15	3106.33	2432.4	3194.8	2552.98	2716.28	2403.9	2063.33	2097.74	1882.89	1860.93	1774.28	1786.32	1853.21
 31.1	2238.23	1753.07	1925.38	2104.93	2753.42	2160.48	1810.53	1945.39	1586.94	1930.83	3123.42	2961.47	2452.66	2767.37	1892.65	2454.48	2236.41	1990.39	2280.48	2151.02	1847.11	1860.92	1281.05	1727.37	1313.86
 32.2	2462.52	2022.22	1787.64	2064.83	1768.34	1766.83	2006.43	1869.08	1855.08	1769.54	2486.96	3301.85	2593.41	2870.87	2214.99	1674.75	2084.64	2165.75	1800.6	1350.51	1664.23	1840.58	1665.25	1154.75	1456.76
 33.4	2124.64	1866.34	1730.39	1371.52	1717.17	1643.96	1652.33	1662.75	1654.05	1746.49	2979.47	2175.37	2085.49	2656.21	1891.57	1702.58	1931.96	2313.27	2245.87	1468.28	2132.07	1734	1009.79	1579.25	1578.37
 34.6	2218.43	1885.42	1822.78	1862.57	1678.98	1684.73	1608.54	2064.15	1224.12	1508.74	3155.33	2888.77	2517.11	2458.77	2083.74	1948.2	1661.41	2008.18	2027.15	1926.69	1434.77	1301.23	1578.35	1833.08	1243.27
 35.9	1979.22	1967.98	1837.42	1630.4	1105.84	1358.11	1731.97	1506.02	1337.03	1071.46	2337.26	2244.82	1989.53	1787.34	2061.84	1952	1999.97	1804.25	1470.68	1875.99	1613.12	1458.34	1437.49	1169.85	1097.07
 37.2	1712.76	2266.42	1826.03	1933.47	1536.44	1374.53	1302.68	1264.16	1659.84	1344.72	2815.5	2256.99	1936.9	1611.01	2081.93	1899.76	1806.89	1702.94	1694.46	1618.46	1498.34	1427.28	881.427	1428.88	1149.52
 38.5	1154.83	1444.72	1665.56	1358.8	1392.61	1349.67	1095.3	1311	1154.69	764.811	2313.88	1803.79	1775.32	1801.43	1566.09	1514.86	1283.64	1518.93	1518.27	1345.37	1163.42	1534.99	1087.55	1547.95	1347.44
 40.0	1540.19	1313.29	1491.81	1303.54	1682.13	1730.33	1682.86	929.038	1451.08	961.707	2104.81	1961.13	1608.66	1824.55	2020.4	1633.84	1582.63	1439.93	1366.65	1347.27	1544.64	1198.07	1079.59	1068.18	994.172
 41.4	1535.18	1379.13	1275.99	1592.03	1540.52	1201.81	1733.74	1463.64	980.495	1273.22	2207.94	1851.15	1836.16	2249.36	2039.79	1540.3	1733.23	1466	1159.49	1216.45	1255.77	1086.91	1059.01	1291.78	1918.22
 42.9	1581.58	1457.44	1311.47	1315.27	1149.03	1276.26	1146.26	1022.78	933.66	945.8	2071.66	1641.9	1864.98	1412.04	1801.32	1610.64	1529.93	1365.04	1271.62	1223.29	1663.53	1056.12	1414.82	1050.66	1116.57
 44.5	1395.07	1628.53	985.129	848.149	1303.83	1109.96	771.896	907.824	796.436	1112.76	2115.02	2148.1	1420.18	1680.41	1233.55	1563.56	1035.13	1250.96	1169.37	924.944	1143.29	1148.46	1108.02	810.526	1026.35
 46.1	1545.2	1243.34	1309.44	1233.25	1143.65	1105.39	1176.97	1345.01	1149.2	949.922	1848.12	1431.27	2078.78	1465.13	1162.05	1325.55	1332.15	1095.7	1315.91	1233.11	1060.88	1269.56	763.641	984.262	1114.32
 47.8	1561.55	1185.96	1064.47	1249.11	1358.74	1215.61	994.42	871.088	940.591	1253.87	1791.37	1678.22	1413.13	1623.81	1400.16	1463.53	1361.68	868.924	1165.08	678.69	1042.34	846.258	1060.57	855.991	940.317
 49.6	1024.15	1320.69	962.498	1233.03	1144.48	942.568	1052.17	1158.93	979.451	1087.8	1677.71	1819.53	1430.05	1240.57	1241.18	1379.89	1261.82	886.077	1380.66	1151.54	1014.09	851.88	1047	872.428	1033.29
 51.4	1033.38	1284.84	998.916	1432.14	1167.49	1273.59	934.621	1095.06	760.334	1058.52	1803.46	1629.02	1590.87	1280.28	1371.27	1145.1	951.275	1135.1	1086.2	1130.1	980.881	1033.78	925.309	813.233	766.537
 53.3	1200.26	1177.57	864.812	1291.78	943.805	708.418	752.951	993.748	1007.6	805.416	1600.96	1711.8	1465.37	1313.1	1266.12	1138.73	931.12	1051.82	1110.37	938.863	778.271	958.454	742.515	762.678	727.184
 55.2	1483.94	1045.19	1171.03	1006.12	1061.81	863.766	1178.78	933.644	913.168	1059.29	1801.63	1698.14	1584.8	1270.82	1435.49	1046.49	1246.13	1077.1	1060.53	896.393	744.323	970.618	874.501	982.642	979.659
 57.3	1102.22	1503.02	1047.92	1124.87	1009.97	834.767	942.183	664.146	755.642	678.232	1406.81	1374.49	1666.85	1211.72	1298	1192.87	1083.23	933.586	1002.73	810.477	1223.25	804.52	743.589	974.473	669.596
 59.4	1321.41	990.009	1061.38	1016.58	969.117	640.475	903.983	949.845	914.437	852.947	1457.85	1322.86	958.072	856.582	1262.49	1023.29	987.456	838.011	970.466	829.13	891.686	857.298	615.344	767.56	730.746
 61.5	1129.41	972.679	1252.13	1158.08	633.606	960.492	659.083	861.643	916.581	707.711	1378.36	1497.79	1192.26	1203.71	921.822	956.88	794.149	911.138	1133.18	732.872	568.927	847.575	954.154	703.175	623.89
 63.8	1143.65	783.667	926.237	921.081	921.151	660.86	771.26	873.156	688.249	622.312	1354.68	1315.26	1582.84	1169.86	1183.42	983.469	889.851	880.667	734.133	880.396	718.276	761.961	859.273	569.16	471.948
 66.1	728.65	962.26	875.234	863.426	920.565	823.585	900.403	715.072	623.796	544.891	1402.56	1292.3	1257.85	1077.88	1288.38	1040.38	967.485	904.296	598.525	974.53	1053.75	618.074	912.544	771.385	735.913
 68.5	809.317	871.23	1135.7	1218.2	842.827	672.857	679.07	900.333	719.088	675.329	1269.67	1248.48	1130.12	892.302	866.525	896.967	908.41	1157.23	627.463	804.888	680.111	711.368	570.759	619.178	583.653
 71.0	1222.38	891.125	676.747	625.1	763.255	668.272	583.769	779.508	524.08	526.754	1242.28	1164.21	1075.22	661.961	1111.29	961.636	688.278	766.31	794.749	818.899	658.886	623.601	702.579	596.457	568.688
 73.7	687.708	724.063	814.233	701.129	693.287	872.381	589.947	591.733	538.442	605.463	1296.77	1049.17	1115.67	1101.76	789.897	944.045	850.166	680.758	659.722	826.241	815.827	609.928	649.29	569.512	636.505
 76.4	902.698	599.098	710.449	586.365	766.798	665.298	715.52	574.011	716.736	703.451	1287.38	865.337	823.295	414.276	782.361	632.295	1029.43	461.665	736.888	587.886	698.29	638.197	633.453	394.051	456.124
 79.1	771.764	795.33	577.598	584.174	361.803	580.498	573.304	514.74	573.661	677.528	1270.96	919.867	785.89	667.649	660.253	942.254	777.119	604.774	716.969	737.921	622.193	452.424	478.318	762.036	481.576
 82.0	661.74	556.797	778.752	585.899	511.199	461.867	413.003	294.141	587.276	691.393	722.684	1078.71	1013.6	875.236	858.932	733.73	595.89	737.595	596.957	526.944	621.289	444.807	422.206	770.568	752.46
 85.1	821.106	646.582	765.529	450.637	637.829	762.669	406.722	548.952	338.16	506.489	825.106	903.074	946.008	892.559	667.063	933.452	688.34	565.175	587.352	742.813	470.543	650.995	633.537	396.085	483.953
 88.2	724.531	634.681	718.649	655.708	789.83	492.319	657.261	364.669	587.002	240.874	913.977	843.883	927.176	892.651	687.938	770.799	596.47	586.444	548.336	635.671	577.624	575.637	414.46	493.346	575.159
 91.4	699.892	769.195	733.669	663.763	491.257	576.092	563.441	388.346	589.489	483.228	1089.22	825.964	571.657	813.109	852.785	708.524	735.371	675.39	644.805	454.574	592.018	450.674	621.277	431.079	324.538
 94.7	629.777	799.408	534.071	580.443	512.832	400.503	642.083	719.869	456.555	372.51	1117.9	739.595	628.252	685.982	635.063	726.811	763.436	375.14	539.287	632.013	566.576	417.883	467.712	784.294	628.542
 98.2	850.99	494.258	711.737	378.64	470.872	498.546	806.653	668.023	748.822	645.986	742.909	726.934	862.074	662.648	664.928	594.577	444.999	561.475	662.102	404.41	443.911	392.753	361.447	537.22	516.63
101.8	401.396	553.887	392.555	394.889	507.152	379.245	699.377	647.904	407.761	461.681	1086.71	831.157	758.661	914.201	752.178	435.141	633.705	566.444	506.876	481.954	698.117	387.54	638.617	472.15	340.803
105.5	764.166	708.126	599.202	563.046	567.919	765.021	548.759	635.486	631.436	464.033	1124.23	1038.28	944.326	834.361	460.345	625.264	811.599	767.226	612.205	727.727	762.191	649.957	287.445	504.257	572.368
109.4	810.021	956.025	733.302	891.753	532.11	592.049	761.931	630.372	539.291	719.19	1256.06	1126.67	1013.71	1030.74	774.21	762.015	632.79	676.032	841.33	781.475	623.191	582.366	663.932	522.512	548.723
113.4	659.103	739.63	761.667	959.859	451.062	852.118	434.489	711.517	661.224	565.527	942.855	1257.7	1181.42	1059.73	725.97	749.84	859.559	649.253	618.372	635.089	718.672	470.043	460.768	425.07	601.799
117.6	653.285	755.791	750.112	759.998	743.964	631.953	773.384	690.487	541.819	615.374	1109.56	875.89	1004.48	841.641	1031.41	908.667	653.83	767.236	693.986	587.818	700.374	691.578	703.873	613.433	563.696
121.9	853.926	741.227	602.386	660.096	446.081	617.431	574.767	696.322	581.436	500.305	1171.73	1154.5	903.49	863.244	1038.85	962.907	633.722	759.225	771.014	828.724	582.912	738.275	628.99	564.684	545.21
126.3	588.865	849.382	773.355	811.121	596.64	759.77	619.411	765.579	477.52	436.812	1219.83	1101.76	951.121	549.133	825.696	809.23	646.459	689.553	687.662	669.724	947.264	848.467	585.008	507.51	504.148
131.0	822.569	691.528	651.887	662.547	603.178	651.278	579.95	658.702	443.156	596.894	1022.84	1083.27	1035.14	826.679	816.284	651.887	826.679	422.368	559.957	658.437	793.322	498.149	498.68	704.175	531.241
135.8	732.676	579.049	818.914	536.062	625.086	742.409	543.803	608.724	621.772	720.211	953.128	821.171	1008.58	723.261	838.062	975.326	623.974	756.25	690.801	641.713	563.216	653.914	415.16	459.735	572.949
140.7	925.605	620.319	721.127	785.377	597.871	820.628	718.072	472.233	531.732	728.403	1016.72	821.845	981.466	823.683	1003.97	994.217	771.991	820.046	652.515	668.904	784.212	656.684	643.984	322.309	622.792
145.9	738.064	670.95	528.27	678.64	832.168	700.143	640.317	529.71	585.214	665.865	1002.2	1098.91	847.908	962.837	765.816	539.603	620.254	754.483	541.807	574.644	670.95	676.035	712.917	483.06	510.411
151.2	743.13	806.478	972.355	585.854	809.332	728.194	529.569	585.126	646.328	405.748	1045.62	967.337	830.015	983.001	937.463	646.328	720.422	763.086	660.555	549.525	506.133	755.921	459.058	555.253	486.178
156.8	1111.32	683.423	704.443	679.526	855.072	579.756	550.533	595.546	586.318	702.494	1051.23	1211.7	733.666	741.154	648.97	711.006	725.155	669.682	737.564	766.787	605.389	507.877	659.122	534.843	510.542
Scan Up Time(s)	240	240	240	240	240	240	240	240	240	240	240	240	240	240	240	240	240	240	240	240	240	240	240	240	240
Retrace Time(s)	60	60	60	60	60	60	60	60	60	60	60	60	60	60	60	60	60	60	60	60	60	60	60	60	60
Down Scan First	FALSE	FALSE	FALSE	FALSE	FALSE	FALSE	FALSE	FALSE	FALSE	FALSE	FALSE	FALSE	FALSE	FALSE	FALSE	FALSE	FALSE	FALSE	FALSE	FALSE	FALSE	FALSE	FALSE	FALSE	FALSE
Scans Per Sample	1	1	1	1	1	1	1	1	1	1	1	1	1	1	1	1	1	1	1	1	1	1	1	1	1
Impactor Type(cm)	0.071	0.071	0.071	0.071	0.071	0.071	0.071	0.071	0.071	0.071	0.071	0.071	0.071	0.071	0.071	0.071	0.071	0.071	0.071	0.071	0.071	0.071	0.071	0.071	0.071
Sheath Flow(lpm)	3	3	3	3	3	3	3	3	3	3	3	3	3	3	3	3	3	3	3	3	3	3	3	3	3
Aerosol Flow(lpm)	0.3	0.3	0.3	0.3	0.3	0.3	0.3	0.3	0.3	0.3	0.3	0.3	0.3	0.3	0.3	0.3	0.3	0.3	0.3	0.3	0.3	0.3	0.3	0.3	0.3
CPC Inlet Flow(lpm)	0.3	0.3	0.3	0.3	0.3	0.3	0.3	0.3	0.3	0.3	0.3	0.3	0.3	0.3	0.3	0.3	0.3	0.3	0.3	0.3	0.3	0.3	0.3	0.3	0.3
CPC Sample Flow(lpm)	0.3	0.3	0.3	0.3	0.3	0.3	0.3	0.3	0.3	0.3	0.3	0.3	0.3	0.3	0.3	0.3	0.3	0.3	0.3	0.3	0.3	0.3	0.3	0.3	0.3
Low Voltage	25.5554	25.5554	25.5554	25.5554	25.5554	25.5554	25.5554	25.5554	25.5554	25.5554	25.5554	25.5554	25.5554	25.5554	25.5554	25.5554	25.5554	25.5554	25.5554	25.5554	25.5554	25.5554	25.5554	25.5554	25.5554
High Voltage	9357.87	9357.87	9357.87	9357.87	9357.87	9357.87	9357.87	9357.87	9357.87	9357.87	9357.87	9357.87	9357.87	9357.87	9357.87	9357.87	9357.87	9357.87	9357.87	9357.87	9357.87	9357.87	9357.87	9357.87	9357.87
Lower Size(nm)	6.97831	6.97831	6.97831	6.97831	6.97831	6.97831	6.97831	6.97831	6.97831	6.97831	6.97831	6.97831	6.97831	6.97831	6.97831	6.97831	6.97831	6.97831	6.97831	6.97831	6.97831	6.97831	6.97831	6.97831	6.97831
Upper Size(nm)	159.634	159.634	159.634	159.634	159.634	159.634	159.634	159.634	159.634	159.634	159.634	159.634	159.634	159.634	159.634	159.634	159.634	159.634	159.634	159.634	159.634	159.634	159.634	159.634	159.634
Density(g/cc)	1.2	1.2	1.2	1.2	1.2	1.2	1.2	1.2	1.2	1.2	1.2	1.2	1.2	1.2	1.2	1.2	1.2	1.2	1.2	1.2	1.2	1.2	1.2	1.2	1.2
Title																									
Status Flag	Normal Scan	Normal Scan	Normal Scan	Normal Scan	Normal Scan	Normal Scan	Normal Scan	Normal Scan	Normal Scan	Normal Scan	Normal Scan	Normal Scan	Normal Scan	Normal Scan	Normal Scan	Normal Scan	Normal Scan	Normal Scan	Normal Scan	Normal Scan	Normal Scan	Normal Scan	Normal Scan	Normal Scan	Normal Scan
td(s)	2.93	2.93	2.93	2.93	2.93	2.93	2.93	2.93	2.93	2.93	2.93	2.93	2.93	2.93	2.93	2.93	2.93	2.93	2.93	2.93	2.93	2.93	2.93	2.93	2.93
tf(s)	0.783657	0.783657	0.783657	0.783657	0.783657	0.783657	0.783657	0.783657	0.783657	0.783657	0.783657	0.783657	0.783657	0.783657	0.783657	0.783657	0.783657	0.783657	0.783657	0.783657	0.783657	0.783657	0.783657	0.783657	0.783657
D50(nm)	1284.41	1284.41	1284.41	1284.41	1284.41	1284.41	1284.41	1284.41	1284.41	1284.41	1284.41	1284.41	1284.41	1284.41	1284.41	1284.41	1284.41	1284.41	1284.41	1284.41	1284.41	1284.41	1284.41	1284.41	1284.41
Median(nm)	8.76153	8.8262	8.94821	9.01363	9.02164	8.91733	9.01043	8.71566	8.87557	9.11761	9.60637	8.94004	8.69541	8.83935	8.90435	8.93521	8.91565	8.87023	8.94043	8.65218	8.93606	8.94561	8.73873	9.065	8.76113
Mean(nm)	13.6624	13.7956	14.1149	14.0412	14.1661	14.1581	14.1167	13.7402	13.8889	14.1732	16.8963	14.169	13.7861	13.9321	13.8085	14.0761	13.7742	13.8869	14.0782	13.64	14.3889	14.229	13.5996	14.277	13.8703
Geo. Mean(nm)	10.7077	10.8437	11.042	10.9416	11.0482	11.0059	11.0157	10.774	10.9051	11.0611	12.4327	11.0312	10.7627	10.8912	10.809	10.9702	10.8542	10.8755	10.9487	10.705	11.0889	11.0371	10.6777	11.1226	10.8146
Mode(nm)	7.10497	7.10497	7.10497	7.10497	7.10497	7.10497	7.10497	7.10497	7.10497	7.36525	7.36525	7.10497	7.10497	7.10497	7.10497	7.36525	7.10497	7.10497	7.36525	7.10497	7.10497	7.10497	7.10497	7.36525	7.36525
Geo. Std. Dev.	1.73568	1.73277	1.74706	1.75236	1.75317	1.75764	1.75199	1.73912	1.73724	1.74929	1.91654	1.75516	1.74517	1.74746	1.73813	1.75037	1.72995	1.74342	1.75831	1.73071	1.77852	1.76753	1.72907	1.76026	1.75116
Total Concentration(#/cm³)	13141.6	12082.8	11349.9	10742.9	10121.4	10017.3	9675.37	10272.4	9424.11	8949.88	10917.9	15505.8	15053.6	13629.6	13349.1	11978	12154.9	11202.2	10401.2	10869.6	9565.02	9269.32	9495.34	8361.82	8733.23
Comment																									
