TSI CPC DATA VERSION 3
1490702240,2017/3/28,11:57:20
15
1.08,130
Model 3783 Ver 1.27 S/N 3783111302
"Date","Time","Concentration","Count"," Live-Time","Blank","Abs Press"," Analog In","Pulse Height"," Pulse STD","Status Flags"
2017/3/28,11:57:15,5.43e3,174764,14.81,,1010,0.000,2526,488,0
2017/3/28,11:57:30,5.41e3,174130,14.81,,1010,0.000,2506,510,0
2017/3/28,11:57:45,5.52e3,177624,14.8,,1010,0.000,2478,518,0
2017/3/28,11:58:00,5.51e3,177389,14.81,,1010,0.000,2508,511,0
2017/3/28,11:58:15,5.47e3,176194,14.81,,1010,0.000,2485,509,0
2017/3/28,11:58:30,5.55e3,178744,14.8,,1010,0.000,2495,512,0
2017/3/28,11:58:45,5.49e3,176606,14.81,,1010,0.000,2478,523,0
2017/3/28,11:59:00,5.43e3,174692,14.81,,1010,0.000,2528,473,0
2017/3/28,11:59:15,5.39e3,173635,14.81,,1010,0.000,2498,496,0
2017/3/28,11:59:30,5.40e3,173854,14.81,,1010,0.000,2504,493,0
2017/3/28,11:59:45,5.41e3,174142,14.81,,1010,0.000,2474,538,0
2017/3/28,12:00:00,5.30e3,170832,14.81,,1010,0.000,2481,513,0
2017/3/28,12:00:15,5.32e3,171194,14.81,,1010,0.000,2496,510,0
2017/3/28,12:00:30,5.37e3,173058,14.81,,1010,0.000,2482,512,0
2017/3/28,12:00:45,5.27e3,169608,14.81,,1010,0.000,2513,504,0
2017/3/28,12:01:00,5.22e3,168017,14.82,,1010,0.000,2520,478,0
2017/3/28,12:01:15,5.09e3,164038,14.82,,1010,0.000,2454,546,0
2017/3/28,12:01:30,4.97e3,160160,14.82,,1010,0.000,2482,516,0
2017/3/28,12:01:45,4.88e3,157388,14.83,,1010,0.000,2515,498,0
2017/3/28,12:02:00,4.84e3,156040,14.83,,1010,0.000,2507,516,0
2017/3/28,12:02:15,4.73e3,152688,14.83,,1010,0.000,2529,485,0
2017/3/28,12:02:30,4.85e3,156431,14.83,,1010,0.000,2485,520,0
2017/3/28,12:02:45,6.01e3,192907,14.79,,1010,0.000,2470,511,0
2017/3/28,12:03:00,2.04e4,623210,14.35,,1010,0.000,2369,529,0
2017/3/28,12:03:15,4.27e4,1266879,13.71,,1010,0.000,2186,485,0
2017/3/28,12:03:30,4.39e4,1300175,13.68,,1010,0.000,2142,515,0
2017/3/28,12:03:45,8.19e4,2228650,12.7,,1010,0.000,1925,509,0
2017/3/28,12:04:00,7.70e4,2108655,12.83,,1010,0.000,1968,515,0
2017/3/28,12:04:15,1.03e5,2675346,12.2,,1010,0.000,1898,489,0
2017/3/28,12:04:30,2.16e5,4558373,9.778,,1010,0.000,1633,540,0
2017/3/28,12:04:45,2.03e5,4400098,10.02,,1010,0.000,1645,526,0
2017/3/28,12:05:00,2.55e5,4979857,9.093,,1010,0.000,1564,571,0
2017/3/28,12:05:15,2.85e5,5244416,8.589,,1010,0.000,1501,555,0
2017/3/28,12:05:30,2.69e5,5141149,8.84,,1010,0.000,1535,517,0
2017/3/28,12:05:45,2.60e5,5064910,8.984,,1010,0.000,1553,529,0
2017/3/28,12:06:00,3.04e5,5429889,8.276,,1010,0.000,1503,548,0
2017/3/28,12:06:15,3.25e5,5584613,7.94,,1010,0.000,1497,570,0
2017/3/28,12:06:30,3.72e5,5834674,7.273,,1010,0.000,1431,551,0
2017/3/28,12:06:45,3.89e5,5898908,7.029,,1010,0.000,1419,567,0
2017/3/28,12:07:00,3.89e5,5905819,7.043,,1010,0.000,1472,573,0
2017/3/28,12:07:15,3.97e5,5941553,6.932,,1010,0.000,1456,563,0
2017/3/28,12:07:30,4.21e5,6010065,6.635,,1010,0.000,1407,552,0
2017/3/28,12:07:45,4.10e5,5969119,6.777,,1010,0.000,1407,587,0
2017/3/28,12:08:00,4.29e5,6037553,6.532,,1010,0.000,1391,549,0
2017/3/28,12:08:15,4.05e5,5966574,6.827,,1010,0.000,1430,554,0
2017/3/28,12:08:30,4.53e5,6091949,6.243,,1010,0.000,1420,577,0
2017/3/28,12:08:45,4.59e5,6119833,6.156,,1010,0.000,1412,572,0
2017/3/28,12:09:00,4.96e5,6173220,5.756,,1010,0.000,1383,577,0
2017/3/28,12:09:15,5.05e5,6187743,5.656,,1010,0.000,1402,578,0
2017/3/28,12:09:30,5.26e5,6194712,5.446,,1010,0.000,1376,596,0
2017/3/28,12:09:45,4.96e5,6169036,5.755,,1010,0.000,1413,589,0
2017/3/28,12:10:00,5.38e5,6196544,5.318,,1010,0.000,1372,587,0
2017/3/28,12:10:15,5.11e5,6160595,5.618,,1010,0.000,1413,592,0
2017/3/28,12:10:30,4.89e5,6163623,5.842,,1010,0.000,1389,577,0
2017/3/28,12:10:45,5.53e5,6198351,5.179,,1010,0.000,1387,598,0
2017/3/28,12:11:00,5.31e5,6194993,5.397,,1010,0.000,1379,588,0
2017/3/28,12:11:15,5.51e5,6199586,5.199,,1010,0.000,1328,606,0
2017/3/28,12:11:30,5.28e5,6199096,5.42,,1010,0.000,1348,573,0
2017/3/28,12:11:45,5.40e5,6200522,5.306,,1010,0.000,1356,583,0
2017/3/28,12:12:00,5.45e5,6200717,5.252,,1010,0.000,1416,588,0
2017/3/28,12:12:15,5.35e5,6196222,5.351,,1010,0.000,1395,593,0
2017/3/28,12:12:30,5.41e5,6198570,5.297,,1010,0.000,1350,570,0
2017/3/28,12:12:45,5.46e5,6201157,5.244,,1010,0.000,1357,577,0
2017/3/28,12:13:00,5.60e5,6193963,5.106,,1010,0.000,1385,585,0
2017/3/28,12:13:15,5.53e5,6193726,5.177,,1010,0.000,1367,603,0
2017/3/28,12:13:30,5.67e5,6200449,5.052,,1010,0.000,1314,578,0
2017/3/28,12:13:45,5.44e5,6185018,5.259,,1010,0.000,1408,573,0
2017/3/28,12:14:00,5.64e5,6186760,5.067,,1010,0.000,1389,618,0
2017/3/28,12:14:15,5.34e5,6193399,5.354,,1010,0.000,1400,593,0
2017/3/28,12:14:30,5.48e5,6200975,5.221,,1010,0.000,1370,568,0
2017/3/28,12:14:45,5.39e5,6189894,5.311,,1010,0.000,1396,601,0
2017/3/28,12:15:00,5.30e5,6192237,5.399,,1010,0.000,1380,582,0
2017/3/28,12:15:15,5.44e5,6185745,5.252,,1010,0.000,1363,590,0
2017/3/28,12:15:30,5.25e5,6195332,5.439,,1010,0.000,1351,561,0
2017/3/28,12:15:45,5.31e5,6191985,5.376,,1010,0.000,1378,567,0
2017/3/28,12:16:00,5.14e5,6179385,5.552,,1010,0.000,1372,572,0
2017/3/28,12:16:15,4.97e5,6170505,5.722,,1010,0.000,1409,589,0
2017/3/28,12:16:30,4.85e5,6128779,5.924,,1010,0.000,1375,599,0
2017/3/28,12:16:45,4.92e5,6172747,5.786,,1010,0.000,1419,563,0
2017/3/28,12:17:00,4.96e5,6160174,5.731,,1010,0.000,1418,600,0
2017/3/28,12:17:15,4.86e5,6166475,5.853,,1010,0.000,1405,598,0
2017/3/28,12:17:30,4.94e5,6175543,5.767,,1010,0.000,1361,579,0
2017/3/28,12:17:45,4.82e5,6155428,5.888,,1010,0.000,1384,585,0
2017/3/28,12:18:00,4.71e5,6141288,6.014,,1010,0.000,1442,563,0
2017/3/28,12:18:15,4.70e5,6131637,6.018,,1010,0.000,1418,583,0
2017/3/28,12:18:30,4.75e5,6146804,5.965,,1010,0.000,1391,589,0
2017/3/28,12:18:45,4.61e5,6112855,6.122,,1010,0.000,1395,576,0
2017/3/28,12:19:00,4.58e5,6109657,6.156,,1010,0.000,1405,589,0
2017/3/28,12:19:15,4.43e5,6081013,6.333,,1010,0.000,1414,565,0
2017/3/28,12:19:30,4.42e5,6087099,6.355,,1010,0.000,1466,582,0
2017/3/28,12:19:45,4.39e5,6074120,6.38,,1010,0.000,1422,566,0
2017/3/28,12:20:00,4.44e5,6086747,6.326,,1010,0.000,1428,603,0
2017/3/28,12:20:15,4.32e5,6060980,6.469,,1010,0.000,1401,568,0
2017/3/28,12:20:30,4.25e5,6041015,6.552,,1010,0.000,1398,587,0
2017/3/28,12:20:45,4.19e5,6020851,6.621,,1010,0.000,1437,590,0
2017/3/28,12:21:00,4.14e5,6007873,6.701,,1010,0.000,1442,562,0
2017/3/28,12:21:15,4.21e5,6025531,6.602,,1010,0.000,1445,581,0
2017/3/28,12:21:30,4.15e5,6016289,6.679,,1010,0.000,1430,593,0
2017/3/28,12:21:45,4.18e5,6026589,6.652,,1010,0.000,1392,557,0
2017/3/28,12:22:00,4.16e5,6023095,6.673,,1010,0.000,1407,557,0
2017/3/28,12:22:15,4.15e5,6013198,6.688,,1010,0.000,1420,566,0
2017/3/28,12:22:30,4.13e5,6015660,6.714,,1010,0.000,1411,583,0
2017/3/28,12:22:45,3.96e5,5951031,6.937,,1010,0.000,1406,578,0
2017/3/28,12:23:00,3.98e5,5953659,6.901,,1010,0.000,1464,584,0
2017/3/28,12:23:15,3.94e5,5943124,6.958,,1010,0.000,1448,565,0
2017/3/28,12:23:30,4.02e5,5969512,6.847,,1010,0.000,1434,570,0
2017/3/28,12:23:45,3.99e5,5961222,6.892,,1010,0.000,1401,545,0
2017/3/28,12:24:00,3.85e5,5905817,7.08,,1010,0.000,1451,605,0
2017/3/28,12:24:15,3.80e5,5886000,7.135,,1010,0.000,1455,598,0
2017/3/28,12:24:30,3.74e5,5861125,7.218,,1010,0.000,1486,576,0
2017/3/28,12:24:45,3.73e5,5848592,7.239,,1010,0.000,1435,593,0
2017/3/28,12:25:00,3.87e5,5914249,7.043,,1010,0.000,1469,604,0
2017/3/28,12:25:15,3.73e5,5855357,7.232,,1010,0.000,1394,552,0
2017/3/28,12:25:30,3.65e5,5821599,7.348,,1010,0.000,1435,573,0
2017/3/28,12:25:45,3.65e5,5819598,7.345,,1010,0.000,1472,562,0
2017/3/28,12:26:00,3.72e5,5846922,7.238,,1010,0.000,1484,595,0
2017/3/28,12:26:15,3.66e5,5825533,7.333,,1010,0.000,1430,589,0
2017/3/28,12:26:30,3.53e5,5763687,7.519,,1010,0.000,1520,584,0
2017/3/28,12:26:45,3.71e5,5840161,7.266,,1010,0.000,1459,572,0
2017/3/28,12:27:00,3.55e5,5768262,7.482,,1010,0.000,1446,573,0
2017/3/28,12:27:15,3.54e5,5762254,7.499,,1010,0.000,1497,554,0
2017/3/28,12:27:30,3.53e5,5757748,7.517,,1010,0.000,1458,544,0
2017/3/28,12:27:45,3.49e5,5738115,7.57,,1010,0.000,1468,552,0
2017/3/28,12:28:00,3.53e5,5754448,7.514,,1010,0.000,1441,563,0
2017/3/28,12:28:15,3.47e5,5730821,7.602,,1010,0.000,1492,577,0
2017/3/28,12:28:30,3.43e5,5701005,7.663,,1010,0.000,1495,571,0
2017/3/28,12:28:45,3.45e5,5718340,7.632,,1010,0.000,1489,561,0
2017/3/28,12:29:00,3.40e5,5682485,7.714,,1010,0.000,1491,570,0
2017/3/28,12:29:15,3.34e5,5652309,7.797,,1010,0.000,1467,543,0
2017/3/28,12:29:30,3.34e5,5649270,7.802,,1010,0.000,1502,549,0
2017/3/28,12:29:45,3.38e5,5673715,7.729,,1010,0.000,1463,567,0
2017/3/28,12:30:00,3.50e5,5743646,7.568,,1010,0.000,1456,565,0
2017/3/28,12:30:15,3.36e5,5661527,7.776,,1010,0.000,1520,551,0
2017/3/28,12:30:30,3.31e5,5639216,7.847,,1010,0.000,1461,554,0
2017/3/28,12:30:45,3.50e5,5741542,7.574,,1010,0.000,1510,572,0
2017/3/28,12:31:00,3.45e5,5718333,7.645,,1010,0.000,1481,565,0
2017/3/28,12:31:15,3.61e5,5803171,7.409,,1010,0.000,1427,570,0
2017/3/28,12:31:30,3.52e5,5761877,7.552,,1010,0.000,1474,556,0
2017/3/28,12:31:45,3.60e5,5795500,7.434,,1010,0.000,1428,578,0
2017/3/28,12:32:00,3.63e5,5815038,7.396,,1010,0.000,1489,568,0
2017/3/28,12:32:15,3.53e5,5766806,7.537,,1010,0.000,1468,563,0
2017/3/28,12:32:30,3.44e5,5690240,7.71,,1010,0.000,1455,563,0
2017/3/28,12:32:45,3.84e5,5921224,7.117,,1010,0.000,1439,581,0
2017/3/28,12:33:00,3.69e5,5844896,7.316,,1010,0.000,1452,578,0
2017/3/28,12:33:15,3.80e5,5899244,7.164,,1010,0.000,1441,538,0
2017/3/28,12:33:30,3.90e5,5939181,7.026,,1010,0.000,1425,526,0
2017/3/28,12:33:45,3.98e5,5975102,6.922,,1010,0.000,1448,557,0
2017/3/28,12:34:00,3.97e5,5969085,6.944,,1010,0.000,1452,545,0
2017/3/28,12:34:15,3.91e5,5946884,7.016,,1010,0.000,1467,543,0
2017/3/28,12:34:30,4.11e5,6020934,6.759,,1010,0.000,1428,568,0
2017/3/28,12:34:45,3.89e5,5931256,7.043,,1010,0.000,1430,581,0
2017/3/28,12:35:00,4.29e5,6064195,6.524,,1010,0.000,1398,567,0
2017/3/28,12:35:15,4.63e5,6149974,6.133,,1010,0.000,1429,578,0
2017/3/28,12:35:30,4.46e5,6120992,6.339,,1010,0.000,1356,570,0
2017/3/28,12:35:45,4.42e5,6110709,6.386,,1010,0.000,1430,614,0
2017/3/28,12:36:00,4.60e5,6151166,6.168,,1010,0.000,1440,571,0
2017/3/28,12:36:15,4.64e5,6159581,6.12,,1010,0.000,1408,609,0
2017/3/28,12:36:30,4.58e5,6135651,6.201,,1010,0.000,1412,576,0
2017/3/28,12:36:45,4.86e5,6193220,5.888,,1010,0.000,1413,595,0
2017/3/28,12:37:00,5.14e5,6219488,5.584,,1010,0.000,1378,592,0
2017/3/28,12:37:15,4.84e5,6181826,5.916,,1010,0.000,1406,587,0
2017/3/28,12:37:30,4.70e5,6166001,6.068,,1010,0.000,1372,573,0
2017/3/28,12:37:45,5.05e5,6216798,5.685,,1010,0.000,1354,578,0
2017/3/28,12:38:00,5.03e5,6213161,5.7,,1010,0.000,1380,582,0
2017/3/28,12:38:15,4.83e5,6180819,5.912,,1010,0.000,1386,549,0
2017/3/28,12:38:30,4.71e5,6171378,6.051,,1010,0.000,1387,572,0
2017/3/28,12:38:45,4.95e5,6199655,5.782,,1010,0.000,1368,594,0
2017/3/28,12:39:00,4.88e5,6190099,5.856,,1010,0.000,1431,598,0
2017/3/28,12:39:15,4.89e5,6184551,5.841,,1010,0.000,1383,571,0
2017/3/28,12:39:30,4.93e5,6198437,5.804,,1010,0.000,1368,563,0
2017/3/28,12:39:45,4.84e5,6191621,5.901,,1010,0.000,1389,559,0
2017/3/28,12:40:00,4.76e5,6177643,5.999,,1010,0.000,1434,595,0
2017/3/28,12:40:15,4.85e5,6192212,5.885,,1010,0.000,1378,592,0
2017/3/28,12:40:30,4.66e5,6167934,6.101,,1010,0.000,1428,565,0
2017/3/28,12:40:45,4.71e5,6170977,6.042,,1010,0.000,1381,583,0
2017/3/28,12:41:00,4.82e5,6187183,5.922,,1010,0.000,1401,585,0
2017/3/28,12:41:15,4.79e5,6183745,5.954,,1010,0.000,1361,581,0
2017/3/28,12:41:30,4.76e5,6182142,5.991,,1010,0.000,1413,593,0
2017/3/28,12:41:45,4.67e5,6166943,6.095,,1010,0.000,1386,568,0
2017/3/28,12:42:00,4.45e5,6120300,6.338,,1010,0.000,1378,588,0
2017/3/28,12:42:15,4.51e5,6128230,6.276,,1010,0.000,1423,574,0
2017/3/28,12:42:30,4.50e5,6134669,6.281,,1010,0.000,1413,577,0
2017/3/28,12:42:45,4.53e5,6136598,6.254,,1010,0.000,1414,571,0
2017/3/28,12:43:00,4.56e5,6143283,6.219,,1010,0.000,1405,556,0
2017/3/28,12:43:15,4.28e5,6077167,6.553,,1010,0.000,1405,552,0
2017/3/28,12:43:30,4.44e5,6119257,6.355,,1009,0.000,1397,568,0
2017/3/28,12:43:45,4.26e5,6069655,6.564,,1010,0.000,1435,576,0
2017/3/28,12:44:00,4.15e5,6038709,6.712,,1010,0.000,1420,577,0
2017/3/28,12:44:15,4.08e5,6014103,6.801,,1010,0.000,1428,567,0
2017/3/28,12:44:30,4.07e5,6013647,6.819,,1010,0.000,1453,565,0
2017/3/28,12:44:45,4.02e5,5997111,6.87,,1010,0.000,1407,568,0
2017/3/28,12:45:00,3.99e5,5981057,6.919,,1010,0.000,1419,562,0
2017/3/28,12:45:15,3.91e5,5950539,7.012,,1010,0.000,1466,585,0
2017/3/28,12:45:30,3.87e5,5937242,7.072,,1010,0.000,1442,549,0
2017/3/28,12:45:45,3.80e5,5905042,7.168,,1010,0.000,1447,615,0
2017/3/28,12:46:00,3.81e5,5905670,7.145,,1010,0.000,1430,566,0
2017/3/28,12:46:15,3.76e5,5882382,7.219,,1010,0.000,1467,582,0
2017/3/28,12:46:30,3.70e5,5861908,7.303,,1010,0.000,1468,577,0
2017/3/28,12:46:45,3.59e5,5804578,7.454,,1010,0.000,1452,559,0
2017/3/28,12:47:00,3.61e5,5813106,7.429,,1010,0.000,1435,563,0
2017/3/28,12:47:15,3.55e5,5785309,7.502,,1010,0.000,1492,566,0
2017/3/28,12:47:30,3.54e5,5780625,7.535,,1010,0.000,1485,562,0
2017/3/28,12:47:45,3.46e5,5732401,7.643,,1010,0.000,1451,546,0
2017/3/28,12:48:00,3.43e5,5713917,7.686,,1010,0.000,1457,559,0
2017/3/28,12:48:15,3.34e5,5666768,7.809,,1010,0.000,1451,551,0
2017/3/28,12:48:30,3.16e5,5552491,8.098,,1010,0.000,1531,567,0
2017/3/28,12:48:45,3.15e5,5523919,8.141,,1010,0.000,1503,571,0
2017/3/28,12:49:00,3.17e5,5556206,8.078,,1010,0.000,1507,554,0
2017/3/28,12:49:15,3.08e5,5486375,8.219,,1010,0.000,1501,568,0
2017/3/28,12:49:30,3.07e5,5482325,8.237,,1010,0.000,1516,563,0
2017/3/28,12:49:45,3.03e5,5454679,8.285,,1010,0.000,1533,565,0
2017/3/28,12:50:00,3.05e5,5463909,8.25,,1010,0.000,1506,552,0
2017/3/28,12:50:15,2.99e5,5424524,8.35,,1010,0.000,1541,543,0
2017/3/28,12:50:30,2.99e5,5419836,8.366,,1010,0.000,1544,567,0
2017/3/28,12:50:45,3.00e5,5429206,8.346,,1010,0.000,1546,566,0
2017/3/28,12:51:00,3.03e5,5453994,8.298,,1010,0.000,1529,578,0
2017/3/28,12:51:15,3.08e5,5490003,8.22,,1010,0.000,1512,578,0
2017/3/28,12:51:30,3.41e5,5707952,7.734,,1010,0.000,1477,545,0
2017/3/28,12:51:45,3.48e5,5746096,7.632,,1010,0.000,1520,563,0
2017/3/28,12:52:00,3.53e5,5780979,7.558,,1010,0.000,1467,555,0
2017/3/28,12:52:15,3.61e5,5799625,7.457,,1010,0.000,1469,556,0
2017/3/28,12:52:30,4.17e5,6048946,6.712,,1010,0.000,1383,560,0
2017/3/28,12:52:45,3.77e5,5898936,7.223,,1010,0.000,1428,549,0
2017/3/28,12:53:00,3.55e5,5790951,7.527,,1010,0.000,1411,545,0
2017/3/28,12:53:15,3.57e5,5796414,7.483,,1010,0.000,1489,552,0
2017/3/28,12:53:30,3.58e5,5806842,7.483,,1010,0.000,1461,571,0
2017/3/28,12:53:45,3.54e5,5784663,7.541,,1010,0.000,1445,587,0
2017/3/28,12:54:00,3.47e5,5744147,7.625,,1010,0.000,1463,585,0
2017/3/28,12:54:15,3.39e5,5701880,7.753,,1009,0.000,1492,549,0
2017/3/28,12:54:30,3.32e5,5652589,7.857,,1010,0.000,1456,546,0
2017/3/28,12:54:45,3.26e5,5615365,7.95,,1010,0.000,1489,556,0
2017/3/28,12:55:00,3.17e5,5551782,8.064,,1009,0.000,1462,572,0
2017/3/28,12:55:15,3.11e5,5507492,8.174,,1010,0.000,1508,556,0
2017/3/28,12:55:30,3.05e5,5473437,8.266,,1010,0.000,1510,562,0
2017/3/28,12:55:45,3.00e5,5435861,8.338,,1009,0.000,1513,540,0
2017/3/28,12:56:00,2.94e5,5381245,8.43,,1009,0.000,1511,588,0
2017/3/28,12:56:15,2.90e5,5351138,8.505,,1010,0.000,1494,540,0
2017/3/28,12:56:30,2.85e5,5319545,8.593,,1010,0.000,1524,565,0
2017/3/28,12:56:45,2.79e5,5262106,8.68,,1010,0.000,1519,524,0
2017/3/28,12:57:00,2.73e5,5195977,8.783,,1009,0.000,1523,560,0
2017/3/28,12:57:15,2.68e5,5155775,8.875,,1010,0.000,1549,565,0
2017/3/28,12:57:30,2.65e5,5129804,8.927,,1010,0.000,1539,550,0
2017/3/28,12:57:45,2.58e5,5064195,9.034,,1010,0.000,1566,555,0
2017/3/28,12:58:00,2.54e5,5020741,9.098,,1009,0.000,1557,565,0
2017/3/28,12:58:15,2.51e5,5001194,9.173,,1010,0.000,1611,554,0
2017/3/28,12:58:30,2.45e5,4940706,9.277,,1009,0.000,1589,548,0
2017/3/28,12:58:45,2.41e5,4898092,9.342,,1010,0.000,1578,562,0
2017/3/28,12:59:00,2.37e5,4852284,9.42,,1010,0.000,1586,535,0
2017/3/28,12:59:15,2.35e5,4823996,9.454,,1009,0.000,1611,526,0
2017/3/28,12:59:30,2.30e5,4766970,9.546,,1009,0.000,1583,554,0
2017/3/28,12:59:45,2.25e5,4704318,9.639,,1010,0.000,1635,556,0
2017/3/28,13:00:00,2.20e5,4645266,9.718,,1010,0.000,1652,527,0
2017/3/28,13:00:15,2.17e5,4610670,9.776,,1009,0.000,1658,550,0
2017/3/28,13:00:30,2.14e5,4572664,9.838,,1010,0.000,1607,537,0
2017/3/28,13:00:45,2.09e5,4506606,9.931,,1009,0.000,1662,538,0
2017/3/28,13:01:00,2.08e5,4494675,9.952,,1010,0.000,1652,551,0
2017/3/28,13:01:15,2.04e5,4442641,10.04,,1010,0.000,1617,548,0
2017/3/28,13:01:30,2.00e5,4400230,10.1,,1009,0.000,1685,544,0
2017/3/28,13:01:45,1.96e5,4344880,10.18,,1009,0.000,1666,574,0
2017/3/28,13:02:00,1.93e5,4293531,10.26,,1009,0.000,1665,544,0
2017/3/28,13:02:15,1.90e5,4248183,10.31,,1009,0.000,1657,548,0
2017/3/28,13:02:30,1.87e5,4213820,10.37,,1009,0.000,1662,540,0
2017/3/28,13:02:45,1.84e5,4165661,10.43,,1009,0.000,1671,550,0
2017/3/28,13:03:00,1.81e5,4123828,10.48,,1010,0.000,1723,541,0
2017/3/28,13:03:15,1.79e5,4092214,10.53,,1009,0.000,1683,557,0
2017/3/28,13:03:30,1.76e5,4056702,10.58,,1009,0.000,1724,548,0
2017/3/28,13:03:45,1.72e5,3982369,10.67,,1009,0.000,1708,539,0
2017/3/28,13:04:00,1.70e5,3950020,10.7,,1009,0.000,1723,552,0
2017/3/28,13:04:15,1.66e5,3894579,10.78,,1009,0.000,1721,565,0
2017/3/28,13:04:30,1.65e5,3871548,10.81,,1009,0.000,1751,555,0
2017/3/28,13:04:45,1.62e5,3826039,10.87,,1009,0.000,1711,577,0
2017/3/28,13:05:00,1.59e5,3770730,10.95,,1010,0.000,1719,556,0
2017/3/28,13:05:15,1.57e5,3745974,10.98,,1009,0.000,1718,526,0
2017/3/28,13:05:30,1.54e5,3702438,11.04,,1009,0.000,1713,576,0
2017/3/28,13:05:45,1.52e5,3666703,11.08,,1009,0.000,1744,531,0
2017/3/28,13:06:00,1.50e5,3628898,11.13,,1009,0.000,1719,520,0
2017/3/28,13:06:15,1.48e5,3603116,11.17,,1009,0.000,1735,545,0
2017/3/28,13:06:30,1.46e5,3560211,11.22,,1009,0.000,1734,560,0
2017/3/28,13:06:45,1.43e5,3510661,11.28,,1009,0.000,1762,540,0
2017/3/28,13:07:00,1.41e5,3479410,11.32,,1009,0.000,1756,568,0
2017/3/28,13:07:15,1.39e5,3442090,11.37,,1010,0.000,1778,566,0
2017/3/28,13:07:30,1.37e5,3411098,11.41,,1009,0.000,1743,574,0
2017/3/28,13:07:45,1.35e5,3367004,11.45,,1009,0.000,1773,546,0
2017/3/28,13:08:00,1.33e5,3332141,11.5,,1009,0.000,1795,523,0
2017/3/28,13:08:15,1.32e5,3312250,11.51,,1009,0.000,1755,534,0
2017/3/28,13:08:30,1.30e5,3268624,11.57,,1009,0.000,1774,566,0
2017/3/28,13:08:45,1.28e5,3224079,11.62,,1009,0.000,1785,538,0
2017/3/28,13:09:00,1.26e5,3195443,11.66,,1009,0.000,1815,541,0
2017/3/28,13:09:15,1.24e5,3166788,11.7,,1009,0.000,1796,550,0
2017/3/28,13:09:30,1.23e5,3134999,11.73,,1009,0.000,1794,543,0
2017/3/28,13:09:45,1.21e5,3098841,11.78,,1009,0.000,1777,532,0
2017/3/28,13:10:00,1.20e5,3085363,11.79,,1009,0.000,1799,548,0
2017/3/28,13:10:15,1.18e5,3044829,11.84,,1009,0.000,1782,581,0
2017/3/28,13:10:30,1.16e5,3005562,11.89,,1009,0.000,1806,544,0
2017/3/28,13:10:45,1.15e5,2973800,11.92,,1009,0.000,1807,552,0
2017/3/28,13:11:00,1.13e5,2950618,11.95,,1009,0.000,1815,526,0
2017/3/28,13:11:15,1.12e5,2914265,11.99,,1009,0.000,1807,551,0
2017/3/28,13:11:30,1.11e5,2903024,12.0,,1009,0.000,1794,543,0
2017/3/28,13:11:45,1.10e5,2871417,12.04,,1009,0.000,1826,540,0
2017/3/28,13:12:00,1.08e5,2829010,12.08,,1009,0.000,1839,563,0
2017/3/28,13:12:15,1.06e5,2802777,12.11,,1009,0.000,1806,554,0
2017/3/28,13:12:30,1.04e5,2766336,12.15,,1009,0.000,1824,576,0
2017/3/28,13:12:45,1.04e5,2749489,12.17,,1009,0.000,1849,532,0
2017/3/28,13:13:00,1.02e5,2710991,12.22,,1009,0.000,1845,526,0
2017/3/28,13:13:15,1.01e5,2692301,12.24,,1009,0.000,1850,548,0
2017/3/28,13:13:30,1.00e5,2668758,12.27,,1009,0.000,1823,559,0
2017/3/28,13:13:45,9.89e4,2638724,12.3,,1009,0.000,1882,528,0
2017/3/28,13:14:00,9.77e4,2612659,12.33,,1010,0.000,1822,544,0
2017/3/28,13:14:15,9.68e4,2592132,12.35,,1010,0.000,1811,545,0
2017/3/28,13:14:30,9.53e4,2559760,12.39,,1010,0.000,1881,533,0
2017/3/28,13:14:45,9.41e4,2533558,12.42,,1010,0.000,1846,544,0
2017/3/28,13:15:00,9.33e4,2516860,12.44,,1009,0.000,1849,546,0
2017/3/28,13:15:15,9.21e4,2490981,12.47,,1010,0.000,1844,546,0
2017/3/28,13:15:30,9.08e4,2461957,12.5,,1010,0.000,1850,535,0
2017/3/28,13:15:45,9.08e4,2460714,12.5,,1010,0.000,1856,565,0
2017/3/28,13:16:00,8.88e4,2416777,12.55,,1010,0.000,1862,572,0
2017/3/28,13:16:15,8.74e4,2385293,12.58,,1010,0.000,1900,543,0
2017/3/28,13:16:30,8.67e4,2368873,12.6,,1010,0.000,1856,562,0
2017/3/28,13:16:45,8.56e4,2343477,12.62,,1010,0.000,1890,540,0
2017/3/28,13:17:00,8.41e4,2308241,12.66,,1010,0.000,1871,555,0
2017/3/28,13:17:15,8.34e4,2294046,12.68,,1010,0.000,1878,552,0
2017/3/28,13:17:30,8.26e4,2275907,12.7,,1010,0.000,1899,544,0
2017/3/28,13:17:45,8.17e4,2253492,12.72,,1010,0.000,1904,545,0
2017/3/28,13:18:00,8.09e4,2235313,12.74,,1010,0.000,1917,549,0
2017/3/28,13:18:15,7.98e4,2209758,12.77,,1010,0.000,1918,560,0
2017/3/28,13:18:30,7.92e4,2196001,12.78,,1009,0.000,1928,548,0
2017/3/28,13:18:45,7.78e4,2162357,12.82,,1010,0.000,1944,546,0
2017/3/28,13:19:00,7.71e4,2146810,12.83,,1010,0.000,1927,535,0
2017/3/28,13:19:15,7.62e4,2126346,12.86,,1010,0.000,1942,543,0
2017/3/28,13:19:30,7.58e4,2115370,12.87,,1010,0.000,1914,537,0
2017/3/28,13:19:45,7.45e4,2083893,12.9,,1010,0.000,1961,528,0
2017/3/28,13:20:00,7.45e4,2085428,12.9,,1010,0.000,1931,538,0
2017/3/28,13:20:15,7.33e4,2056651,12.93,,1010,0.000,1942,529,0
2017/3/28,13:20:30,7.26e4,2038560,12.95,,1010,0.000,1940,540,0
2017/3/28,13:20:45,7.18e4,2018620,12.97,,1010,0.000,1956,534,0
2017/3/28,13:21:00,7.10e4,2000008,12.99,,1010,0.000,1964,533,0
2017/3/28,13:21:15,7.06e4,1989255,13.0,,1010,0.000,1944,531,0
2017/3/28,13:21:30,6.88e4,1944572,13.05,,1010,0.000,1939,582,0
2017/3/28,13:21:45,6.85e4,1939106,13.05,,1010,0.000,1926,583,0
2017/3/28,13:22:00,6.79e4,1924038,13.07,,1010,0.000,1964,550,0
2017/3/28,13:22:15,6.71e4,1905564,13.08,,1010,0.000,1966,572,0
2017/3/28,13:22:30,6.67e4,1894371,13.1,,1010,0.000,1979,554,0
2017/3/28,13:22:45,6.55e4,1865263,13.12,,1010,0.000,1981,546,0
2017/3/28,13:23:00,6.51e4,1853958,13.13,,1010,0.000,2009,557,0
2017/3/28,13:23:15,6.44e4,1837147,13.15,,1010,0.000,2009,562,0
2017/3/28,13:23:30,6.42e4,1832956,13.16,,1010,0.000,1968,573,0
2017/3/28,13:23:45,6.33e4,1808920,13.18,,1010,0.000,1997,588,0
2017/3/28,13:24:00,6.29e4,1799994,13.19,,1010,0.000,2001,567,0
2017/3/28,13:24:15,6.21e4,1779688,13.21,,1010,0.000,2028,555,0
2017/3/28,13:24:30,6.17e4,1769030,13.22,,1010,0.000,1990,559,0
2017/3/28,13:24:45,6.08e4,1747550,13.24,,1010,0.000,1981,566,0
2017/3/28,13:25:00,6.02e4,1732377,13.26,,1010,0.000,2033,544,0
2017/3/28,13:25:15,5.96e4,1716475,13.28,,1010,0.000,2012,546,0
2017/3/28,13:25:30,5.89e4,1699298,13.29,,1010,0.000,2045,549,0
2017/3/28,13:25:45,5.86e4,1691581,13.3,,1010,0.000,2048,563,0
2017/3/28,13:26:00,5.78e4,1671254,13.32,,1010,0.000,2026,559,0
2017/3/28,13:26:15,5.72e4,1655888,13.34,,1010,0.000,2010,576,0
2017/3/28,13:26:30,5.68e4,1644318,13.35,,1010,0.000,2054,535,0
2017/3/28,13:26:45,5.64e4,1635796,13.36,,1010,0.000,2052,544,0
2017/3/28,13:27:00,5.58e4,1618455,13.38,,1010,0.000,2037,562,0
2017/3/28,13:27:15,5.51e4,1601545,13.39,,1010,0.000,2053,528,0
2017/3/28,13:27:30,5.47e4,1589978,13.4,,1010,0.000,2083,540,0
2017/3/28,13:27:45,5.41e4,1573968,13.42,,1010,0.000,2100,532,0
2017/3/28,13:28:00,5.36e4,1560841,13.43,,1010,0.000,2050,557,0
2017/3/28,13:28:15,5.31e4,1547772,13.45,,1009,0.000,2059,565,0
2017/3/28,13:28:30,5.29e4,1543752,13.45,,1010,0.000,2062,590,0
2017/3/28,13:28:45,5.20e4,1519233,13.47,,1010,0.000,2059,579,0
2017/3/28,13:29:00,5.17e4,1513196,13.48,,1010,0.000,2086,571,0
2017/3/28,13:29:15,5.12e4,1499734,13.49,,1010,0.000,2088,560,0
2017/3/28,13:29:30,5.06e4,1483783,13.51,,1010,0.000,2104,559,0
2017/3/28,13:29:45,5.03e4,1476310,13.51,,1010,0.000,2156,543,0
2017/3/28,13:30:00,4.97e4,1459929,13.53,,1010,0.000,2128,568,0
2017/3/28,13:30:15,4.92e4,1445075,13.55,,1010,0.000,2081,587,0
2017/3/28,13:30:30,4.89e4,1439264,13.55,,1010,0.000,2105,548,0
2017/3/28,13:30:45,4.84e4,1425069,13.57,,1010,0.000,2137,565,0
2017/3/28,13:31:00,4.80e4,1415142,13.58,,1010,0.000,2171,523,0
2017/3/28,13:31:15,4.75e4,1401141,13.59,,1010,0.000,2092,579,0
2017/3/28,13:31:30,4.73e4,1396325,13.6,,1010,0.000,2099,596,0
2017/3/28,13:31:45,4.67e4,1379362,13.62,,1010,0.000,2081,570,0
2017/3/28,13:32:00,4.62e4,1365564,13.63,,1010,0.000,2147,561,0
2017/3/28,13:32:15,4.57e4,1353960,13.64,,1010,0.000,2128,559,0
2017/3/28,13:32:30,4.53e4,1342064,13.65,,1010,0.000,2119,574,0
2017/3/28,13:32:45,4.52e4,1338911,13.66,,1010,0.000,2119,561,0
2017/3/28,13:33:00,4.49e4,1331229,13.66,,1010,0.000,2145,554,0
2017/3/28,13:33:15,4.43e4,1314106,13.68,,1010,0.000,2131,578,0
2017/3/28,13:33:30,4.41e4,1310829,13.68,,1010,0.000,2122,572,0
2017/3/28,13:33:45,4.35e4,1293593,13.7,,1010,0.000,2113,540,0
2017/3/28,13:34:00,4.29e4,1278235,13.72,,1010,0.000,2132,576,0
2017/3/28,13:34:15,4.26e4,1268639,13.73,,1010,0.000,2127,566,0
2017/3/28,13:34:30,4.24e4,1263392,13.73,,1010,0.000,2142,567,0
2017/3/28,13:34:45,4.21e4,1256428,13.74,,1010,0.000,2152,566,0
2017/3/28,13:35:00,4.17e4,1243962,13.75,,1010,0.000,2169,548,0
2017/3/28,13:35:15,4.12e4,1231187,13.76,,1010,0.000,2180,567,0
2017/3/28,13:35:30,4.10e4,1224385,13.77,,1010,0.000,2192,540,0
2017/3/28,13:35:45,4.06e4,1215146,13.78,,1010,0.000,2147,563,0
2017/3/28,13:36:00,4.01e4,1200092,13.79,,1010,0.000,2203,552,0
2017/3/28,13:36:15,3.97e4,1190109,13.8,,1010,0.000,2183,550,0
2017/3/28,13:36:30,3.95e4,1184842,13.81,,1010,0.000,2174,565,0
2017/3/28,13:36:45,3.92e4,1175585,13.82,,1010,0.000,2209,541,0
2017/3/28,13:37:00,3.86e4,1159318,13.83,,1010,0.000,2188,588,0
2017/3/28,13:37:15,3.84e4,1152636,13.84,,1010,0.000,2159,587,0
2017/3/28,13:37:30,3.82e4,1147583,13.84,,1010,0.000,2185,588,0
2017/3/28,13:37:45,3.77e4,1135116,13.86,,1010,0.000,2224,549,0
2017/3/28,13:38:00,3.71e4,1118256,13.88,,1010,0.000,2185,576,0
2017/3/28,13:38:15,3.71e4,1116672,13.87,,1010,0.000,2202,550,0
2017/3/28,13:38:30,3.69e4,1113074,13.88,,1010,0.000,2209,573,0
2017/3/28,13:38:45,3.67e4,1106846,13.88,,1010,0.000,2204,573,0
2017/3/28,13:39:00,3.61e4,1089205,13.9,,1010,0.000,2199,578,0
2017/3/28,13:39:15,3.60e4,1087516,13.9,,1010,0.000,2222,562,0
2017/3/28,13:39:30,3.57e4,1078633,13.91,,1010,0.000,2216,560,0
2017/3/28,13:39:45,3.55e4,1072081,13.92,,1010,0.000,2191,581,0
2017/3/28,13:40:00,3.50e4,1059287,13.93,,1010,0.000,2219,561,0
2017/3/28,13:40:15,3.47e4,1051387,13.94,,1009,0.000,2211,563,0
2017/3/28,13:40:30,3.46e4,1047091,13.94,,1010,0.000,2238,537,0
2017/3/28,13:40:45,3.41e4,1033388,13.96,,1010,0.000,2220,544,0
2017/3/28,13:41:00,3.40e4,1031162,13.96,,1010,0.000,2219,571,0
2017/3/28,13:41:15,3.37e4,1020868,13.97,,1010,0.000,2220,555,0
2017/3/28,13:41:30,3.33e4,1012026,13.98,,1010,0.000,2243,561,0
2017/3/28,13:41:45,3.31e4,1006502,13.98,,1010,0.000,2233,544,0
2017/3/28,13:42:00,3.32e4,1007290,13.98,,1010,0.000,2216,574,0
2017/3/28,13:42:15,3.28e4,996029,13.99,,1010,0.000,2244,539,0
2017/3/28,13:42:30,3.25e4,987199,14.0,,1010,0.000,2274,538,0
2017/3/28,13:42:45,3.22e4,979164,14.01,,1010,0.000,2194,583,0
2017/3/28,13:43:00,3.19e4,971123,14.02,,1010,0.000,2266,544,0
2017/3/28,13:43:15,3.17e4,965768,14.03,,1010,0.000,2239,559,0
2017/3/28,13:43:30,3.15e4,959649,14.03,,1010,0.000,2253,540,0
2017/3/28,13:43:45,3.11e4,949610,14.04,,1010,0.000,2259,557,0
2017/3/28,13:44:00,3.09e4,943583,14.05,,1010,0.000,2231,565,0
2017/3/28,13:44:15,3.06e4,934947,14.06,,1010,0.000,2275,552,0
2017/3/28,13:44:30,3.06e4,933603,14.06,,1010,0.000,2271,541,0
2017/3/28,13:44:45,3.04e4,927231,14.06,,1010,0.000,2231,581,0
2017/3/28,13:45:00,2.99e4,914205,14.08,,1010,0.000,2259,537,0
2017/3/28,13:45:15,2.98e4,912216,14.08,,1010,0.000,2282,531,0
2017/3/28,13:45:30,2.95e4,902839,14.09,,1010,0.000,2243,565,0
2017/3/28,13:45:45,2.93e4,896149,14.09,,1010,0.000,2257,596,0
2017/3/28,13:46:00,2.91e4,890210,14.1,,1010,0.000,2264,552,0
2017/3/28,13:46:15,2.89e4,886069,14.1,,1010,0.000,2293,548,0
2017/3/28,13:46:30,2.88e4,882658,14.11,,1010,0.000,2261,565,0
2017/3/28,13:46:45,2.84e4,869699,14.12,,1010,0.000,2283,555,0
2017/3/28,13:47:00,2.83e4,866684,14.12,,1010,0.000,2287,573,0
2017/3/28,13:47:15,2.80e4,858781,14.13,,1010,0.000,2270,576,0
2017/3/28,13:47:30,2.77e4,851878,14.14,,1010,0.000,2227,606,0
2017/3/28,13:47:45,2.76e4,847682,14.14,,1010,0.000,2263,573,0
2017/3/28,13:48:00,2.73e4,839640,14.15,,1010,0.000,2274,554,0
2017/3/28,13:48:15,2.72e4,836568,14.15,,1010,0.000,2285,568,0
2017/3/28,13:48:30,2.70e4,830246,14.16,,1010,0.000,2288,561,0
2017/3/28,13:48:45,2.68e4,824439,14.16,,1010,0.000,2255,566,0
2017/3/28,13:49:00,2.65e4,816615,14.17,,1010,0.000,2297,563,0
2017/3/28,13:49:15,2.62e4,808467,14.18,,1010,0.000,2320,556,0
2017/3/28,13:49:30,2.62e4,806432,14.18,,1010,0.000,2297,541,0
2017/3/28,13:49:45,2.58e4,795215,14.19,,1010,0.000,2330,562,0
2017/3/28,13:50:00,2.58e4,794246,14.19,,1010,0.000,2288,554,0
2017/3/28,13:50:15,2.55e4,786827,14.2,,1010,0.000,2298,560,0
2017/3/28,13:50:30,2.57e4,791474,14.2,,1010,0.000,2330,555,0
2017/3/28,13:50:45,2.52e4,778086,14.21,,1010,0.000,2316,532,0
2017/3/28,13:51:00,2.49e4,770589,14.22,,1010,0.000,2296,550,0
2017/3/28,13:51:15,2.48e4,767666,14.22,,1010,0.000,2290,567,0
2017/3/28,13:51:30,2.48e4,766627,14.22,,1010,0.000,2330,532,0
2017/3/28,13:51:45,2.45e4,758604,14.23,,1010,0.000,2307,551,0
2017/3/28,13:52:00,2.44e4,754474,14.23,,1010,0.000,2308,552,0
2017/3/28,13:52:15,2.42e4,747674,14.24,,1010,0.000,2287,567,0
2017/3/28,13:52:30,2.41e4,744621,14.24,,1010,0.000,2321,548,0
2017/3/28,13:52:45,2.38e4,736916,14.25,,1010,0.000,2298,541,0
2017/3/28,13:53:00,2.37e4,733600,14.25,,1010,0.000,2333,540,0
2017/3/28,13:53:15,2.35e4,729118,14.26,,1010,0.000,2329,521,0
2017/3/28,13:53:30,2.33e4,722654,14.26,,1010,0.000,2327,538,0
2017/3/28,13:53:45,2.31e4,717557,14.27,,1010,0.000,2340,567,0
2017/3/28,13:54:00,2.31e4,715082,14.27,,1010,0.000,2287,576,0
2017/3/28,13:54:15,2.28e4,707959,14.28,,1010,0.000,2316,548,0
2017/3/28,13:54:30,2.24e4,695497,14.29,,1010,0.000,2291,566,0
2017/3/28,13:54:45,2.25e4,699107,14.29,,1010,0.000,2333,528,0
2017/3/28,13:55:00,2.23e4,693179,14.29,,1010,0.000,2348,533,0
2017/3/28,13:55:15,2.21e4,687789,14.3,,1010,0.000,2329,544,0
2017/3/28,13:55:30,2.21e4,687758,14.3,,1010,0.000,2308,559,0
2017/3/28,13:55:45,2.18e4,676905,14.31,,1010,0.000,2312,565,0
2017/3/28,13:56:00,2.16e4,672714,14.31,,1010,0.000,2362,528,0
2017/3/28,13:56:15,2.16e4,670935,14.32,,1010,0.000,2326,559,0
2017/3/28,13:56:30,2.14e4,664822,14.32,,1010,0.000,2349,526,0
2017/3/28,13:56:45,2.11e4,658369,14.33,,1010,0.000,2337,556,0
2017/3/28,13:57:00,2.11e4,656148,14.33,,1010,0.000,2346,527,0
2017/3/28,13:57:15,2.10e4,652813,14.33,,1010,0.000,2322,568,0
2017/3/28,13:57:30,2.08e4,649616,14.34,,1010,0.000,2347,524,0
2017/3/28,13:57:45,2.06e4,643472,14.34,,1010,0.000,2343,545,0
2017/3/28,13:58:00,2.05e4,639789,14.35,,1010,0.000,2326,552,0
2017/3/28,13:58:15,2.04e4,635567,14.35,,1010,0.000,2346,532,0
2017/3/28,13:58:30,2.01e4,628794,14.36,,1010,0.000,2351,551,0
2017/3/28,13:58:45,2.01e4,627652,14.36,,1010,0.000,2337,550,0
2017/3/28,13:59:00,1.99e4,622860,14.36,,1010,0.000,2358,546,0
2017/3/28,13:59:15,1.99e4,620094,14.37,,1010,0.000,2363,551,0
2017/3/28,13:59:30,1.98e4,618177,14.37,,1010,0.000,2351,554,0
2017/3/28,13:59:45,1.96e4,611568,14.37,,1009,0.000,2379,522,0
2017/3/28,14:00:00,1.93e4,603626,14.38,,1010,0.000,2349,538,0
2017/3/28,14:00:15,1.93e4,603768,14.38,,1010,0.000,2346,544,0
2017/3/28,14:00:30,1.92e4,599749,14.39,,1010,0.000,2379,527,0
2017/3/28,14:00:45,1.90e4,594575,14.39,,1010,0.000,2368,540,0
2017/3/28,14:01:00,1.89e4,592136,14.39,,1009,0.000,2355,543,0
2017/3/28,14:01:15,1.88e4,587285,14.4,,1010,0.000,2374,546,0
2017/3/28,14:01:30,1.86e4,583271,14.4,,1010,0.000,2376,531,0
2017/3/28,14:01:45,1.86e4,581765,14.4,,1009,0.000,2352,561,0
2017/3/28,14:02:00,1.84e4,576288,14.41,,1010,0.000,2364,567,0
2017/3/28,14:02:15,1.83e4,574058,14.41,,1010,0.000,2399,517,0
2017/3/28,14:02:30,1.82e4,570077,14.42,,1010,0.000,2360,537,0
2017/3/28,14:02:45,1.80e4,565569,14.42,,1010,0.000,2391,532,0
2017/3/28,14:03:00,1.80e4,563328,14.42,,1010,0.000,2368,555,0
2017/3/28,14:03:15,1.78e4,559464,14.43,,1009,0.000,2407,513,0
2017/3/28,14:03:30,1.77e4,554804,14.43,,1010,0.000,2357,551,0
2017/3/28,14:03:45,1.75e4,549614,14.44,,1010,0.000,2395,524,0
2017/3/28,14:04:00,1.76e4,551591,14.43,,1010,0.000,2377,560,0
2017/3/28,14:04:15,1.74e4,545107,14.44,,1010,0.000,2369,546,0
2017/3/28,14:04:30,1.72e4,541544,14.44,,1010,0.000,2368,548,0
2017/3/28,14:04:45,1.71e4,538466,14.45,,1009,0.000,2371,549,0
2017/3/28,14:05:00,1.70e4,534919,14.45,,1009,0.000,2374,540,0
2017/3/28,14:05:15,1.69e4,530429,14.46,,1010,0.000,2384,544,0
2017/3/28,14:05:30,1.68e4,529300,14.46,,1010,0.000,2406,523,0
2017/3/28,14:05:45,1.67e4,524973,14.46,,1009,0.000,2357,550,0
2017/3/28,14:06:00,1.66e4,522390,14.46,,1010,0.000,2403,515,0
2017/3/28,14:06:15,1.64e4,517648,14.47,,1010,0.000,2385,560,0
2017/3/28,14:06:30,1.64e4,515346,14.47,,1009,0.000,2399,538,0
2017/3/28,14:06:45,1.62e4,511488,14.47,,1009,0.000,2403,522,0
2017/3/28,14:07:00,1.61e4,507077,14.48,,1010,0.000,2423,502,0
2017/3/28,14:07:15,1.61e4,506000,14.48,,1010,0.000,2412,531,0
2017/3/28,14:07:30,1.59e4,502396,14.48,,1010,0.000,2409,515,0
2017/3/28,14:07:45,1.58e4,499107,14.49,,1009,0.000,2415,516,0
2017/3/28,14:08:00,1.58e4,497171,14.49,,1010,0.000,2382,565,0
2017/3/28,14:08:15,1.55e4,489518,14.5,,1010,0.000,2397,545,0
2017/3/28,14:08:30,1.54e4,486805,14.5,,1009,0.000,2408,535,0
2017/3/28,14:08:45,1.54e4,485043,14.5,,1010,0.000,2407,507,0
2017/3/28,14:09:00,1.50e4,473716,14.51,,1009,0.000,2401,526,0
2017/3/28,14:09:15,1.50e4,472274,14.51,,1010,0.000,2395,561,0
2017/3/28,14:09:30,1.49e4,470369,14.52,,1010,0.000,2419,516,0
2017/3/28,14:09:45,1.48e4,467992,14.52,,1010,0.000,2362,567,0
2017/3/28,14:10:00,1.47e4,465369,14.52,,1010,0.000,2370,574,0
2017/3/28,14:10:15,1.46e4,462194,14.52,,1009,0.000,2386,548,0
2017/3/28,14:10:30,1.45e4,458721,14.53,,1009,0.000,2373,561,0
2017/3/28,14:10:45,1.43e4,452087,14.53,,1009,0.000,2392,559,0
2017/3/28,14:11:00,1.41e4,446405,14.54,,1010,0.000,2401,545,0
2017/3/28,14:11:15,1.43e4,452084,14.53,,1009,0.000,2429,524,0
2017/3/28,14:11:30,1.41e4,446951,14.54,,1010,0.000,2402,521,0
2017/3/28,14:11:45,1.40e4,442475,14.54,,1009,0.000,2406,559,0
