Sample File	D:\OlinCollege\All_data\OlinCollege\Sham!\Low 2.S80
Classifier Model	3080
DMA Model	3085
DMA Inner Radius(cm)	0.00937
DMA Outer Radius(cm)	0.01905
DMA Characteristic Length(cm)	0.04987
CPC Model	3775 Low Flow
Gas Viscosity (kg/(m*s))	1.822e-005
Mean Free Path (m)	6.642e-008
Channels/Decade	64
Multiple Charge Correction	TRUE
Nanoparticle Aggregate Mobility Analysis	FALSE
Diffusion Correction	TRUE
Gas Density	0.0012
Units	dw/dlogDp
Weight	Number
Sample #	1	2	3	4	5	6	7	8	9	10	11	12	13	14	15	16	17	18	19	20	21	22	23	24	25
Date	03/29/17	03/29/17	03/29/17	03/29/17	03/29/17	03/29/17	03/29/17	03/29/17	03/29/17	03/29/17	03/29/17	03/29/17	03/29/17	03/29/17	03/29/17	03/29/17	03/29/17	03/29/17	03/29/17	03/29/17	03/29/17	03/29/17	03/29/17	03/29/17	03/29/17
Start Time	11:40:53	11:45:57	11:50:57	11:55:57	12:00:57	12:05:57	12:10:57	12:15:57	12:20:57	12:25:57	12:30:57	12:35:57	12:40:57	12:45:57	12:50:57	12:55:57	13:00:57	13:05:57	13:10:57	13:15:57	13:20:57	13:25:57	13:30:57	13:35:57	13:40:57
Diameter Midpoint
7.10	91538.4	46414.8	64975.8	82627.6	82362.5	61897.8	53626.1	52191.7	67348.8	70339.3	76320.5	141005	146251	107782	94794.1	142996	112064	100102	116754	92156	104588	92625.3	92972.9	130212	65710.1
7.37	64252.5	37365	61162.4	52875.7	59710.1	79784	44669.7	54328	55862.9	62738.5	51054.3	118622	112524	93760.2	103152	104072	100308	97238	92695.6	76960	67322.1	78474.1	91918	78536.1	86884.5
7.64	50927.2	236476	48532.8	69120.4	56397	52316	58284.8	44102.2	43368.3	38579.4	44224.5	93465.2	72221.7	99336.6	74939.8	92381.7	74310.9	71768.1	70736.5	82960.9	67232.5	70457.2	64838.1	54981.2	64610.8
7.91	62465.8	83330.1	32863.4	49640.9	35224.5	46894.8	43351	48059.1	52924.6	34974.1	40568.1	87666.7	94907.4	86766.8	64094.1	68083.6	69924.4	60378.9	57614.4	56728.6	45243.8	70870.8	50141.7	49408.9	48277
8.20	42621.2	28893.9	34342.5	34346.2	28482.4	31914.4	44436.7	44431.9	38376.6	33528.9	33528.9	74529.8	71504.5	64019.4	70495.7	66250.1	72302.8	58970.7	55951.2	41612.4	54535.6	53126.9	39996.9	46869.5	47266.8
8.51	30136	17086.9	27138.4	33133.5	32782.1	26084.8	26084.8	32610.6	35956.7	22033.6	24854.1	60456.8	68210.6	62403.3	58161.7	51997.8	54821.2	43544.2	43533.5	52175	49354.2	42294.8	43533.5	45469.3	39830.9
8.82	35690	23628.5	32429.5	29971.3	26581.1	26889	24709.7	29361.6	28890.1	25652.6	58646.1	54381.6	40626.8	48338.2	38927.5	57627.6	52533.1	44807.3	41546.9	40477.6	39074.2	42182	41871.6	29801.7	28867.3
9.14	18916.9	15522.7	30318.3	24046.5	25808.1	27752.7	23605.3	24487.7	25018.8	21686.8	670693	50037.6	45684.2	47290.5	40786.7	40670.6	40487.7	42120.2	30318.3	37534.7	36072.1	25446.9	33841.6	24876.5	28556.6
9.47	15999.2	18410.3	25213.7	20133.5	27935	21699.8	21374.5	27572.4	20632.5	28383.6	452086	47223.7	36528.9	35927	37183.1	36407.5	35237.4	39009.2	26970.5	27417.4	29191.1	26694	27935	26574.3	22458.6
9.82	11920.8	16690.6	20689.4	22802.6	27697.8	23137.4	16690.6	17976	20138.1	19460.6	210464	40180.1	32600.7	33267.9	34048.4	31886.3	30285.8	24306.9	27924.5	25476.4	28534.9	28724.7	25725.4	26821.1	20194.8
 10.2	12653.1	16522.3	21941	18280.9	22295.9	13065.1	19120.7	12630.9	14655.9	11835.5	118128	32185.7	32518.5	35303.9	32619.9	30709.2	27895.2	23699.6	21297.6	24777	20654.4	25920.9	22939.2	19887.5	18141.7
 10.6	10318	10585.1	18842.7	13731.8	16803.1	10297.1	15478.6	14419.6	17465.4	16168	95392.6	28527.2	29902.9	30245.3	24403.1	29160.7	29186.3	24739.2	20610.4	22995.5	20293.7	24420.9	21938.1	21325.5	18081.1
 10.9	8919.37	13915.3	15386.2	11702.4	11367.7	17264.4	16339.5	13891.2	12986.2	11390.4	66616.2	23162.5	30844.9	29918.6	28392.4	23165.3	22165.2	19716.9	22192.1	23450.4	19431.8	16363.6	18526.8	16315.3	16692.8
 11.3	7870.82	9735.36	14224.9	13364.5	13434.9	12854	13413.1	16697.1	11084.5	12987.7	45341.3	24901	21675.3	24519.3	25664.3	20938.8	16531.7	18600.4	19208.1	17047.1	18493.4	17353.4	18192	16923.1	15605.7
 11.8	9053.79	9930.15	11786.7	11136	11814.4	9676.66	12972	11495.1	9467.24	13285.9	31233.5	19666.5	25673.1	20521.2	21672.7	19854.2	15798.4	15677.1	16030.2	15942.1	17672.4	16658.5	13654.6	16762.9	13153.7
 12.2	10567	6355.65	12864.3	8243.35	11596.4	9119.69	9580.36	7831.43	10365.1	8630.51	22868.7	21423.5	22754.5	18369.9	21566.1	18895.8	17607.6	15577.4	16044.1	17016.4	14619.3	16188.8	10438.6	11920.5	12409.7
 12.6	14579.2	10066.7	7877.79	10954.6	10008.4	9856.38	8804.73	8279.24	9254.54	10247.9	24959.3	19091.7	20706.1	19674.3	18746.7	16577	13757.1	14520.9	16117.3	13737.9	9425.78	13461.2	11815.8	10993.7	13011.3
 13.1	10350	6524.38	8394.17	8567.82	8315.66	7738.87	20577.3	10763.7	6611.96	9521.07	17808.5	18050.1	17885.5	16939.3	16576.4	13841	10583.1	18020.4	11103.5	10407.9	12761.4	10583.1	12132.2	11710	7738.87
 13.6	12398.1	6153.08	10976	7460.27	7530.83	8596.27	8997.17	7783.53	6836.73	6506.4	22891.7	16367.8	15839.4	13873.1	12322.1	10680.7	13290.1	11475.9	11422.8	12322.1	14297	11500.5	9179.3	10610.1	8619.26
 14.1	12021.8	5162.2	7888.22	7105.92	7726.24	6904.48	6763.58	5465.07	6155.14	7582.66	23152.3	14930.9	13032	11937.7	12663.2	12411.7	11784.9	9972.85	10972.3	11691.4	8563.72	9853.03	11745.4	11259.5	8017.24
 14.6	6701.16	4130.72	7173.26	6623.39	7134.38	7462.64	6083.52	6176.64	7147.9	6741.87	20961.5	15318.1	11689.9	11634.1	11750.7	12376.8	10661	10371.6	9193.82	10222.7	7665.79	8882.47	8742.01	10153.4	9696.36
 15.1	4270.8	3547.57	4541.55	6264.9	5127.98	6264.08	7401	6748.82	7227.44	6576.08	16315.9	11882.1	10846.9	12534.3	10300.1	12319.5	9017.35	10886.5	7951.49	9914.15	6335.96	8746.6	8813.17	6754.14	6335.14
 15.7	5241.63	5968.09	6324.35	4607.62	4444.9	4889.54	5550.09	6060.64	6095.73	5941.44	15487.6	11333.1	11843.6	10126.9	9383.55	8300.63	8727.07	9533.56	7534.81	7442.26	9704.63	6355.27	7116.82	8142.18	5646.91
 16.3	5323.12	3288.55	5862.51	5444.93	5829.92	6309.03	4269.57	3676.8	5302.33	4678.6	14541	10461.7	9867.27	10156.1	10661.3	7054.57	10035.9	7795.23	9065.1	8319.55	6575.47	7608.23	8625.1	7254.2	6132.21
 16.8	3308.5	3056.87	6447.61	6385.48	4271.5	5590.35	5152.25	5152.25	3499.51	3498	13723.3	10711.5	8808.68	8538.45	8620.7	8897.33	9833.81	7275.66	8291.36	7660.73	5784.4	6337.33	6143.28	7489.83	6888.75
 17.5	4262.25	4804.22	4978.8	5592.47	5465.64	5921.3	5230.66	4231.07	4128.19	5304.01	9814.2	10253.3	9413.67	9682.1	8298.55	8096.4	7108.12	5805.46	7989.91	7447.94	7021.81	7095.16	6788.48	6165.62	8021.09
 18.1	4475.81	3524.7	4858.86	3816.71	4752.79	3336.17	3510.77	3665.72	3599.5	4393.35	9355.98	9021.36	9195.03	8336.06	6164.51	6149.49	6623.75	6504.03	5800.01	6194.4	5333.12	6033.45	5439.19	4819.01	5350.74
 18.8	2048.3	2759.09	4645.3	4276.64	4360.7	4524.64	3187.13	3600.6	2920.46	3240.54	9366.79	7609.85	7979.97	7623.29	6549.06	6353.75	7790.61	6675.67	5384.09	7039.11	5788.23	5766.19	5150.64	4636.7	4199.34
 19.5	2332.17	3124.19	4958.93	3989.02	3799.51	4126.38	3313.69	3960.1	3461.85	3746.56	7587.42	8113.77	7786.89	6226.89	6267.42	5487	5351.27	6964.23	7004.75	5299.96	4579.92	4873.7	4714.75	3872.32	6091.16
 20.2	2504.88	2553.83	3737.87	3737.87	3107.45	4107.56	2553.83	3415.29	4058.61	2506.11	8386.54	7021.65	5782.52	7148.64	5626.45	6812.94	5135.52	4926.82	4989.89	4886.06	5721.9	3408.31	5042.53	4087.69	4599.32
 20.9	2261.63	2409.53	3218.42	3116.41	2853.7	2078.76	3415.08	4111.37	2805.28	2297.69	6999.97	6453.08	7379.04	7099.69	6204.43	6461.34	6191.16	4448.34	4776.88	4418.08	4485.26	4970.83	4784.39	2994.34	3821.27
 21.7	1922.89	2333.85	3237.78	3763.78	3735.02	2993.42	3695.12	3454.44	3289.25	2354.4	8591.79	6320.9	6670.49	6023.85	4865.49	4312.87	5471.17	4889.98	4802.76	5690.07	4117.7	3898.12	5117.46	3666.25	3742.6
 22.5	1873.37	2524.96	2529.35	2677	2832.38	3373.78	2714.85	2679.97	3205.86	2124.59	6839.83	6288.48	6522.97	4398.18	5552.75	4161.58	3536.53	4487.54	4055.84	3685.4	4065.17	3364.46	4170.02	4275.06	4007.76
 23.3	1977	2083.2	2459.47	3026.47	2919.11	2475.69	2802.39	2949.1	2574.17	1924.22	6391.8	5396.83	5170.11	5623.41	3509.19	4212.2	3158.07	4190.8	3144.23	4795.24	3072.65	4269.6	4259.51	2970.28	3114.28
 24.1	1732.13	2229.09	2998.82	2457.79	3219.02	1868.68	2754.19	2301.45	2029.2	2457.98	6021.4	5899.23	4602.24	4763.73	4483.43	5038.92	4731.71	4392.86	2557.65	4470.34	4102.69	3525.9	3031.91	2657.21	3002.52
 25.0	1812.49	2323.76	2298.57	2627.3	2923.64	2246.83	2347.96	2577.68	1882.9	2645.3	6428.24	6129.93	4360.56	4005.51	4240.01	3634.15	2894.17	3480.67	4191.79	3605.63	3146.2	2780.59	3080.16	2964.85	3101.12
 25.9	2123.7	2347.88	2670.77	2317.46	2399.89	2130.97	2286.91	2545.87	2756.83	2033.71	5172.4	4352.83	4858.68	4224.9	4155.46	4360.99	4783.29	3473.03	2657.73	3542.19	3853.09	2837.71	3504.09	2781.79	2958.25
 26.9	1703.31	1675.5	2442.3	2131.11	2454.16	1927.41	1311.39	1965.11	2609.72	1747.56	5321.1	3915.89	5265.71	4297.64	3939.29	4344.93	3188.84	3533.16	2608.16	3334	2744.51	3011.22	3503.7	2525.81	3298.57
 27.9	1435.77	2322.11	1953.88	1738.35	2000.78	2229.65	1858.96	1979.31	2276.81	1457.81	4351.77	4651.7	3842.1	3775.49	3671.23	3874.79	2874.83	3323.58	2732.09	2665.53	2535.8	2850.78	2473.08	2132.08	2724.64
 28.9	1435.07	1690.62	2027.48	2081.6	2318.62	1674.58	1960.12	1554.17	1990.46	1669.2	4844.99	3739.04	3300.84	3640.58	3055.86	2677.81	2378.23	3169.73	3616.09	3552.23	1990.84	2412.31	2765.86	2119.01	2392.74
 30.0	1270.36	1356.54	2522.3	2123.87	1665.44	1438.72	1729.24	2180.47	2169.5	1613.8	5132.44	3798.46	3961.51	3226.2	3131.54	2580.68	3035.89	2832.87	2831.77	2556.62	2344.03	2330.7	2002	2387.29	1927.63
 31.1	1226.74	1908.87	1953.75	1728.25	1603.45	1615.96	2144.28	1567.88	1669.4	1570.94	4239.4	3316.98	3391.6	2813.53	2501.7	3057.04	2836.08	3043.85	2126.16	2757.16	2527.52	2125.3	2537.31	1990.51	1599.39
 32.2	1234.42	1616.54	1777.67	1840.77	1885.74	2019.4	2056.11	1671.2	1299.89	1346.73	4752.77	3778.87	2799.12	2833.69	3382.25	2138.64	2596.36	2480.94	2223.76	2183.99	1841.84	2551.61	2058.69	2352.37	2035.02
 33.4	989.882	1534.88	1743.74	1294.28	1668.2	1650.77	1614.94	1315.04	1419.56	1310.1	3628.02	3216.34	3303.17	2773.96	2828.63	2252.58	2518.48	2144.54	2490.46	2543.13	3314.67	1713.31	2234.82	2526.68	1601.67
 34.6	736.14	1280.57	1677.4	1694.16	1604.2	1480.47	1302.96	1458.38	2089.24	1509.01	4672.75	2581.1	2717.69	2770.91	2324.19	2620.33	2411.5	2340.65	2306.5	2457.07	1904.49	2075.11	2130.65	2575.23	1589.6
 35.9	801.996	1285.18	1384.18	1579.39	1357.62	1857.15	1269.74	1278.04	1172.95	1775.61	2999.67	3366.35	2957.73	2913.5	2097.57	2237.1	2254.86	2246.16	2102.09	2037.45	2304.17	1725.89	1817.7	1981.01	2253.12
 37.2	991.792	1355.02	1466.86	893.23	1401.46	1131.21	1236.6	1476.02	1034.27	1642.53	3415.48	2428.75	2558.47	2146.34	1943.1	2539.75	2209.61	2251.1	1966.98	1670.99	1890.61	1962.54	1863.58	1276.03	1402.12
 38.5	2093.97	1202.49	1716.37	1134.03	1124.1	1522.83	1501.1	1075.15	1280.71	1449.29	2996.51	2497.59	2171.7	2619.04	2168.64	2542.28	1633.48	2471.85	1974.55	1880.12	1903.32	1682.27	1994.37	1770.99	1762.67
 40.0	2680.06	1139.54	1291.7	1373.16	1760.93	1250.83	1226.23	910.577	1203.07	814.637	2741.29	2884.85	2718.47	2176.76	2037.84	2080.51	1927.26	1816.03	2100.62	2214.11	1403.65	1747.08	1141.54	1989.42	1614.35
 41.4	914.073	1506.14	1205.9	1252.19	1040.69	869.444	1101.03	930.795	1403.22	1065.73	2681.63	2615.49	2027.55	1863.11	1779.26	2396.09	1811.51	2168.5	1448.59	1567.28	1640.85	1470.44	1914.78	1180.23	1213.06
 42.9	743.881	1102.2	897.715	1367.13	1583.19	1126.33	953.694	861.352	1620.17	1203.73	2903.58	1884.33	1912.86	1840.78	2166.89	1719.52	2120.44	2228.54	1298.31	1384.68	1424.01	1338.42	1440.48	1750.47	1138.31
 44.5	960.711	1000.24	1176.09	1173.39	1127.32	1141.72	1327.07	1168.93	1017.63	1056.9	2647.02	2398.18	2163.63	2155.79	1661.13	1952.57	1988.49	1948.99	1704.44	1390.23	1816.98	1722.61	1513.68	1627.4	1297.19
 46.1	1206.88	1372.61	837.963	1315.7	711.514	1055.51	1160.75	691.168	1074.4	850.928	2480.73	2137.94	2477.98	2463.97	2524.91	1701.66	1420.37	1398.11	1558.34	1434.68	1596.61	1858.78	1719.36	1375.27	1396.52
 47.8	505.37	915.835	1435.51	1339.71	1484.98	911.325	880.488	832.073	970.268	1029.48	2205.12	1988.49	1959.12	1744.09	1809.69	1827.85	1720.2	1696.65	1545.92	2010.56	1637.29	1171.31	1600.59	1116.54	1251.3
 49.6	1050.46	1334.31	1138.77	1050.08	1080.3	896.76	746.592	1189.49	1041.72	878.277	2626.9	2186.23	1854.7	1893.61	1802.95	1715.71	1704.47	1634.3	1601.03	1693.33	1313.4	1589.58	1240.34	921.6	1260.62
 51.4	921.406	1039.86	1170.27	1060.86	1174.24	651.283	872.437	1111.63	742.583	1062.98	1833.88	1491.17	1743.57	1637.42	1605.26	1486.81	1348.33	1211.09	1161.63	1108.27	1161.34	1485.03	1476.38	1138.41	1246.24
 53.3	774.034	886.321	1172.36	1215.55	1036.2	869.922	895.918	1088.31	818.935	832.262	2008.4	1711.99	1717.49	1779.09	1650.48	1100.76	1563.05	1336.96	1192.97	1739.49	1156.09	1374.99	1359.68	1124.99	1135.81
 55.2	871.339	503.623	935.307	1182.59	892.13	860.177	873.085	981.723	907.388	822.655	2029.5	1656.78	1263.91	2031.78	1606.06	1455.11	1876.74	1189.46	1456.63	1274.29	1551.07	968.964	940.151	1073.95	1186.12
 57.3	842.35	729.172	944.245	1061.74	687.513	842.035	994.409	1069.05	864.374	668.193	2009.59	1717.57	1823.16	1375	1488.73	1281.86	1530.25	1273.17	1221.19	1226.33	1432.08	1130.95	1184.34	1008.15	1061.57
 59.4	582.627	720.495	714.539	673.906	802.733	1146.63	673.922	689.537	626.101	574.524	2127.45	1849.22	1672.3	1198.42	1148.96	1603.6	1215.34	1240.95	1016.9	1154.65	1151.11	1308.2	1175.42	719.512	1088.25
 61.5	345.63	718.444	687.942	1011.25	1020.01	841.602	823.334	723.663	543.661	923.496	1972.53	1772.93	1620.54	1788.05	1573.83	1391.04	1548.96	1091.56	1323.74	1226.09	1347.77	941.286	815.908	882.548	778.691
 63.8	375.135	686.151	825.682	704.256	878.18	1052.1	610.433	777.183	737.199	530.464	1484.99	1850.41	1618.84	1270.96	1150.97	1492.21	1348.81	1397.52	928.331	1486.07	1139.02	959.939	957.624	591.889	1250.4
 66.1	543.404	625.122	1004.08	644.946	868.019	594.371	766.465	684.295	699.945	580.62	1662.38	1561.96	1299.46	1592.36	1885.05	1480.48	1357.18	1366.54	796.725	1084.27	1459.31	1032.67	1032.87	894.031	935.77
 68.5	670.13	1093.82	724.298	852.401	786.618	1114.02	654.871	485.158	563.237	532.631	1393.71	1407.36	1463.24	1379.13	1677.12	1442.36	911.432	1295.95	1127.24	866.043	880.674	1154.18	845.167	798.067	1173.03
 71.0	357.396	1040.56	864.797	774.639	616.903	437	693.977	696.383	566.266	510.579	1381.62	940.98	1180.82	1190.96	1505.02	1509.8	884.835	752.68	844.641	1227.51	1074.38	936.992	927.177	652.782	810.597
 73.7	399.505	501.093	932.063	596.39	732.249	522.348	552.301	579.165	711.088	559.678	1240.05	1520.81	1070.62	1193.8	1299.58	916.856	909.697	889.729	786.538	925.345	895.783	894.13	841.204	897.919	836.091
 76.4	360.382	829.9	566.213	348.175	586.824	877.889	728.908	593.243	602.937	563.528	1502.7	1204.83	1313.21	986.826	1165.54	906.12	679.894	1264.41	948.838	920.177	862.228	865.838	802.998	857.711	501.104
 79.1	528.179	735.59	678.163	441.071	648.349	688.262	499.709	785.529	676.842	527.718	1322.07	1273.74	1229.03	1204.3	1232.26	740.258	827.413	823.308	761.443	1083.52	636.287	542.337	610.9	707.424	681.331
 82.0	420.464	679.822	677.253	577.187	705.214	627.359	677.452	546.103	505.621	503.939	1053.61	1049.78	1001.29	885.609	921.486	1182.39	925.199	1170.64	946.374	1040.03	813.84	731.538	866.211	663.843	534.181
 85.1	344.407	768.391	524.994	688.517	796.11	635.141	629.423	625.781	462.787	628.914	1404.49	1273.69	1050.23	1395.5	964.492	1026.99	1121.95	960.185	641.059	696.322	824.684	828.667	476.448	812.052	993.437
 88.2	207.355	565.687	523.092	438.037	423.708	572.866	653.266	527.924	326.271	345.426	1193.25	1381.14	1054.64	993.314	882.465	697.19	1019.41	973.866	817.619	903.712	821.352	810.317	572.949	765.915	734.545
 91.4	1690.04	639.446	894.044	510.933	683.165	646.282	588.617	570.672	406.955	579.258	1571.83	1011.58	985.052	859.561	639.148	1060.54	839.806	804.861	535.816	744.601	870.521	741.826	701.912	591.519	613.106
 94.7	643.095	622.055	615.544	555.83	569.192	402.144	605.889	448.097	619.693	447.711	1111.55	1047.07	1067.73	894.921	780.981	715.775	760.544	734.778	795.441	703.81	783.591	667.467	774.204	590.732	495.781
 98.2	318.56	742.1	523.603	360.687	703.818	461.223	501.972	327.781	509.509	524.389	1074.31	953.131	1160.16	1135.68	927.076	773.601	1004.11	952.64	768.091	780.193	848.745	626.768	432.715	826.28	588.929
101.8	387.096	342.195	452.896	601.558	441.768	476.295	539.725	483.972	325.077	599.906	996.019	1267.21	834.866	740.455	813.506	674.385	578.697	871.171	719.933	665.438	903.287	627.696	635.285	653.26	713.368
105.5	574.409	576.105	798.786	639.994	710.079	891.163	521.277	536.737	557.648	710.608	1115.51	1199.72	1422.63	1191.55	1027.33	1038.94	972.819	919.198	1002.3	780.07	639.303	817.753	672.973	705.751	684.233
109.4	572.851	548.807	587.297	697.576	764.695	716.689	786.059	663.932	678.282	699.993	1222.42	1327.85	1129.01	1021.15	1016.31	1323.1	826.968	869.959	1167.23	874.807	1066.73	934.912	843.664	977.82	855.513
113.4	443.908	470.043	635.232	651.805	501.355	536.766	616.107	529.755	556.251	565.814	993.148	1420.05	1312.89	1325.22	1055.27	1248.14	1243.9	902.411	1064.9	787.803	1033.23	534.501	792.692	763.645	818.684
117.6	498.774	708.157	497.378	541.274	823.122	645.884	686.443	668.306	527.888	468.264	1559.85	1350	1302.36	1038.65	939.722	1091.42	906.563	1025.81	925.791	717.498	935.515	791.053	866.167	715.395	916.995
121.9	574.767	670.713	579.729	809.02	660.326	660.326	571.584	632.246	592.534	401.175	1489.35	1330.81	1347.33	1354.23	1111.6	1109.36	719.513	762.942	1074.61	724.706	716.56	771.318	935.768	672.189	762.942
126.3	323.019	537.08	661.034	725.428	682.334	474.578	695.438	549.133	687.167	602.883	1032.9	1174.79	1224.19	1216.97	1013.13	1065.83	837.749	846.996	1004.8	1026.65	755.913	825.696	786.879	780.154	797.597
131.0	1712.73	629.986	701.392	668.035	613.042	738.063	356.98	449.441	754.211	611.902	1589.88	1005.29	1071.21	1113.63	1269.84	981.263	849.111	908.745	828.587	843.092	949.233	733.688	586.5	681.4	907.949
135.8	693.851	458.147	543.539	655.555	723.525	360.502	644.499	608.459	641.978	595.412	1135.9	1501.97	1010.84	1380.49	1160.88	951.137	1155.05	939.022	1037.73	830.586	956.443	776.192	704.113	765.136	719.893
140.7	489.205	502.591	623.374	662.846	565.093	577.262	554.762	745.375	499.536	607.568	1359.64	1482.84	1196.91	1215.08	1310.42	974.242	1112.58	1172.08	853.407	991.162	886.185	984.521	712.014	699.793	840.604
145.9	426.115	483.06	605.277	780.794	599.429	591.74	505.326	667.984	583.01	471.726	1461.55	1050.01	1043.8	952.181	1070.48	946.419	1050.69	728.572	1028.51	609.599	798.653	900.045	780.794	832.931	920.107
151.2	422.831	457.014	662.701	529.569	481.159	650.619	538.778	703.928	602.936	570.19	1280.57	1001.52	1289.78	1131.78	1002.96	913.925	906.135	1091.16	751.732	989.438	891.926	978.083	860.616	899.698	754.485
156.8	359.296	693.983	537.1	726.08	750.381	579.139	536.384	524.283	600.467	615.233	1081.79	1259.28	931.466	832.412	1070.61	1054.82	1173.35	979.352	579.139	663.119	755.303	802.264	606.006	659.122	813.033
Scan Up Time(s)	240	240	240	240	240	240	240	240	240	240	240	240	240	240	240	240	240	240	240	240	240	240	240	240	240
Retrace Time(s)	60	60	60	60	60	60	60	60	60	60	60	60	60	60	60	60	60	60	60	60	60	60	60	60	60
Down Scan First	FALSE	FALSE	FALSE	FALSE	FALSE	FALSE	FALSE	FALSE	FALSE	FALSE	FALSE	FALSE	FALSE	FALSE	FALSE	FALSE	FALSE	FALSE	FALSE	FALSE	FALSE	FALSE	FALSE	FALSE	FALSE
Scans Per Sample	1	1	1	1	1	1	1	1	1	1	1	1	1	1	1	1	1	1	1	1	1	1	1	1	1
Impactor Type(cm)	0.071	0.071	0.071	0.071	0.071	0.071	0.071	0.071	0.071	0.071	0.071	0.071	0.071	0.071	0.071	0.071	0.071	0.071	0.071	0.071	0.071	0.071	0.071	0.071	0.071
Sheath Flow(lpm)	3	3	3	3	3	3	3	3	3	3	3	3	3	3	3	3	3	3	3	3	3	3	3	3	3
Aerosol Flow(lpm)	0.3	0.3	0.3	0.3	0.3	0.3	0.3	0.3	0.3	0.3	0.3	0.3	0.3	0.3	0.3	0.3	0.3	0.3	0.3	0.3	0.3	0.3	0.3	0.3	0.3
CPC Inlet Flow(lpm)	0.3	0.3	0.3	0.3	0.3	0.3	0.3	0.3	0.3	0.3	0.3	0.3	0.3	0.3	0.3	0.3	0.3	0.3	0.3	0.3	0.3	0.3	0.3	0.3	0.3
CPC Sample Flow(lpm)	0.3	0.3	0.3	0.3	0.3	0.3	0.3	0.3	0.3	0.3	0.3	0.3	0.3	0.3	0.3	0.3	0.3	0.3	0.3	0.3	0.3	0.3	0.3	0.3	0.3
Low Voltage	25.5554	25.5554	25.5554	25.5554	25.5554	25.5554	25.5554	25.5554	25.5554	25.5554	25.5554	25.5554	25.5554	25.5554	25.5554	25.5554	25.5554	25.5554	25.5554	25.5554	25.5554	25.5554	25.5554	25.5554	25.5554
High Voltage	9357.87	9357.87	9357.87	9357.87	9357.87	9357.87	9357.87	9357.87	9357.87	9357.87	9357.87	9357.87	9357.87	9357.87	9357.87	9357.87	9357.87	9357.87	9357.87	9357.87	9357.87	9357.87	9357.87	9357.87	9357.87
Lower Size(nm)	6.97831	6.97831	6.97831	6.97831	6.97831	6.97831	6.97831	6.97831	6.97831	6.97831	6.97831	6.97831	6.97831	6.97831	6.97831	6.97831	6.97831	6.97831	6.97831	6.97831	6.97831	6.97831	6.97831	6.97831	6.97831
Upper Size(nm)	159.634	159.634	159.634	159.634	159.634	159.634	159.634	159.634	159.634	159.634	159.634	159.634	159.634	159.634	159.634	159.634	159.634	159.634	159.634	159.634	159.634	159.634	159.634	159.634	159.634
Density(g/cc)	1.2	1.2	1.2	1.2	1.2	1.2	1.2	1.2	1.2	1.2	1.2	1.2	1.2	1.2	1.2	1.2	1.2	1.2	1.2	1.2	1.2	1.2	1.2	1.2	1.2
Title																									
Status Flag	Normal Scan	Normal Scan	Normal Scan	Normal Scan	Normal Scan	Normal Scan	Normal Scan	Normal Scan	Normal Scan	Normal Scan	Normal Scan	Normal Scan	Normal Scan	Normal Scan	Normal Scan	Normal Scan	Normal Scan	Normal Scan	Normal Scan	Normal Scan	Normal Scan	Normal Scan	Normal Scan	Normal Scan	Normal Scan
td(s)	2.93	2.93	2.93	2.93	2.93	2.93	2.93	2.93	2.93	2.93	2.93	2.93	2.93	2.93	2.93	2.93	2.93	2.93	2.93	2.93	2.93	2.93	2.93	2.93	2.93
tf(s)	0.783657	0.783657	0.783657	0.783657	0.783657	0.783657	0.783657	0.783657	0.783657	0.783657	0.783657	0.783657	0.783657	0.783657	0.783657	0.783657	0.783657	0.783657	0.783657	0.783657	0.783657	0.783657	0.783657	0.783657	0.783657
D50(nm)	1284.41	1284.41	1284.41	1284.41	1284.41	1284.41	1284.41	1284.41	1284.41	1284.41	1284.41	1284.41	1284.41	1284.41	1284.41	1284.41	1284.41	1284.41	1284.41	1284.41	1284.41	1284.41	1284.41	1284.41	1284.41
Median(nm)	8.3774	7.90833	9.13787	8.6927	8.98325	8.79793	9.05534	8.90644	8.76291	8.95072	9.4631	8.87512	8.83781	8.94807	9.06504	8.74631	8.77912	8.91533	8.74585	8.94465	8.90178	8.78167	8.86408	8.64419	8.79616
Mean(nm)	13.1106	12.6481	14.2427	13.8455	14.0445	13.8784	14.0893	14.0031	13.7924	13.897	12.4103	14.0933	14.011	14.1014	14.2794	13.6584	13.7902	14.1203	13.8651	14.1127	14.199	13.8161	13.8121	13.5919	14.265
Geo. Mean(nm)	10.3444	10.0014	11.1143	10.7671	10.9125	10.8168	11.0563	10.9467	10.8001	10.8606	10.7107	10.9528	10.9328	11.0031	11.095	10.7039	10.7906	10.9747	10.8123	11.0354	10.9865	10.8177	10.8638	10.6644	10.9996
Mode(nm)	7.10497	7.63506	7.10497	7.10497	7.10497	7.36525	7.63506	7.36525	7.10497	7.10497	9.13982	7.10497	7.10497	7.10497	7.36525	7.10497	7.10497	7.10497	7.10497	7.10497	7.10497	7.10497	7.10497	7.10497	7.36525
Geo. Std. Dev.	1.70683	1.6943	1.75577	1.75144	1.7574	1.7497	1.74035	1.74254	1.73867	1.74311	1.5124	1.75903	1.75184	1.75029	1.75898	1.73544	1.73866	1.75929	1.74858	1.7531	1.76672	1.73846	1.73797	1.73369	1.77282
Total Concentration(#/cm³)	9812.91	11227.9	9879.75	10148	10060.2	9702.89	9396.56	9326.03	9472.29	8925.47	37705.5	19138.7	18382.9	17431.2	16103.7	16914.6	15727.5	14622.3	14012.2	13711.7	13060.1	13246.5	12818.6	12592.9	11402.3
Comment																									
