TSI CPC DATA VERSION 3
1490461140,2017/3/25,16:59:00
15
1.08,130
Model 3783 Ver 1.27 S/N 3783111302
"Date","Time","Concentration","Count"," Live-Time","Blank","Abs Press"," Analog In","Pulse Height"," Pulse STD","Status Flags"
2017/3/25,16:59:00,1.83e4,575392,14.45,,1019,0.000,2476,415,0
2017/3/25,16:59:15,1.80e4,565800,14.46,,1019,0.000,2509,404,0
2017/3/25,16:59:30,1.80e4,566839,14.46,,1019,0.000,2513,383,0
2017/3/25,16:59:45,1.76e4,552958,14.47,,1020,0.000,2500,417,0
2017/3/25,17:00:00,1.76e4,554897,14.47,,1019,0.000,2510,401,0
2017/3/25,17:00:15,1.68e4,528104,14.49,,1019,0.000,2521,397,0
2017/3/25,17:00:30,1.64e4,516943,14.5,,1019,0.000,2525,393,0
2017/3/25,17:00:45,1.73e4,545069,14.48,,1019,0.000,2531,393,0
2017/3/25,17:01:00,1.70e4,534200,14.49,,1019,0.000,2509,416,0
2017/3/25,17:01:15,1.66e4,524364,14.5,,1019,0.000,2512,417,0
2017/3/25,17:01:30,1.63e4,513171,14.51,,1019,0.000,2486,424,0
2017/3/25,17:01:45,1.61e4,509525,14.51,,1020,0.000,2520,377,0
2017/3/25,17:02:00,1.56e4,493052,14.53,,1019,0.000,2551,369,0
2017/3/25,17:02:15,1.53e4,483956,14.53,,1019,0.000,2534,379,0
2017/3/25,17:02:30,1.51e4,477629,14.54,,1019,0.000,2542,368,0
2017/3/25,17:02:45,1.50e4,475160,14.54,,1019,0.000,2517,394,0
2017/3/25,17:03:00,1.51e4,477411,14.54,,1019,0.000,2523,397,0
2017/3/25,17:03:15,1.50e4,474294,14.54,,1019,0.000,2521,407,0
2017/3/25,17:03:30,1.47e4,466486,14.55,,1019,0.000,2535,394,0
2017/3/25,17:03:45,1.41e4,448178,14.57,,1019,0.000,2528,408,0
2017/3/25,17:04:00,1.54e4,487976,14.53,,1019,0.000,2519,394,0
2017/3/25,17:04:15,1.44e4,455626,14.56,,1019,0.000,2486,438,0
2017/3/25,17:04:30,1.48e4,468701,14.55,,1019,0.000,2514,408,0
2017/3/25,17:04:45,1.47e4,464299,14.55,,1019,0.000,2561,355,0
2017/3/25,17:05:00,1.46e4,462375,14.55,,1019,0.000,2515,390,0
2017/3/25,17:05:15,2.34e4,725976,14.32,,1019,0.000,2432,416,0
2017/3/25,17:05:30,3.76e4,1136175,13.95,,1020,0.000,2310,422,0
2017/3/25,17:05:45,3.90e4,1174292,13.91,,1020,0.000,2268,428,0
2017/3/25,17:06:00,3.79e4,1145494,13.94,,1019,0.000,2303,391,0
2017/3/25,17:06:15,5.98e4,1734160,13.41,,1020,0.000,2144,389,0
2017/3/25,17:06:30,6.68e4,1915387,13.24,,1020,0.000,2097,350,0
2017/3/25,17:06:45,8.79e4,2423899,12.75,,1020,0.000,2014,377,0
2017/3/25,17:07:00,8.24e4,2292582,12.87,,1020,0.000,2059,388,0
2017/3/25,17:07:15,9.33e4,2549466,12.62,,1020,0.000,1983,358,0
2017/3/25,17:07:30,9.02e4,2477247,12.7,,1020,0.000,1993,393,0
2017/3/25,17:07:45,1.20e5,3127083,12.03,,1020,0.000,1925,388,0
2017/3/25,17:08:00,1.31e5,3351084,11.79,,1020,0.000,1909,394,0
2017/3/25,17:08:15,1.37e5,3463371,11.67,,1020,0.000,1851,400,0
2017/3/25,17:08:30,1.40e5,3530771,11.59,,1020,0.000,1867,415,0
2017/3/25,17:08:45,1.51e5,3733901,11.36,,1020,0.000,1828,393,0
2017/3/25,17:09:00,1.42e5,3563863,11.55,,1020,0.000,1867,394,0
2017/3/25,17:09:15,1.37e5,3469643,11.66,,1020,0.000,1854,434,0
2017/3/25,17:09:30,1.48e5,3680337,11.42,,1020,0.000,1860,416,0
2017/3/25,17:09:45,1.67e5,4015385,11.03,,1020,0.000,1817,428,0
2017/3/25,17:10:00,1.75e5,4138787,10.89,,1020,0.000,1765,438,0
2017/3/25,17:10:15,1.76e5,4152386,10.86,,1020,0.000,1782,432,0
2017/3/25,17:10:30,1.74e5,4129213,10.9,,1020,0.000,1756,423,0
2017/3/25,17:10:45,1.75e5,4142755,10.87,,1020,0.000,1768,421,0
2017/3/25,17:11:00,1.88e5,4332733,10.64,,1020,0.000,1730,454,0
2017/3/25,17:11:15,2.01e5,4528601,10.38,,1020,0.000,1741,462,0
2017/3/25,17:11:30,2.00e5,4517897,10.41,,1020,0.000,1716,437,0
2017/3/25,17:11:45,1.88e5,4343711,10.62,,1020,0.000,1721,429,0
2017/3/25,17:12:00,1.95e5,4447990,10.49,,1020,0.000,1734,434,0
2017/3/25,17:12:15,2.09e5,4648940,10.22,,1019,0.000,1723,472,0
2017/3/25,17:12:30,2.05e5,4587778,10.3,,1020,0.000,1729,458,0
2017/3/25,17:12:45,2.09e5,4640505,10.23,,1020,0.000,1661,446,0
2017/3/25,17:13:00,2.16e5,4741556,10.09,,1020,0.000,1679,462,0
2017/3/25,17:13:15,2.24e5,4848365,9.955,,1020,0.000,1651,441,0
2017/3/25,17:13:30,2.42e5,5059883,9.647,,1019,0.000,1628,478,0
2017/3/25,17:13:45,2.44e5,5087595,9.61,,1020,0.000,1629,480,0
2017/3/25,17:14:00,2.51e5,5166078,9.49,,1020,0.000,1610,463,0
2017/3/25,17:14:15,2.44e5,5089455,9.598,,1020,0.000,1621,477,0
2017/3/25,17:14:30,2.42e5,5065892,9.637,,1020,0.000,1643,466,0
2017/3/25,17:14:45,2.61e5,5277932,9.311,,1020,0.000,1588,461,0
2017/3/25,17:15:00,2.57e5,5236437,9.372,,1020,0.000,1635,493,0
2017/3/25,17:15:15,2.63e5,5297010,9.274,,1020,0.000,1612,489,0
2017/3/25,17:15:30,2.60e5,5262787,9.335,,1020,0.000,1614,488,0
2017/3/25,17:15:45,2.61e5,5271018,9.315,,1020,0.000,1613,489,0
2017/3/25,17:16:00,2.76e5,5426828,9.064,,1020,0.000,1589,485,0
2017/3/25,17:16:15,2.66e5,5303408,9.252,,1020,0.000,1560,506,0
2017/3/25,17:16:30,2.74e5,5411050,9.097,,1020,0.000,1586,501,0
2017/3/25,17:16:45,2.86e5,5522808,8.89,,1020,0.000,1583,499,0
2017/3/25,17:17:00,2.83e5,5493090,8.946,,1020,0.000,1586,516,0
2017/3/25,17:17:15,2.74e5,5402024,9.074,,1020,0.000,1601,512,0
2017/3/25,17:17:30,2.76e5,5422158,9.067,,1020,0.000,1584,521,0
2017/3/25,17:17:45,2.80e5,5460763,8.994,,1020,0.000,1586,499,0
2017/3/25,17:18:00,2.87e5,5525565,8.879,,1020,0.000,1583,496,0
2017/3/25,17:18:15,2.80e5,5456195,8.993,,1020,0.000,1577,487,0
2017/3/25,17:18:30,2.86e5,5520793,8.895,,1020,0.000,1586,489,0
2017/3/25,17:18:45,2.87e5,5525924,8.869,,1020,0.000,1608,520,0
2017/3/25,17:19:00,2.88e5,5534729,8.858,,1020,0.000,1573,512,0
2017/3/25,17:19:15,2.87e5,5523129,8.874,,1020,0.000,1583,512,0
2017/3/25,17:19:30,2.92e5,5572662,8.786,,1020,0.000,1547,467,0
2017/3/25,17:19:45,2.92e5,5573983,8.783,,1020,0.000,1586,515,0
2017/3/25,17:20:00,2.81e5,5464759,8.963,,1020,0.000,1580,499,0
2017/3/25,17:20:15,2.82e5,5471060,8.954,,1020,0.000,1578,505,0
2017/3/25,17:20:30,2.93e5,5573912,8.783,,1020,0.000,1564,510,0
2017/3/25,17:20:45,3.02e5,5655848,8.632,,1020,0.000,1569,524,0
2017/3/25,17:21:00,3.00e5,5634746,8.669,,1020,0.000,1547,510,0
2017/3/25,17:21:15,2.99e5,5622609,8.679,,1020,0.000,1549,502,0
2017/3/25,17:21:30,2.98e5,5616507,8.7,,1020,0.000,1589,504,0
2017/3/25,17:21:45,3.02e5,5656062,8.62,,1020,0.000,1545,513,0
2017/3/25,17:22:00,3.07e5,5692903,8.544,,1020,0.000,1553,535,0
2017/3/25,17:22:15,3.08e5,5702697,8.534,,1020,0.000,1530,491,0
2017/3/25,17:22:30,2.99e5,5629535,8.666,,1020,0.000,1568,526,0
2017/3/25,17:22:45,3.10e5,5714382,8.507,,1020,0.000,1523,516,0
2017/3/25,17:23:00,3.06e5,5686157,8.563,,1020,0.000,1588,534,0
2017/3/25,17:23:15,3.08e5,5698363,8.526,,1020,0.000,1575,521,0
2017/3/25,17:23:30,3.07e5,5696723,8.552,,1020,0.000,1552,516,0
2017/3/25,17:23:45,3.12e5,5737656,8.463,,1020,0.000,1538,532,0
2017/3/25,17:24:00,3.00e5,5626872,8.653,,1020,0.000,1575,515,0
2017/3/25,17:24:15,3.19e5,5785830,8.367,,1020,0.000,1550,534,0
2017/3/25,17:24:30,3.10e5,5717634,8.504,,1020,0.000,1517,527,0
2017/3/25,17:24:45,3.17e5,5770349,8.384,,1020,0.000,1518,500,0
2017/3/25,17:25:00,3.15e5,5753272,8.422,,1020,0.000,1569,527,0
2017/3/25,17:25:15,3.15e5,5755447,8.412,,1020,0.000,1580,528,0
2017/3/25,17:25:30,3.11e5,5723519,8.483,,1020,0.000,1577,535,0
2017/3/25,17:25:45,3.04e5,5668276,8.579,,1020,0.000,1582,498,0
2017/3/25,17:26:00,3.11e5,5718940,8.482,,1020,0.000,1530,489,0
2017/3/25,17:26:15,3.08e5,5691621,8.522,,1020,0.000,1578,511,0
2017/3/25,17:26:30,3.03e5,5659430,8.603,,1020,0.000,1558,498,0
2017/3/25,17:26:45,3.10e5,5704656,8.492,,1020,0.000,1591,537,0
2017/3/25,17:27:00,3.05e5,5671213,8.565,,1020,0.000,1569,522,0
2017/3/25,17:27:15,3.04e5,5658881,8.589,,1020,0.000,1540,532,0
2017/3/25,17:27:30,3.13e5,5737272,8.449,,1020,0.000,1558,523,0
2017/3/25,17:27:45,3.07e5,5685045,8.535,,1020,0.000,1547,540,0
2017/3/25,17:28:00,3.10e5,5713341,8.486,,1020,0.000,1563,534,0
2017/3/25,17:28:15,3.13e5,5734972,8.435,,1020,0.000,1530,506,0
2017/3/25,17:28:30,3.07e5,5682646,8.536,,1020,0.000,1541,540,0
2017/3/25,17:28:45,3.17e5,5770148,8.386,,1020,0.000,1525,487,0
2017/3/25,17:29:00,3.20e5,5782210,8.342,,1020,0.000,1544,511,0
2017/3/25,17:29:15,3.17e5,5767922,8.384,,1020,0.000,1492,537,0
2017/3/25,17:29:30,3.15e5,5756080,8.417,,1020,0.000,1525,502,0
2017/3/25,17:29:45,3.10e5,5710295,8.488,,1020,0.000,1552,524,0
2017/3/25,17:30:00,3.13e5,5730721,8.446,,1020,0.000,1578,535,0
2017/3/25,17:30:15,3.13e5,5729033,8.437,,1020,0.000,1517,518,0
2017/3/25,17:30:30,3.11e5,5721920,8.482,,1020,0.000,1518,504,0
2017/3/25,17:30:45,3.13e5,5729317,8.448,,1020,0.000,1524,528,0
2017/3/25,17:31:00,3.08e5,5691565,8.51,,1020,0.000,1527,531,0
2017/3/25,17:31:15,3.07e5,5683901,8.534,,1021,0.000,1539,512,0
2017/3/25,17:31:30,3.08e5,5688604,8.526,,1021,0.000,1539,521,0
2017/3/25,17:31:45,3.07e5,5683763,8.523,,1020,0.000,1568,537,0
2017/3/25,17:32:00,3.09e5,5695831,8.498,,1020,0.000,1589,541,0
2017/3/25,17:32:15,3.09e5,5697370,8.499,,1020,0.000,1558,517,0
2017/3/25,17:32:30,3.06e5,5660027,8.576,,1021,0.000,1551,578,0
2017/3/25,17:32:45,3.08e5,5697028,8.525,,1020,0.000,1520,505,0
2017/3/25,17:33:00,3.03e5,5644837,8.597,,1020,0.000,1552,539,0
2017/3/25,17:33:15,2.98e5,5602190,8.666,,1020,0.000,1580,539,0
2017/3/25,17:33:30,3.04e5,5661278,8.576,,1020,0.000,1528,532,0
2017/3/25,17:33:45,3.03e5,5648129,8.59,,1020,0.000,1575,520,0
2017/3/25,17:34:00,2.94e5,5573159,8.731,,1020,0.000,1531,521,0
2017/3/25,17:34:15,2.66e5,5295932,9.191,,1021,0.000,1599,512,0
2017/3/25,17:34:30,2.58e5,5217285,9.315,,1021,0.000,1624,518,0
2017/3/25,17:34:45,2.44e5,5060982,9.552,,1021,0.000,1638,510,0
2017/3/25,17:35:00,2.33e5,4930076,9.756,,1021,0.000,1669,524,0
2017/3/25,17:35:15,2.33e5,4921765,9.751,,1021,0.000,1625,487,0
2017/3/25,17:35:30,2.17e5,4729368,10.03,,1021,0.000,1693,515,0
2017/3/25,17:35:45,2.01e5,4506799,10.33,,1021,0.000,1707,480,0
2017/3/25,17:36:00,1.91e5,4364437,10.51,,1021,0.000,1737,513,0
2017/3/25,17:36:15,1.95e5,4417920,10.45,,1021,0.000,1728,498,0
2017/3/25,17:36:30,1.83e5,4240126,10.68,,1020,0.000,1793,488,0
2017/3/25,17:36:45,1.75e5,4115534,10.84,,1021,0.000,1790,468,0
2017/3/25,17:37:00,1.66e5,3967431,11.01,,1021,0.000,1794,460,0
2017/3/25,17:37:15,1.59e5,3861703,11.14,,1021,0.000,1818,485,0
2017/3/25,17:37:30,1.51e5,3719105,11.31,,1021,0.000,1798,493,0
2017/3/25,17:37:45,1.45e5,3607687,11.44,,1020,0.000,1837,462,0
2017/3/25,17:38:00,1.41e5,3540346,11.52,,1021,0.000,1823,461,0
2017/3/25,17:38:15,1.35e5,3413766,11.66,,1020,0.000,1878,443,0
2017/3/25,17:38:30,1.28e5,3282059,11.81,,1020,0.000,1882,465,0
2017/3/25,17:38:45,1.26e5,3239590,11.86,,1020,0.000,1884,458,0
2017/3/25,17:39:00,1.21e5,3148414,11.96,,1020,0.000,1887,474,0
2017/3/25,17:39:15,1.23e5,3198205,11.91,,1020,0.000,1865,421,0
2017/3/25,17:39:30,1.20e5,3125172,11.99,,1020,0.000,1883,437,0
2017/3/25,17:39:45,1.13e5,2975108,12.15,,1020,0.000,1917,439,0
2017/3/25,17:40:00,1.13e5,2978767,12.14,,1020,0.000,1917,440,0
2017/3/25,17:40:15,1.07e5,2864095,12.27,,1020,0.000,1928,447,0
2017/3/25,17:40:30,1.05e5,2810875,12.32,,1020,0.000,1940,450,0
2017/3/25,17:40:45,1.02e5,2754775,12.38,,1020,0.000,1966,438,0
2017/3/25,17:41:00,9.75e4,2643551,12.5,,1020,0.000,1992,419,0
2017/3/25,17:41:15,1.00e5,2701873,12.44,,1020,0.000,1966,435,0
2017/3/25,17:41:30,9.60e4,2610195,12.54,,1020,0.000,1953,411,0
2017/3/25,17:41:45,9.67e4,2626149,12.52,,1020,0.000,1971,411,0
2017/3/25,17:42:00,9.17e4,2512482,12.64,,1020,0.000,2008,389,0
2017/3/25,17:42:15,9.66e4,2622016,12.53,,1020,0.000,1953,406,0
2017/3/25,17:42:30,9.05e4,2486251,12.67,,1020,0.000,1988,415,0
2017/3/25,17:42:45,9.02e4,2478302,12.67,,1020,0.000,1987,418,0
2017/3/25,17:43:00,1.07e5,2861234,12.28,,1020,0.000,1939,416,0
2017/3/25,17:43:15,9.56e4,2602764,12.55,,1020,0.000,1977,400,0
2017/3/25,17:43:30,1.07e5,2865212,12.29,,1020,0.000,1940,405,0
2017/3/25,17:43:45,9.75e4,2645041,12.52,,1020,0.000,1993,367,0
2017/3/25,17:44:00,1.00e5,2712335,12.45,,1020,0.000,1975,405,0
2017/3/25,17:44:15,9.22e4,2525999,12.63,,1020,0.000,1993,399,0
2017/3/25,17:44:30,1.11e5,2910236,12.22,,1020,0.000,1944,407,0
2017/3/25,17:44:45,1.39e5,3408278,11.66,,1020,0.000,1851,437,0
2017/3/25,17:45:00,2.19e5,4531269,10.17,,1020,0.000,1699,488,0
2017/3/25,17:45:15,2.54e5,5049879,9.507,,1021,0.000,1634,491,0
2017/3/25,17:45:30,3.43e5,5693799,8.21,,1021,0.000,1552,541,0
2017/3/25,17:45:45,4.31e5,6249705,6.972,,1021,0.000,1508,548,0
2017/3/25,17:46:00,4.01e5,6246676,7.267,,1021,0.000,1505,567,0
2017/3/25,17:46:15,3.73e5,6099059,7.639,,1021,0.000,1495,565,0
2017/3/25,17:46:30,3.76e5,6139023,7.581,,1021,0.000,1502,533,0
2017/3/25,17:46:45,4.22e5,6335569,6.992,,1021,0.000,1479,513,0
2017/3/25,17:47:00,4.03e5,6280119,7.22,,1020,0.000,1492,557,0
2017/3/25,17:47:15,3.89e5,6227152,7.387,,1020,0.000,1473,557,0
2017/3/25,17:47:30,4.62e5,6447241,6.543,,1021,0.000,1441,548,0
2017/3/25,17:47:45,5.11e5,6568421,5.968,,1020,0.000,1394,544,0
2017/3/25,17:48:00,5.16e5,6541187,5.957,,1020,0.000,1436,570,0
2017/3/25,17:48:15,4.94e5,6539936,6.161,,1021,0.000,1414,543,0
2017/3/25,17:48:30,4.26e5,6385385,6.923,,1020,0.000,1448,539,0
2017/3/25,17:48:45,4.47e5,6393708,6.712,,1020,0.000,1446,579,0
2017/3/25,17:49:00,4.43e5,6424254,6.721,,1020,0.000,1437,562,0
2017/3/25,17:49:15,4.43e5,6437416,6.71,,1020,0.000,1402,554,0
2017/3/25,17:49:30,4.84e5,6520126,6.257,,1020,0.000,1403,543,0
2017/3/25,17:49:45,4.77e5,6494807,6.329,,1020,0.000,1420,550,0
2017/3/25,17:50:00,5.14e5,6480226,6.017,,1020,0.000,1387,544,0
2017/3/25,17:50:15,5.04e5,6524967,6.046,,1020,0.000,1400,577,0
2017/3/25,17:50:30,4.64e5,6474531,6.466,,1020,0.000,1420,543,0
2017/3/25,17:50:45,5.58e5,6539711,5.57,,1020,0.000,1397,579,0
2017/3/25,17:51:00,4.52e5,6451536,6.589,,1020,0.000,1435,533,0
2017/3/25,17:51:15,4.61e5,6462091,6.496,,1020,0.000,1474,554,0
2017/3/25,17:51:30,4.39e5,6413119,6.742,,1020,0.000,1406,544,0
2017/3/25,17:51:45,4.49e5,6433205,6.626,,1020,0.000,1450,523,0
2017/3/25,17:52:00,4.68e5,6473508,6.415,,1020,0.000,1440,565,0
2017/3/25,17:52:15,4.73e5,6483536,6.361,,1020,0.000,1462,552,0
2017/3/25,17:52:30,4.32e5,6379593,6.831,,1020,0.000,1428,533,0
2017/3/25,17:52:45,4.50e5,6396900,6.651,,1020,0.000,1436,540,0
2017/3/25,17:53:00,4.55e5,6427050,6.575,,1020,0.000,1461,563,0
2017/3/25,17:53:15,4.32e5,6385862,6.824,,1020,0.000,1452,581,0
2017/3/25,17:53:30,4.39e5,6363523,6.781,,1020,0.000,1441,557,0
2017/3/25,17:53:45,4.73e5,6465041,6.38,,1020,0.000,1429,550,0
2017/3/25,17:54:00,4.25e5,6341916,6.919,,1020,0.000,1458,531,0
2017/3/25,17:54:15,4.36e5,6385075,6.777,,1020,0.000,1462,568,0
2017/3/25,17:54:30,4.18e5,6321375,7.007,,1020,0.000,1475,556,0
2017/3/25,17:54:45,3.87e5,6194956,7.387,,1020,0.000,1531,562,0
2017/3/25,17:55:00,3.84e5,6185773,7.435,,1020,0.000,1470,540,0
2017/3/25,17:55:15,3.93e5,6225360,7.319,,1020,0.000,1519,559,0
2017/3/25,17:55:30,3.84e5,6180075,7.445,,1020,0.000,1475,537,0
2017/3/25,17:55:45,3.75e5,6132904,7.552,,1020,0.000,1500,541,0
2017/3/25,17:56:00,3.63e5,6070099,7.722,,1020,0.000,1494,549,0
2017/3/25,17:56:15,3.53e5,6013249,7.867,,1020,0.000,1522,535,0
2017/3/25,17:56:30,3.59e5,6052997,7.785,,1020,0.000,1517,548,0
2017/3/25,17:56:45,3.43e5,5956339,8.003,,1020,0.000,1502,532,0
2017/3/25,17:57:00,3.35e5,5901295,8.114,,1020,0.000,1528,517,0
2017/3/25,17:57:15,3.25e5,5829187,8.263,,1020,0.000,1533,523,0
2017/3/25,17:57:30,3.35e5,5891931,8.132,,1020,0.000,1525,510,0
2017/3/25,17:57:45,3.33e5,5879780,8.155,,1020,0.000,1569,520,0
2017/3/25,17:58:00,3.27e5,5825040,8.254,,1020,0.000,1539,526,0
2017/3/25,17:58:15,3.03e5,5649315,8.598,,1021,0.000,1577,509,0
2017/3/25,17:58:30,3.43e5,5945200,8.016,,1020,0.000,1524,527,0
2017/3/25,17:58:45,3.18e5,5759563,8.387,,1020,0.000,1553,523,0
2017/3/25,17:59:00,3.08e5,5686158,8.534,,1020,0.000,1550,523,0
2017/3/25,17:59:15,3.14e5,5739915,8.445,,1020,0.000,1522,502,0
2017/3/25,17:59:30,3.05e5,5670205,8.584,,1020,0.000,1561,534,0
2017/3/25,17:59:45,2.96e5,5580593,8.722,,1020,0.000,1585,548,0
2017/3/25,18:00:00,2.90e5,5537364,8.819,,1020,0.000,1601,531,0
2017/3/25,18:00:15,2.89e5,5522869,8.834,,1020,0.000,1584,509,0
2017/3/25,18:00:30,3.04e5,5653606,8.601,,1020,0.000,1547,523,0
2017/3/25,18:00:45,3.65e5,5957413,7.787,,1020,0.000,1542,540,0
2017/3/25,18:01:00,3.07e5,5653901,8.563,,1020,0.000,1527,524,0
2017/3/25,18:01:15,2.90e5,5536572,8.808,,1020,0.000,1582,509,0
2017/3/25,18:01:30,2.94e5,5577660,8.759,,1020,0.000,1569,524,0
2017/3/25,18:01:45,2.83e5,5477863,8.925,,1020,0.000,1607,490,0
2017/3/25,18:02:00,2.78e5,5428679,9.007,,1020,0.000,1578,506,0
2017/3/25,18:02:15,2.94e5,5572769,8.755,,1020,0.000,1572,488,0
2017/3/25,18:02:30,2.75e5,5396061,9.065,,1021,0.000,1579,500,0
2017/3/25,18:02:45,2.79e5,5442582,8.995,,1020,0.000,1586,506,0
2017/3/25,18:03:00,2.55e5,5193603,9.383,,1020,0.000,1597,474,0
2017/3/25,18:03:15,2.53e5,5173311,9.42,,1020,0.000,1593,479,0
2017/3/25,18:03:30,2.67e5,5295395,9.205,,1020,0.000,1625,499,0
2017/3/25,18:03:45,2.61e5,5224326,9.318,,1020,0.000,1619,482,0
2017/3/25,18:04:00,2.50e5,5132330,9.478,,1021,0.000,1582,502,0
2017/3/25,18:04:15,2.39e5,5012153,9.661,,1020,0.000,1661,479,0
2017/3/25,18:04:30,2.32e5,4924689,9.79,,1020,0.000,1693,493,0
2017/3/25,18:04:45,2.25e5,4839719,9.907,,1021,0.000,1674,499,0
2017/3/25,18:05:00,2.67e5,5297178,9.207,,1021,0.000,1596,501,0
2017/3/25,18:05:15,2.55e5,5183873,9.412,,1020,0.000,1633,507,0
2017/3/25,18:05:30,2.55e5,5190667,9.4,,1020,0.000,1613,496,0
2017/3/25,18:05:45,2.39e5,5013203,9.66,,1020,0.000,1667,506,0
2017/3/25,18:06:00,2.33e5,4945623,9.766,,1021,0.000,1639,468,0
2017/3/25,18:06:15,2.35e5,4964004,9.738,,1021,0.000,1651,495,0
2017/3/25,18:06:30,2.42e5,5046454,9.616,,1021,0.000,1641,507,0
2017/3/25,18:06:45,2.42e5,5040753,9.62,,1021,0.000,1613,483,0
2017/3/25,18:07:00,2.43e5,5051465,9.602,,1021,0.000,1600,494,0
2017/3/25,18:07:15,2.68e5,5335457,9.165,,1021,0.000,1573,493,0
2017/3/25,18:07:30,2.63e5,5282541,9.252,,1021,0.000,1625,506,0
2017/3/25,18:07:45,2.65e5,5304671,9.229,,1021,0.000,1602,471,0
2017/3/25,18:08:00,2.53e5,5171239,9.416,,1021,0.000,1622,494,0
2017/3/25,18:08:15,2.44e5,5064912,9.583,,1021,0.000,1623,502,0
2017/3/25,18:08:30,2.54e5,5179217,9.411,,1021,0.000,1602,488,0
2017/3/25,18:08:45,2.68e5,5307368,9.182,,1020,0.000,1605,477,0
2017/3/25,18:09:00,2.82e5,5424748,8.965,,1021,0.000,1588,489,0
2017/3/25,18:09:15,2.67e5,5316840,9.189,,1021,0.000,1560,505,0
2017/3/25,18:09:30,2.68e5,5326819,9.181,,1021,0.000,1616,528,0
2017/3/25,18:09:45,2.87e5,5486543,8.891,,1020,0.000,1562,498,0
2017/3/25,18:10:00,2.86e5,5484453,8.908,,1020,0.000,1593,526,0
2017/3/25,18:10:15,2.51e5,5148056,9.466,,1020,0.000,1590,498,0
2017/3/25,18:10:30,2.78e5,5424765,9.009,,1020,0.000,1623,516,0
2017/3/25,18:10:45,2.77e5,5413650,9.028,,1020,0.000,1567,505,0
2017/3/25,18:11:00,2.72e5,5367357,9.103,,1021,0.000,1602,502,0
2017/3/25,18:11:15,2.81e5,5432284,8.98,,1021,0.000,1573,499,0
2017/3/25,18:11:30,2.69e5,5333181,9.164,,1021,0.000,1577,513,0
2017/3/25,18:11:45,2.58e5,5224261,9.339,,1021,0.000,1624,469,0
2017/3/25,18:12:00,2.56e5,5208011,9.37,,1020,0.000,1578,490,0
2017/3/25,18:12:15,2.73e5,5378214,9.094,,1021,0.000,1594,490,0
2017/3/25,18:12:30,2.57e5,5217903,9.361,,1021,0.000,1578,487,0
2017/3/25,18:12:45,2.57e5,5186939,9.375,,1021,0.000,1607,501,0
2017/3/25,18:13:00,2.51e5,5136445,9.472,,1020,0.000,1604,484,0
2017/3/25,18:13:15,2.45e5,5070344,9.573,,1021,0.000,1655,517,0
2017/3/25,18:13:30,2.63e5,5213463,9.293,,1021,0.000,1636,505,0
2017/3/25,18:13:45,2.39e5,5013934,9.656,,1021,0.000,1683,476,0
2017/3/25,18:14:00,2.51e5,5146529,9.459,,1021,0.000,1617,505,0
2017/3/25,18:14:15,2.60e5,5238591,9.31,,1021,0.000,1588,535,0
2017/3/25,18:14:30,2.80e5,5414488,9.004,,1021,0.000,1599,518,0
2017/3/25,18:14:45,3.03e5,5517369,8.701,,1020,0.000,1586,499,0
2017/3/25,18:15:00,2.48e5,5117611,9.504,,1021,0.000,1629,494,0
2017/3/25,18:15:15,2.48e5,5110246,9.514,,1020,0.000,1652,502,0
2017/3/25,18:15:30,2.32e5,4934139,9.783,,1021,0.000,1623,490,0
2017/3/25,18:15:45,2.38e5,4992839,9.688,,1021,0.000,1657,510,0
2017/3/25,18:16:00,2.81e5,5367451,9.009,,1020,0.000,1580,478,0
2017/3/25,18:16:15,2.37e5,4981670,9.704,,1020,0.000,1667,477,0
2017/3/25,18:16:30,2.37e5,4978618,9.713,,1020,0.000,1671,506,0
2017/3/25,18:16:45,2.29e5,4873392,9.847,,1020,0.000,1662,509,0
2017/3/25,18:17:00,2.38e5,4993763,9.69,,1020,0.000,1666,488,0
2017/3/25,18:17:15,2.27e5,4863315,9.882,,1021,0.000,1635,482,0
2017/3/25,18:17:30,2.18e5,4744402,10.04,,1020,0.000,1695,494,0
2017/3/25,18:17:45,2.41e5,5032165,9.633,,1020,0.000,1623,479,0
2017/3/25,18:18:00,2.43e5,5044549,9.608,,1020,0.000,1623,498,0
2017/3/25,18:18:15,2.25e5,4840033,9.91,,1021,0.000,1683,482,0
2017/3/25,18:18:30,2.53e5,5167145,9.43,,1020,0.000,1650,491,0
2017/3/25,18:18:45,2.34e5,4947696,9.752,,1020,0.000,1621,474,0
2017/3/25,18:19:00,2.55e5,5172256,9.406,,1020,0.000,1643,493,0
2017/3/25,18:19:15,2.60e5,5231285,9.325,,1020,0.000,1622,499,0
2017/3/25,18:19:30,2.68e5,5326480,9.176,,1020,0.000,1600,543,0
2017/3/25,18:19:45,2.75e5,5380936,9.075,,1020,0.000,1573,510,0
2017/3/25,18:20:00,2.58e5,5222607,9.338,,1020,0.000,1593,510,0
2017/3/25,18:20:15,2.55e5,5182992,9.397,,1020,0.000,1602,509,0
2017/3/25,18:20:30,2.55e5,5185818,9.398,,1020,0.000,1628,490,0
2017/3/25,18:20:45,2.74e5,5388940,9.081,,1020,0.000,1595,504,0
2017/3/25,18:21:00,2.62e5,5260082,9.274,,1020,0.000,1583,516,0
2017/3/25,18:21:15,2.79e5,5433971,9.0,,1020,0.000,1574,502,0
2017/3/25,18:21:30,2.44e5,5057135,9.608,,1020,0.000,1625,458,0
2017/3/25,18:21:45,2.33e5,4946588,9.766,,1020,0.000,1643,490,0
2017/3/25,18:22:00,2.47e5,5103613,9.535,,1020,0.000,1635,500,0
2017/3/25,18:22:15,2.60e5,5235554,9.327,,1020,0.000,1584,500,0
2017/3/25,18:22:30,2.59e5,5233412,9.331,,1020,0.000,1597,500,0
2017/3/25,18:22:45,2.55e5,5185697,9.406,,1020,0.000,1641,489,0
2017/3/25,18:23:00,2.70e5,5336042,9.151,,1020,0.000,1599,499,0
2017/3/25,18:23:15,2.55e5,5183457,9.395,,1020,0.000,1619,513,0
2017/3/25,18:23:30,2.41e5,5024252,9.639,,1020,0.000,1614,494,0
2017/3/25,18:23:45,2.44e5,5073030,9.585,,1020,0.000,1649,484,0
2017/3/25,18:24:00,2.36e5,4969992,9.721,,1021,0.000,1656,478,0
2017/3/25,18:24:15,2.25e5,4841516,9.91,,1020,0.000,1679,487,0
2017/3/25,18:24:30,2.07e5,4602065,10.24,,1020,0.000,1702,493,0
2017/3/25,18:24:45,2.13e5,4679815,10.14,,1021,0.000,1721,482,0
2017/3/25,18:25:00,2.13e5,4688105,10.12,,1020,0.000,1689,457,0
2017/3/25,18:25:15,2.05e5,4579286,10.27,,1020,0.000,1719,488,0
2017/3/25,18:25:30,2.24e5,4820679,9.945,,1020,0.000,1668,473,0
2017/3/25,18:25:45,2.05e5,4568597,10.28,,1020,0.000,1721,493,0
2017/3/25,18:26:00,2.03e5,4547023,10.31,,1020,0.000,1715,467,0
2017/3/25,18:26:15,1.99e5,4489343,10.38,,1020,0.000,1706,455,0
2017/3/25,18:26:30,2.17e5,4732982,10.06,,1020,0.000,1683,469,0
2017/3/25,18:26:45,2.19e5,4720302,10.04,,1020,0.000,1658,462,0
2017/3/25,18:27:00,2.23e5,4809842,9.949,,1020,0.000,1683,473,0
2017/3/25,18:27:15,2.09e5,4621277,10.21,,1020,0.000,1672,491,0
2017/3/25,18:27:30,2.17e5,4707421,10.08,,1020,0.000,1693,498,0
2017/3/25,18:27:45,2.14e5,4690921,10.11,,1020,0.000,1711,473,0
2017/3/25,18:28:00,2.38e5,4990412,9.705,,1020,0.000,1655,463,0
2017/3/25,18:28:15,2.24e5,4809819,9.952,,1020,0.000,1629,485,0
2017/3/25,18:28:30,2.29e5,4888062,9.845,,1020,0.000,1639,476,0
2017/3/25,18:28:45,2.30e5,4886254,9.824,,1020,0.000,1651,488,0
2017/3/25,18:29:00,2.10e5,4651971,10.18,,1020,0.000,1695,491,0
2017/3/25,18:29:15,2.11e5,4652012,10.16,,1020,0.000,1682,482,0
2017/3/25,18:29:30,2.31e5,4923284,9.804,,1020,0.000,1624,483,0
2017/3/25,18:29:45,2.27e5,4852538,9.885,,1021,0.000,1649,447,0
2017/3/25,18:30:00,2.48e5,5103582,9.509,,1020,0.000,1645,498,0
2017/3/25,18:30:15,2.59e5,5207415,9.346,,1021,0.000,1616,466,0
2017/3/25,18:30:30,2.57e5,5209131,9.36,,1021,0.000,1582,493,0
2017/3/25,18:30:45,2.33e5,4937777,9.775,,1021,0.000,1682,495,0
2017/3/25,18:31:00,2.58e5,5206883,9.351,,1020,0.000,1593,517,0
2017/3/25,18:31:15,2.56e5,5184649,9.383,,1020,0.000,1613,483,0
2017/3/25,18:31:30,2.68e5,5326509,9.18,,1020,0.000,1558,485,0
2017/3/25,18:31:45,2.72e5,5311295,9.145,,1020,0.000,1580,526,0
2017/3/25,18:32:00,3.07e5,5651644,8.585,,1020,0.000,1555,498,0
2017/3/25,18:32:15,2.75e5,5402297,9.06,,1020,0.000,1582,495,0
2017/3/25,18:32:30,2.94e5,5540084,8.783,,1020,0.000,1579,506,0
2017/3/25,18:32:45,2.78e5,5401612,9.022,,1021,0.000,1563,524,0
2017/3/25,18:33:00,2.68e5,5317891,9.182,,1021,0.000,1572,504,0
2017/3/25,18:33:15,2.36e5,4976518,9.713,,1021,0.000,1649,488,0
2017/3/25,18:33:30,2.32e5,4933898,9.789,,1021,0.000,1649,512,0
2017/3/25,18:33:45,2.43e5,5032892,9.609,,1021,0.000,1647,473,0
2017/3/25,18:34:00,2.36e5,4966186,9.72,,1021,0.000,1663,491,0
2017/3/25,18:34:15,2.48e5,5111749,9.51,,1021,0.000,1605,512,0
2017/3/25,18:34:30,2.55e5,5190023,9.406,,1021,0.000,1613,460,0
2017/3/25,18:34:45,2.39e5,5011711,9.665,,1020,0.000,1638,476,0
2017/3/25,18:35:00,2.44e5,5047980,9.597,,1021,0.000,1607,490,0
2017/3/25,18:35:15,2.59e5,5219623,9.337,,1021,0.000,1622,518,0
2017/3/25,18:35:30,2.67e5,5287230,9.21,,1021,0.000,1605,487,0
2017/3/25,18:35:45,2.46e5,5092967,9.53,,1021,0.000,1652,501,0
2017/3/25,18:36:00,2.74e5,5372582,9.073,,1020,0.000,1596,501,0
2017/3/25,18:36:15,2.82e5,5452868,8.95,,1021,0.000,1593,524,0
2017/3/25,18:36:30,3.00e5,5617930,8.669,,1021,0.000,1594,538,0
2017/3/25,18:36:45,3.15e5,5687634,8.465,,1021,0.000,1564,561,0
2017/3/25,18:37:00,2.76e5,5392135,9.041,,1021,0.000,1578,499,0
2017/3/25,18:37:15,2.80e5,5423559,8.981,,1021,0.000,1575,513,0
2017/3/25,18:37:30,2.81e5,5456323,8.946,,1021,0.000,1563,493,0
2017/3/25,18:37:45,2.70e5,5324482,9.16,,1021,0.000,1583,505,0
2017/3/25,18:38:00,2.99e5,5599943,8.677,,1021,0.000,1552,493,0
2017/3/25,18:38:15,2.64e5,5288620,9.229,,1021,0.000,1597,502,0
2017/3/25,18:38:30,2.81e5,5441290,8.96,,1020,0.000,1574,528,0
2017/3/25,18:38:45,2.75e5,5390825,9.056,,1021,0.000,1578,488,0
2017/3/25,18:39:00,2.91e5,5531069,8.809,,1021,0.000,1577,526,0
2017/3/25,18:39:15,2.96e5,5568576,8.734,,1021,0.000,1551,516,0
2017/3/25,18:39:30,2.88e5,5482260,8.868,,1021,0.000,1597,516,0
2017/3/25,18:39:45,2.67e5,5304375,9.188,,1021,0.000,1624,523,0
2017/3/25,18:40:00,2.47e5,5097193,9.525,,1021,0.000,1608,506,0
2017/3/25,18:40:15,2.41e5,5029363,9.614,,1021,0.000,1622,495,0
2017/3/25,18:40:30,2.47e5,5105740,9.517,,1021,0.000,1636,500,0
2017/3/25,18:40:45,2.46e5,5084704,9.538,,1020,0.000,1610,509,0
2017/3/25,18:41:00,2.35e5,4963640,9.722,,1021,0.000,1657,511,0
2017/3/25,18:41:15,2.35e5,4954490,9.734,,1021,0.000,1645,494,0
2017/3/25,18:41:30,2.30e5,4891966,9.832,,1021,0.000,1640,494,0
2017/3/25,18:41:45,2.28e5,4868848,9.862,,1021,0.000,1643,516,0
2017/3/25,18:42:00,2.12e5,4663236,10.14,,1021,0.000,1704,516,0
2017/3/25,18:42:15,2.44e5,5048377,9.584,,1021,0.000,1630,499,0
2017/3/25,18:42:30,2.25e5,4830560,9.919,,1021,0.000,1651,483,0
2017/3/25,18:42:45,2.24e5,4820562,9.925,,1021,0.000,1685,513,0
2017/3/25,18:43:00,2.23e5,4797984,9.946,,1021,0.000,1661,472,0
2017/3/25,18:43:15,2.16e5,4696769,10.08,,1021,0.000,1678,490,0
2017/3/25,18:43:30,2.22e5,4766750,9.979,,1021,0.000,1666,474,0
2017/3/25,18:43:45,1.99e5,4482196,10.39,,1020,0.000,1749,493,0
2017/3/25,18:44:00,2.25e5,4816659,9.921,,1021,0.000,1666,506,0
2017/3/25,18:44:15,2.29e5,4884568,9.835,,1021,0.000,1674,506,0
2017/3/25,18:44:30,2.19e5,4749403,10.02,,1020,0.000,1715,491,0
2017/3/25,18:44:45,2.03e5,4540351,10.31,,1021,0.000,1732,491,0
2017/3/25,18:45:00,2.01e5,4509664,10.35,,1020,0.000,1702,468,0
2017/3/25,18:45:15,2.04e5,4551042,10.3,,1021,0.000,1696,505,0
2017/3/25,18:45:30,2.10e5,4635452,10.18,,1021,0.000,1663,474,0
2017/3/25,18:45:45,2.06e5,4573881,10.26,,1021,0.000,1706,465,0
2017/3/25,18:46:00,2.02e5,4518228,10.34,,1021,0.000,1727,469,0
2017/3/25,18:46:15,1.85e5,4271673,10.66,,1021,0.000,1741,468,0
2017/3/25,18:46:30,1.82e5,4240149,10.7,,1021,0.000,1722,490,0
2017/3/25,18:46:45,1.80e5,4204377,10.75,,1021,0.000,1735,467,0
2017/3/25,18:47:00,1.80e5,4205573,10.74,,1021,0.000,1739,482,0
2017/3/25,18:47:15,1.92e5,4340920,10.55,,1021,0.000,1740,466,0
2017/3/25,18:47:30,1.97e5,4461023,10.43,,1021,0.000,1716,463,0
2017/3/25,18:47:45,2.33e5,4874571,9.817,,1021,0.000,1651,471,0
2017/3/25,18:48:00,1.92e5,4371315,10.53,,1021,0.000,1737,488,0
2017/3/25,18:48:15,1.82e5,4228253,10.72,,1021,0.000,1710,457,0
2017/3/25,18:48:30,1.99e5,4464226,10.41,,1021,0.000,1704,477,0
2017/3/25,18:48:45,2.17e5,4687129,10.09,,1021,0.000,1695,461,0
2017/3/25,18:49:00,2.30e5,4865494,9.853,,1021,0.000,1680,478,0
2017/3/25,18:49:15,2.05e5,4552942,10.29,,1021,0.000,1691,477,0
2017/3/25,18:49:30,1.92e5,4383142,10.52,,1021,0.000,1729,479,0
