TSI CPC DATA VERSION 3
1489602425,2017/3/15,18:27:05
15
1.08,130
Model 3783 Ver 1.27 S/N 3783111302
"Date","Time","Concentration","Count"," Live-Time","Blank","Abs Press"," Analog In","Pulse Height"," Pulse STD","Status Flags"
2017/3/15,18:26:54,1.30e3,42327,14.95,,993,0.000,2677,361,0
2017/3/15,18:27:10,1.30e3,42521,14.95,,993,0.000,2662,371,0
2017/3/15,18:27:25,1.30e3,42366,14.95,,993,0.000,2617,422,0
2017/3/15,18:27:40,1.30e3,42430,14.95,,993,0.000,2614,405,0
2017/3/15,18:27:55,1.28e3,41761,14.96,,993,0.000,2635,377,0
2017/3/15,18:28:10,1.30e3,42320,14.96,,993,0.000,2598,423,0
2017/3/15,18:28:25,1.29e3,41929,14.96,,993,0.000,2587,427,0
2017/3/15,18:28:40,1.32e3,43159,14.95,,993,0.000,2601,401,0
2017/3/15,18:28:55,1.32e3,43021,14.95,,993,0.000,2604,408,0
2017/3/15,18:29:10,1.32e3,43152,14.95,,993,0.000,2604,402,0
2017/3/15,18:29:25,1.29e3,41992,14.96,,993,0.000,2585,419,0
2017/3/15,18:29:40,1.27e3,41277,14.96,,993,0.000,2579,430,0
2017/3/15,18:29:55,1.32e3,42916,14.95,,993,0.000,2561,446,0
2017/3/15,18:30:10,1.31e3,42594,14.96,,993,0.000,2579,443,0
2017/3/15,18:30:25,1.31e3,42616,14.96,,993,0.000,2585,418,0
2017/3/15,18:30:40,1.24e3,40484,14.96,,993,0.000,2623,388,0
2017/3/15,18:30:55,1.23e3,40223,14.96,,993,0.000,2575,441,0
2017/3/15,18:31:10,1.26e3,40968,14.96,,993,0.000,2600,405,0
2017/3/15,18:31:25,1.27e3,41279,14.96,,993,0.000,2613,393,0
2017/3/15,18:31:40,1.23e3,40211,14.96,,993,0.000,2564,467,0
2017/3/15,18:31:55,1.19e3,38827,14.96,,993,0.000,2597,415,0
2017/3/15,18:32:10,1.17e3,38124,14.96,,993,0.000,2595,412,0
2017/3/15,18:32:25,1.11e3,36318,14.96,,993,0.000,2612,405,0
2017/3/15,18:32:40,1.08e3,35132,14.96,,993,0.000,2579,449,0
2017/3/15,18:32:55,1.04e3,33858,14.96,,993,0.000,2602,419,0
2017/3/15,18:33:10,2.20e3,71521,14.93,,993,0.000,2626,338,0
2017/3/15,18:33:25,5.00e3,161020,14.84,,993,0.000,2618,345,0
2017/3/15,18:33:40,1.63e4,513866,14.51,,993,0.000,2492,383,0
2017/3/15,18:33:55,2.26e4,702814,14.34,,993,0.000,2427,373,0
2017/3/15,18:34:10,2.22e4,693577,14.35,,993,0.000,2443,372,0
2017/3/15,18:34:25,3.02e4,924649,14.14,,993,0.000,2357,383,0
2017/3/15,18:34:40,3.19e4,977436,14.1,,993,0.000,2335,396,0
2017/3/15,18:34:55,3.37e4,1027221,14.05,,993,0.000,2314,386,0
2017/3/15,18:35:10,3.77e4,1141257,13.95,,993,0.000,2266,412,0
2017/3/15,18:35:25,4.32e4,1292484,13.81,,993,0.000,2220,393,0
2017/3/15,18:35:40,4.81e4,1427197,13.69,,993,0.000,2172,419,0
2017/3/15,18:35:55,4.90e4,1452748,13.66,,993,0.000,2193,371,0
2017/3/15,18:36:10,5.45e4,1600830,13.53,,993,0.000,2124,388,0
2017/3/15,18:36:25,5.85e4,1702904,13.43,,993,0.000,2103,364,0
2017/3/15,18:36:40,6.02e4,1747807,13.39,,993,0.000,2081,386,0
2017/3/15,18:36:55,5.96e4,1732465,13.41,,993,0.000,2097,391,0
2017/3/15,18:37:10,6.23e4,1802792,13.34,,993,0.000,2078,374,0
2017/3/15,18:37:25,6.61e4,1898386,13.25,,993,0.000,2081,373,0
2017/3/15,18:37:40,7.23e4,2053937,13.1,,993,0.000,2030,405,0
2017/3/15,18:37:55,7.79e4,2191672,12.97,,993,0.000,2011,363,0
2017/3/15,18:38:10,7.64e4,2155680,13.0,,993,0.000,2008,384,0
2017/3/15,18:38:25,7.71e4,2171929,12.99,,993,0.000,1997,379,0
2017/3/15,18:38:40,7.96e4,2231836,12.93,,993,0.000,1981,379,0
2017/3/15,18:38:55,8.23e4,2295607,12.86,,993,0.000,1992,375,0
2017/3/15,18:39:10,8.62e4,2387635,12.77,,993,0.000,1967,389,0
2017/3/15,18:39:25,9.01e4,2478254,12.68,,993,0.000,1929,379,0
2017/3/15,18:39:40,9.25e4,2532424,12.62,,993,0.000,1953,397,0
2017/3/15,18:39:55,9.28e4,2539563,12.62,,993,0.000,1949,385,0
2017/3/15,18:40:10,9.71e4,2636524,12.52,,993,0.000,1901,374,0
2017/3/15,18:40:25,9.63e4,2617619,12.54,,993,0.000,1943,385,0
2017/3/15,18:40:40,1.01e5,2737645,12.41,,993,0.000,1920,397,0
2017/3/15,18:40:55,1.07e5,2860383,12.29,,993,0.000,1881,402,0
2017/3/15,18:41:10,1.12e5,2964368,12.18,,993,0.000,1907,411,0
2017/3/15,18:41:25,1.17e5,3072696,12.06,,993,0.000,1867,400,0
2017/3/15,18:41:40,1.24e5,3209710,11.91,,993,0.000,1842,413,0
2017/3/15,18:41:55,1.32e5,3370106,11.74,,993,0.000,1822,413,0
2017/3/15,18:42:10,1.42e5,3551533,11.53,,993,0.000,1813,415,0
2017/3/15,18:42:25,1.49e5,3683739,11.38,,993,0.000,1787,439,0
2017/3/15,18:42:40,1.55e5,3794171,11.25,,993,0.000,1756,415,0
2017/3/15,18:42:55,1.59e5,3865888,11.16,,993,0.000,1774,441,0
2017/3/15,18:43:10,1.69e5,4024439,10.98,,993,0.000,1721,426,0
2017/3/15,18:43:25,1.68e5,4017896,10.98,,993,0.000,1748,441,0
2017/3/15,18:43:40,1.73e5,4100088,10.88,,993,0.000,1745,457,0
2017/3/15,18:43:55,1.85e5,4277692,10.66,,993,0.000,1685,454,0
2017/3/15,18:44:10,1.92e5,4392110,10.51,,993,0.000,1685,455,0
2017/3/15,18:44:25,1.96e5,4435846,10.44,,993,0.000,1668,466,0
2017/3/15,18:44:40,2.03e5,4546142,10.3,,993,0.000,1673,455,0
2017/3/15,18:44:55,2.10e5,4637920,10.18,,993,0.000,1680,471,0
2017/3/15,18:45:10,2.11e5,4652770,10.16,,993,0.000,1652,458,0
2017/3/15,18:45:25,2.24e5,4822204,9.917,,993,0.000,1655,449,0
2017/3/15,18:45:40,2.47e5,5096552,9.512,,993,0.000,1612,480,0
2017/3/15,18:45:55,2.50e5,5131221,9.461,,993,0.000,1561,485,0
2017/3/15,18:46:10,2.54e5,5182935,9.39,,993,0.000,1608,493,0
2017/3/15,18:46:25,2.64e5,5276279,9.226,,993,0.000,1549,483,0
2017/3/15,18:46:40,2.79e5,5426457,8.976,,993,0.000,1549,500,0
2017/3/15,18:46:55,2.87e5,5479909,8.871,,993,0.000,1540,507,0
2017/3/15,18:47:10,2.94e5,5568558,8.739,,993,0.000,1511,477,0
2017/3/15,18:47:25,2.99e5,5614102,8.642,,993,0.000,1511,501,0
2017/3/15,18:47:40,3.22e5,5786638,8.3,,993,0.000,1502,480,0
2017/3/15,18:47:55,3.26e5,5810321,8.222,,993,0.000,1450,512,0
2017/3/15,18:48:10,3.29e5,5844276,8.179,,993,0.000,1488,511,0
2017/3/15,18:48:25,3.40e5,5910303,8.029,,993,0.000,1496,512,0
2017/3/15,18:48:40,3.51e5,5980877,7.864,,993,0.000,1453,518,0
2017/3/15,18:48:55,3.39e5,5902836,8.026,,993,0.000,1478,528,0
2017/3/15,18:49:10,3.39e5,5912804,8.033,,993,0.000,1488,521,0
2017/3/15,18:49:25,3.39e5,5906795,8.031,,993,0.000,1475,535,0
2017/3/15,18:49:40,3.37e5,5891094,8.065,,993,0.000,1518,523,0
2017/3/15,18:49:55,3.29e5,5834288,8.165,,993,0.000,1492,516,0
2017/3/15,18:50:10,3.44e5,5941117,7.957,,993,0.000,1491,559,0
2017/3/15,18:50:25,3.33e5,5863961,8.11,,993,0.000,1516,540,0
2017/3/15,18:50:40,3.32e5,5852822,8.132,,993,0.000,1475,513,0
2017/3/15,18:50:55,3.29e5,5839720,8.171,,993,0.000,1529,524,0
2017/3/15,18:51:10,3.22e5,5788214,8.283,,993,0.000,1510,540,0
2017/3/15,18:51:25,3.14e5,5726303,8.404,,994,0.000,1503,516,0
2017/3/15,18:51:40,3.13e5,5718194,8.426,,993,0.000,1512,510,0
2017/3/15,18:51:55,3.05e5,5654483,8.556,,993,0.000,1505,502,0
2017/3/15,18:52:10,3.00e5,5615878,8.619,,993,0.000,1499,510,0
2017/3/15,18:52:25,2.96e5,5572675,8.688,,993,0.000,1542,523,0
2017/3/15,18:52:40,2.89e5,5515445,8.797,,993,0.000,1551,507,0
2017/3/15,18:52:55,2.87e5,5495114,8.816,,993,0.000,1564,515,0
2017/3/15,18:53:10,2.85e5,5476988,8.856,,993,0.000,1542,507,0
2017/3/15,18:53:25,2.81e5,5434639,8.926,,994,0.000,1541,531,0
2017/3/15,18:53:40,2.74e5,5365817,9.031,,993,0.000,1541,507,0
2017/3/15,18:53:55,2.74e5,5372908,9.031,,994,0.000,1549,504,0
2017/3/15,18:54:10,2.78e5,5406404,8.974,,993,0.000,1546,495,0
2017/3/15,18:54:25,2.71e5,5334791,9.085,,993,0.000,1553,502,0
2017/3/15,18:54:40,2.70e5,5331094,9.098,,993,0.000,1514,491,0
2017/3/15,18:54:55,2.65e5,5273514,9.187,,994,0.000,1580,522,0
2017/3/15,18:55:10,2.61e5,5241388,9.243,,993,0.000,1529,480,0
2017/3/15,18:55:25,2.54e5,5166193,9.356,,994,0.000,1605,507,0
2017/3/15,18:55:40,2.51e5,5128324,9.414,,994,0.000,1562,509,0
2017/3/15,18:55:55,2.51e5,5124704,9.415,,993,0.000,1585,485,0
2017/3/15,18:56:10,2.46e5,5068922,9.51,,993,0.000,1607,507,0
2017/3/15,18:56:25,2.48e5,5096873,9.464,,994,0.000,1575,541,0
2017/3/15,18:56:40,2.39e5,4993970,9.622,,994,0.000,1623,504,0
2017/3/15,18:56:55,2.47e5,5080212,9.495,,994,0.000,1583,506,0
2017/3/15,18:57:10,2.52e5,5142784,9.403,,994,0.000,1606,516,0
2017/3/15,18:57:25,2.44e5,5057123,9.53,,994,0.000,1584,480,0
2017/3/15,18:57:40,2.43e5,5045113,9.549,,994,0.000,1604,494,0
2017/3/15,18:57:55,2.35e5,4951215,9.689,,994,0.000,1605,507,0
2017/3/15,18:58:10,2.32e5,4910922,9.75,,994,0.000,1654,510,0
2017/3/15,18:58:25,2.35e5,4947131,9.698,,994,0.000,1583,501,0
2017/3/15,18:58:40,2.35e5,4949652,9.695,,993,0.000,1643,513,0
2017/3/15,18:58:55,2.40e5,5011185,9.601,,994,0.000,1599,501,0
2017/3/15,18:59:10,2.43e5,5051977,9.558,,994,0.000,1593,510,0
2017/3/15,18:59:25,2.42e5,5029219,9.583,,993,0.000,1613,518,0
2017/3/15,18:59:40,2.41e5,5023111,9.583,,994,0.000,1606,512,0
2017/3/15,18:59:55,2.40e5,5010205,9.609,,994,0.000,1588,531,0
2017/3/15,19:00:10,2.41e5,5016627,9.603,,994,0.000,1601,524,0
2017/3/15,19:00:25,2.40e5,5014975,9.612,,994,0.000,1586,506,0
2017/3/15,19:00:40,2.43e5,5048734,9.556,,993,0.000,1590,483,0
2017/3/15,19:00:55,2.46e5,5076669,9.515,,994,0.000,1599,526,0
2017/3/15,19:01:10,2.56e5,5190358,9.338,,994,0.000,1578,483,0
2017/3/15,19:01:25,2.60e5,5227739,9.273,,994,0.000,1549,504,0
2017/3/15,19:01:40,2.54e5,5159742,9.372,,993,0.000,1557,488,0
2017/3/15,19:01:55,2.53e5,5159824,9.381,,994,0.000,1580,473,0
2017/3/15,19:02:10,2.52e5,5146241,9.411,,993,0.000,1590,502,0
2017/3/15,19:02:25,2.59e5,5220275,9.286,,994,0.000,1561,509,0
2017/3/15,19:02:40,2.60e5,5225019,9.278,,994,0.000,1594,505,0
2017/3/15,19:02:55,2.51e5,5136586,9.415,,993,0.000,1593,515,0
2017/3/15,19:03:10,2.44e5,5058497,9.545,,994,0.000,1564,506,0
2017/3/15,19:03:25,2.54e5,5167195,9.364,,994,0.000,1568,477,0
2017/3/15,19:03:40,2.41e5,5001109,9.62,,994,0.000,1578,501,0
2017/3/15,19:03:55,2.34e5,4942630,9.713,,994,0.000,1590,474,0
2017/3/15,19:04:10,2.20e5,4765212,9.963,,994,0.000,1613,483,0
2017/3/15,19:04:25,1.98e5,4456250,10.37,,994,0.000,1685,489,0
2017/3/15,19:04:40,1.90e5,4341778,10.53,,994,0.000,1677,478,0
2017/3/15,19:04:55,1.78e5,4166998,10.75,,994,0.000,1700,487,0
2017/3/15,19:05:10,1.63e5,3914820,11.06,,994,0.000,1745,482,0
2017/3/15,19:05:25,1.56e5,3790627,11.2,,994,0.000,1759,445,0
2017/3/15,19:05:40,1.43e5,3572043,11.46,,994,0.000,1749,485,0
2017/3/15,19:05:55,1.32e5,3364320,11.69,,994,0.000,1794,462,0
2017/3/15,19:06:10,1.27e5,3259043,11.81,,994,0.000,1827,479,0
2017/3/15,19:06:25,1.18e5,3084480,12.0,,994,0.000,1860,452,0
2017/3/15,19:06:40,1.10e5,2922609,12.18,,994,0.000,1826,467,0
2017/3/15,19:06:55,1.03e5,2776262,12.33,,994,0.000,1862,479,0
2017/3/15,19:07:10,9.84e4,2659005,12.46,,994,0.000,1899,457,0
2017/3/15,19:07:25,9.15e4,2502779,12.62,,994,0.000,1934,434,0
2017/3/15,19:07:40,8.70e4,2400063,12.72,,994,0.000,1922,452,0
2017/3/15,19:07:55,8.03e4,2242838,12.88,,994,0.000,1959,435,0
2017/3/15,19:08:10,7.51e4,2119020,13.0,,994,0.000,1971,424,0
2017/3/15,19:08:25,7.00e4,1991916,13.12,,994,0.000,1984,449,0
2017/3/15,19:08:40,6.56e4,1883911,13.23,,994,0.000,2000,444,0
2017/3/15,19:08:55,6.09e4,1763045,13.35,,994,0.000,2023,477,0
2017/3/15,19:09:10,5.76e4,1677062,13.43,,994,0.000,2077,450,0
2017/3/15,19:09:25,5.29e4,1553815,13.54,,994,0.000,2077,467,0
2017/3/15,19:09:40,5.05e4,1489209,13.6,,994,0.000,2114,457,0
2017/3/15,19:09:55,4.72e4,1400835,13.69,,994,0.000,2135,474,0
2017/3/15,19:10:10,4.45e4,1329556,13.75,,994,0.000,2178,458,0
2017/3/15,19:10:25,4.16e4,1248418,13.83,,994,0.000,2202,456,0
2017/3/15,19:10:40,3.87e4,1167990,13.9,,994,0.000,2220,456,0
2017/3/15,19:10:55,3.64e4,1104392,13.96,,994,0.000,2247,483,0
2017/3/15,19:11:10,3.42e4,1039750,14.02,,994,0.000,2298,462,0
2017/3/15,19:11:25,3.15e4,963990,14.09,,994,0.000,2271,489,0
2017/3/15,19:11:40,2.97e4,912305,14.14,,994,0.000,2293,494,0
2017/3/15,19:11:55,2.75e4,848321,14.2,,994,0.000,2341,452,0
2017/3/15,19:12:10,2.60e4,803320,14.24,,994,0.000,2316,461,0
2017/3/15,19:12:25,2.46e4,763532,14.27,,994,0.000,2381,450,0
2017/3/15,19:12:40,2.31e4,717858,14.32,,994,0.000,2388,454,0
2017/3/15,19:12:55,2.12e4,660725,14.37,,994,0.000,2379,460,0
2017/3/15,19:13:10,1.96e4,613104,14.41,,994,0.000,2419,441,0
2017/3/15,19:13:25,1.85e4,580899,14.44,,994,0.000,2399,456,0
2017/3/15,19:13:40,1.75e4,549982,14.47,,994,0.000,2429,430,0
2017/3/15,19:13:55,1.66e4,522639,14.5,,994,0.000,2434,444,0
2017/3/15,19:14:10,1.54e4,486231,14.53,,994,0.000,2437,457,0
2017/3/15,19:14:25,1.41e4,447540,14.57,,994,0.000,2432,467,0
2017/3/15,19:14:40,1.34e4,425037,14.59,,994,0.000,2469,437,0
2017/3/15,19:14:55,1.24e4,394991,14.62,,994,0.000,2475,421,0
2017/3/15,19:15:10,1.18e4,377668,14.63,,994,0.000,2500,430,0
2017/3/15,19:15:25,1.10e4,352839,14.66,,994,0.000,2481,433,0
2017/3/15,19:15:40,1.04e4,333058,14.67,,994,0.000,2503,432,0
2017/3/15,19:15:55,9.62e3,306870,14.7,,994,0.000,2515,393,0
2017/3/15,19:16:10,9.14e3,291888,14.71,,994,0.000,2532,402,0
2017/3/15,19:16:25,8.55e3,273435,14.73,,994,0.000,2535,395,0
2017/3/15,19:16:40,8.02e3,256737,14.75,,994,0.000,2546,405,0
2017/3/15,19:16:55,7.34e3,235370,14.77,,994,0.000,2514,430,0
2017/3/15,19:17:10,6.87e3,220514,14.78,,994,0.000,2536,406,0
2017/3/15,19:17:25,6.53e3,209996,14.79,,994,0.000,2536,419,0
2017/3/15,19:17:40,6.01e3,193378,14.81,,994,0.000,2563,384,0
2017/3/15,19:17:55,5.73e3,184485,14.82,,994,0.000,2569,388,0
2017/3/15,19:18:10,5.38e3,173297,14.83,,994,0.000,2553,413,0
2017/3/15,19:18:25,5.03e3,162399,14.84,,994,0.000,2568,412,0
2017/3/15,19:18:40,4.78e3,154431,14.85,,994,0.000,2556,427,0
2017/3/15,19:18:55,4.43e3,143158,14.86,,994,0.000,2572,415,0
2017/3/15,19:19:10,4.10e3,132726,14.87,,994,0.000,2574,401,0
2017/3/15,19:19:25,3.77e3,122032,14.88,,994,0.000,2578,388,0
2017/3/15,19:19:40,3.58e3,115924,14.88,,994,0.000,2564,413,0
2017/3/15,19:19:55,3.43e3,111102,14.89,,994,0.000,2581,390,0
2017/3/15,19:20:10,3.25e3,105432,14.89,,994,0.000,2575,384,0
2017/3/15,19:20:25,3.05e3,99044,14.9,,994,0.000,2583,390,0
2017/3/15,19:20:40,2.86e3,92938,14.91,,994,0.000,2556,435,0
2017/3/15,19:20:55,2.63e3,85528,14.91,,994,0.000,2552,429,0
2017/3/15,19:21:10,2.49e3,81016,14.92,,994,0.000,2579,397,0
2017/3/15,19:21:25,2.34e3,76338,14.92,,994,0.000,2591,404,0
2017/3/15,19:21:40,2.22e3,72154,14.93,,994,0.000,2587,411,0
2017/3/15,19:21:55,2.05e3,66820,14.93,,994,0.000,2592,400,0
2017/3/15,19:22:10,1.96e3,63729,14.93,,994,0.000,2596,375,0
2017/3/15,19:22:25,1.86e3,60533,14.94,,994,0.000,2573,421,0
2017/3/15,19:22:40,1.75e3,57036,14.94,,994,0.000,2570,434,0
2017/3/15,19:22:55,1.64e3,53453,14.94,,994,0.000,2591,396,0
2017/3/15,19:23:10,1.57e3,51285,14.95,,994,0.000,2611,380,0
2017/3/15,19:23:25,1.46e3,47590,14.95,,994,0.000,2593,393,0
2017/3/15,19:23:40,1.37e3,44740,14.95,,994,0.000,2604,410,0
2017/3/15,19:23:55,1.30e3,42350,14.96,,994,0.000,2591,407,0
2017/3/15,19:24:10,1.21e3,39473,14.96,,994,0.000,2589,395,0
2017/3/15,19:24:25,1.14e3,37189,14.96,,994,0.000,2601,399,0
2017/3/15,19:24:40,1.07e3,35028,14.96,,994,0.000,2591,408,0
2017/3/15,19:24:55,1.01e3,33110,14.97,,994,0.000,2604,399,0
2017/3/15,19:25:10,962,31294,14.97,,994,0.000,2581,417,0
2017/3/15,19:25:24,919,29869,14.97,,994,0.000,2636,362,0
2017/3/15,19:25:39,868,28238,14.97,,994,0.000,2607,388,0
2017/3/15,19:25:54,824,26786,14.97,,994,0.000,2606,396,0
2017/3/15,19:26:09,774,25171,14.97,,994,0.000,2617,351,0
2017/3/15,19:26:24,741,24101,14.97,,994,0.000,2617,388,0
2017/3/15,19:26:39,708,23017,14.98,,994,0.000,2576,419,0
2017/3/15,19:26:54,659,21435,14.98,,994,0.000,2607,400,0
2017/3/15,19:27:09,619,20122,14.98,,994,0.000,2611,386,0
2017/3/15,19:27:24,603,19624,14.98,,994,0.000,2596,389,0
2017/3/15,19:27:39,570,18533,14.98,,994,0.000,2637,338,0
2017/3/15,19:27:54,530,17239,14.98,,994,0.000,2612,397,0
2017/3/15,19:28:09,501,16297,14.98,,994,0.000,2606,408,0
2017/3/15,19:28:24,487,15843,14.98,,994,0.000,2626,386,0
2017/3/15,19:28:39,472,15349,14.98,,994,0.000,2608,394,0
2017/3/15,19:28:54,437,14207,14.98,,994,0.000,2597,413,0
2017/3/15,19:29:09,424,13803,14.98,,994,0.000,2625,379,0
2017/3/15,19:29:24,409,13316,14.99,,994,0.000,2602,413,0
2017/3/15,19:29:39,388,12630,14.99,,994,0.000,2617,399,0
2017/3/15,19:29:54,369,12005,14.99,,994,0.000,2597,402,0
2017/3/15,19:30:09,361,11737,14.99,,994,0.000,2600,380,0
2017/3/15,19:30:24,333,10837,14.99,,994,0.000,2618,364,0
2017/3/15,19:30:39,333,10847,14.99,,994,0.000,2612,397,0
2017/3/15,19:30:54,315,10256,14.99,,994,0.000,2604,389,0
2017/3/15,19:31:09,309,10074,14.99,,994,0.000,2606,395,0
2017/3/15,19:31:24,288,9367,14.99,,994,0.000,2583,446,0
2017/3/15,19:31:39,273,8897,14.99,,994,0.000,2602,391,0
2017/3/15,19:31:54,264,8585,14.99,,994,0.000,2607,386,0
2017/3/15,19:32:09,259,8421,14.99,,994,0.000,2583,423,0
2017/3/15,19:32:24,255,8305,14.99,,994,0.000,2593,438,0
2017/3/15,19:32:39,247,8041,14.99,,994,0.000,2608,397,0
2017/3/15,19:32:54,238,7740,14.99,,994,0.000,2617,390,0
2017/3/15,19:33:09,227,7404,14.99,,994,0.000,2602,417,0
2017/3/15,19:33:24,218,7104,14.99,,994,0.000,2567,437,0
2017/3/15,19:33:39,214,6987,14.99,,994,0.000,2580,426,0
2017/3/15,19:33:54,209,6801,14.99,,994,0.000,2604,386,0
2017/3/15,19:34:09,204,6639,14.99,,994,0.000,2597,391,0
2017/3/15,19:34:24,193,6293,14.99,,994,0.000,2583,422,0
2017/3/15,19:34:39,188,6141,14.99,,994,0.000,2578,428,0
2017/3/15,19:34:54,184,5988,14.99,,994,0.000,2591,418,0
2017/3/15,19:35:09,180,5863,14.99,,994,0.000,2613,395,0
2017/3/15,19:35:24,169,5522,14.99,,994,0.000,2603,415,0
2017/3/15,19:35:39,168,5491,14.99,,994,0.000,2592,424,0
2017/3/15,19:35:54,168,5461,14.99,,994,0.000,2575,437,0
2017/3/15,19:36:09,167,5434,14.99,,994,0.000,2581,434,0
2017/3/15,19:36:24,159,5196,14.99,,994,0.000,2595,428,0
2017/3/15,19:36:39,157,5119,14.99,,994,0.000,2601,422,0
2017/3/15,19:36:54,154,5031,14.99,,994,0.000,2585,432,0
2017/3/15,19:37:09,150,4881,14.99,,994,0.000,2620,378,0
2017/3/15,19:37:24,152,4942,14.99,,994,0.000,2625,378,0
2017/3/15,19:37:39,142,4633,14.99,,995,0.000,2614,404,0
2017/3/15,19:37:54,141,4595,14.99,,995,0.000,2567,478,0
2017/3/15,19:38:09,140,4573,14.99,,994,0.000,2604,413,0
2017/3/15,19:38:24,139,4537,14.99,,994,0.000,2602,408,0
2017/3/15,19:38:39,140,4571,14.99,,995,0.000,2593,407,0
2017/3/15,19:38:54,136,4451,14.99,,994,0.000,2581,419,0
2017/3/15,19:39:09,131,4287,14.99,,994,0.000,2601,423,0
2017/3/15,19:39:24,129,4200,14.99,,994,0.000,2565,449,0
2017/3/15,19:39:39,130,4251,14.99,,994,0.000,2579,465,0
2017/3/15,19:39:54,129,4198,14.99,,994,0.000,2593,444,0
2017/3/15,19:40:09,129,4201,14.99,,994,0.000,2569,449,0
2017/3/15,19:40:24,121,3951,14.99,,994,0.000,2568,450,0
2017/3/15,19:40:39,117,3803,14.99,,995,0.000,2590,439,0
2017/3/15,19:40:54,120,3908,14.99,,995,0.000,2568,463,0
2017/3/15,19:41:09,121,3945,14.99,,994,0.000,2604,395,0
2017/3/15,19:41:24,123,4007,14.99,,995,0.000,2573,471,0
2017/3/15,19:41:39,118,3849,14.99,,995,0.000,2583,445,0
2017/3/15,19:41:54,117,3805,14.99,,995,0.000,2612,408,0
2017/3/15,19:42:09,117,3807,14.99,,994,0.000,2593,430,0
2017/3/15,19:42:24,111,3624,14.99,,994,0.000,2604,389,0
2017/3/15,19:42:39,112,3672,14.99,,995,0.000,2601,430,0
2017/3/15,19:42:54,110,3586,14.99,,995,0.000,2606,400,0
2017/3/15,19:43:09,110,3587,14.99,,995,0.000,2572,439,0
2017/3/15,19:43:24,112,3643,14.99,,994,0.000,2586,458,0
2017/3/15,19:43:39,110,3596,14.99,,995,0.000,2558,476,0
2017/3/15,19:43:54,110,3597,14.99,,995,0.000,2586,463,0
2017/3/15,19:44:09,108,3541,14.99,,995,0.000,2570,461,0
2017/3/15,19:44:24,107,3484,14.99,,995,0.000,2569,473,0
2017/3/15,19:44:39,107,3509,14.99,,994,0.000,2565,441,0
2017/3/15,19:44:54,107,3486,14.99,,995,0.000,2596,446,0
2017/3/15,19:45:09,104,3393,14.99,,995,0.000,2570,426,0
2017/3/15,19:45:24,104,3411,14.99,,995,0.000,2607,410,0
2017/3/15,19:45:39,106,3459,14.99,,995,0.000,2572,451,0
2017/3/15,19:45:54,104,3394,14.99,,995,0.000,2585,445,0
2017/3/15,19:46:09,106,3450,14.99,,995,0.000,2597,432,0
2017/3/15,19:46:24,101,3296,14.99,,995,0.000,2583,443,0
2017/3/15,19:46:39,101,3295,14.99,,995,0.000,2579,445,0
2017/3/15,19:46:54,98.4,3200,14.99,,995,0.000,2579,440,0
2017/3/15,19:47:10,98.8,3213,14.99,,995,0.000,2592,433,0
2017/3/15,19:47:25,99.6,3239,14.99,,995,0.000,2609,405,0
2017/3/15,19:47:40,101,3314,14.99,,995,0.000,2584,418,0
2017/3/15,19:47:54,94.8,3081,14.99,,995,0.000,2576,443,0
2017/3/15,19:48:10,99.5,3236,14.99,,995,0.000,2609,428,0
2017/3/15,19:48:25,96.6,3142,14.99,,995,0.000,2600,445,0
2017/3/15,19:48:40,99.1,3223,14.99,,995,0.000,2564,482,0
2017/3/15,19:48:55,96.0,3123,14.99,,995,0.000,2587,461,0
2017/3/15,19:49:10,93.2,3030,14.99,,995,0.000,2576,466,0
2017/3/15,19:49:25,94.9,3085,14.99,,995,0.000,2579,454,0
2017/3/15,19:49:40,97.2,3161,14.99,,995,0.000,2592,439,0
2017/3/15,19:49:55,97.5,3170,14.99,,995,0.000,2569,461,0
2017/3/15,19:50:10,94.3,3066,14.99,,995,0.000,2592,441,0
2017/3/15,19:50:25,99.2,3224,14.99,,995,0.000,2579,471,0
2017/3/15,19:50:40,93.4,3036,14.99,,995,0.000,2572,477,0
2017/3/15,19:50:55,94.8,3083,14.99,,995,0.000,2561,491,0
2017/3/15,19:51:10,95.9,3117,14.99,,995,0.000,2581,451,0
2017/3/15,19:51:25,98.3,3196,14.99,,995,0.000,2573,476,0
2017/3/15,19:51:40,94.2,3064,14.99,,995,0.000,2575,458,0
2017/3/15,19:51:55,95.6,3110,14.99,,995,0.000,2608,419,0
2017/3/15,19:52:10,91.1,2961,14.99,,995,0.000,2574,450,0
2017/3/15,19:52:25,92.3,3000,14.99,,995,0.000,2597,432,0
2017/3/15,19:52:40,91.1,2963,14.99,,995,0.000,2592,434,0
2017/3/15,19:52:55,92.6,3010,14.99,,995,0.000,2580,466,0
2017/3/15,19:53:10,90.6,2947,14.99,,995,0.000,2589,439,0
2017/3/15,19:53:25,91.3,2968,14.99,,995,0.000,2618,406,0
2017/3/15,19:53:40,88.2,2867,14.99,,995,0.000,2540,511,0
2017/3/15,19:53:55,94.1,3059,14.99,,995,0.000,2558,467,0
2017/3/15,19:54:10,89.0,2893,14.99,,995,0.000,2576,446,0
2017/3/15,19:54:25,89.5,2911,14.99,,995,0.000,2608,418,0
2017/3/15,19:54:40,91.1,2963,15.0,,995,0.000,2556,484,0
2017/3/15,19:54:55,92.6,3011,14.99,,995,0.000,2572,443,0
2017/3/15,19:55:10,88.6,2881,14.99,,995,0.000,2585,440,0
2017/3/15,19:55:25,91.2,2965,14.99,,995,0.000,2575,484,0
2017/3/15,19:55:40,92.0,2991,14.99,,995,0.000,2584,433,0
2017/3/15,19:55:55,86.8,2821,14.99,,995,0.000,2558,476,0
2017/3/15,19:56:10,89.3,2903,14.99,,995,0.000,2580,446,0
2017/3/15,19:56:25,86.8,2821,14.99,,995,0.000,2546,495,0
2017/3/15,19:56:40,89.3,2904,14.99,,995,0.000,2563,473,0
2017/3/15,19:56:55,86.3,2805,14.99,,995,0.000,2575,426,0
2017/3/15,19:57:10,88.3,2871,14.99,,995,0.000,2574,466,0
2017/3/15,19:57:25,86.4,2810,14.99,,995,0.000,2575,463,0
2017/3/15,19:57:40,90.7,2950,14.99,,995,0.000,2563,463,0
2017/3/15,19:57:55,86.7,2820,14.99,,995,0.000,2554,495,0
2017/3/15,19:58:10,88.6,2880,14.99,,995,0.000,2580,437,0
2017/3/15,19:58:25,87.3,2838,14.99,,995,0.000,2586,427,0
2017/3/15,19:58:40,89.3,2904,14.99,,995,0.000,2600,435,0
2017/3/15,19:58:55,90.6,2947,14.99,,995,0.000,2581,455,0
2017/3/15,19:59:10,84.7,2754,14.99,,995,0.000,2519,522,0
2017/3/15,19:59:25,89.0,2894,14.99,,995,0.000,2592,446,0
2017/3/15,19:59:40,89.5,2909,14.99,,995,0.000,2559,467,0
2017/3/15,19:59:55,87.0,2830,14.99,,995,0.000,2581,461,0
2017/3/15,20:00:10,87.1,2831,14.99,,995,0.000,2561,476,0
2017/3/15,20:00:25,86.5,2812,14.99,,995,0.000,2568,457,0
2017/3/15,20:00:40,84.9,2760,14.99,,995,0.000,2574,439,0
2017/3/15,20:00:55,82.0,2667,14.99,,995,0.000,2597,424,0
2017/3/15,20:01:10,85.9,2792,14.99,,995,0.000,2535,483,0
2017/3/15,20:01:25,86.0,2798,14.99,,995,0.000,2583,441,0
2017/3/15,20:01:40,87.5,2846,14.99,,995,0.000,2581,452,0
2017/3/15,20:01:55,83.9,2729,14.99,,995,0.000,2583,466,0
2017/3/15,20:02:10,84.0,2730,14.99,,995,0.000,2556,483,0
2017/3/15,20:02:25,87.1,2831,14.99,,995,0.000,2558,472,0
2017/3/15,20:02:40,88.4,2874,14.99,,995,0.000,2579,452,0
2017/3/15,20:02:55,86.2,2804,14.99,,995,0.000,2547,501,0
2017/3/15,20:03:10,86.7,2818,14.99,,995,0.000,2550,484,0
2017/3/15,20:03:25,82.1,2670,15.0,,995,0.000,2579,456,0
2017/3/15,20:03:40,79.6,2588,15.0,,995,0.000,2585,452,0
2017/3/15,20:03:55,80.2,2608,14.99,,995,0.000,2528,515,0
2017/3/15,20:04:10,80.4,2613,14.99,,995,0.000,2553,474,0
2017/3/15,20:04:25,81.6,2652,14.99,,995,0.000,2590,437,0
2017/3/15,20:04:40,82.2,2672,14.99,,995,0.000,2575,490,0
2017/3/15,20:04:55,81.2,2642,14.99,,995,0.000,2515,529,0
2017/3/15,20:05:10,81.1,2638,14.99,,995,0.000,2532,517,0
2017/3/15,20:05:25,79.9,2599,14.99,,995,0.000,2547,490,0
2017/3/15,20:05:40,84.1,2735,14.99,,995,0.000,2585,434,0
2017/3/15,20:05:55,83.9,2727,14.99,,995,0.000,2534,500,0
2017/3/15,20:06:10,83.1,2703,14.99,,995,0.000,2564,469,0
2017/3/15,20:06:25,81.6,2654,14.99,,995,0.000,2557,515,0
2017/3/15,20:06:40,84.0,2733,14.99,,995,0.000,2545,513,0
2017/3/15,20:06:55,82.7,2689,14.99,,995,0.000,2585,451,0
2017/3/15,20:07:10,83.6,2717,14.99,,995,0.000,2556,472,0
2017/3/15,20:07:25,80.7,2623,14.99,,995,0.000,2557,485,0
2017/3/15,20:07:40,78.0,2538,14.99,,995,0.000,2543,521,0
2017/3/15,20:07:55,78.6,2555,14.99,,995,0.000,2572,479,0
2017/3/15,20:08:10,79.7,2592,14.99,,995,0.000,2546,513,0
2017/3/15,20:08:25,78.2,2543,14.99,,995,0.000,2584,471,0
2017/3/15,20:08:40,82.1,2671,14.99,,995,0.000,2587,451,0
2017/3/15,20:08:55,81.8,2659,14.99,,995,0.000,2526,538,0
2017/3/15,20:09:10,82.8,2691,15.0,,995,0.000,2564,468,0
2017/3/15,20:09:25,83.6,2717,14.99,,995,0.000,2556,455,0
2017/3/15,20:09:40,80.0,2601,15.0,,995,0.000,2552,495,0
2017/3/15,20:09:55,80.8,2628,14.99,,995,0.000,2593,446,0
2017/3/15,20:10:10,79.6,2590,15.0,,995,0.000,2570,467,0
2017/3/15,20:10:25,78.3,2547,15.0,,995,0.000,2554,483,0
2017/3/15,20:10:40,77.8,2529,14.99,,995,0.000,2554,477,0
2017/3/15,20:10:55,76.7,2495,14.99,,995,0.000,2554,520,0
2017/3/15,20:11:10,78.4,2548,14.99,,995,0.000,2553,509,0
2017/3/15,20:11:25,79.4,2582,14.99,,995,0.000,2589,435,0
2017/3/15,20:11:40,81.7,2656,14.99,,995,0.000,2561,479,0
2017/3/15,20:11:55,77.8,2529,14.99,,995,0.000,2548,529,0
2017/3/15,20:12:10,81.4,2648,14.99,,995,0.000,2540,513,0
2017/3/15,20:12:25,79.6,2587,14.99,,995,0.000,2547,484,0
2017/3/15,20:12:40,84.2,2737,14.99,,995,0.000,2553,480,0
2017/3/15,20:12:55,78.8,2564,14.99,,995,0.000,2543,501,0
2017/3/15,20:13:10,77.8,2531,14.99,,995,0.000,2528,518,0
2017/3/15,20:13:25,79.0,2568,15.0,,995,0.000,2581,465,0
2017/3/15,20:13:40,84.8,2759,14.99,,995,0.000,2548,515,0
2017/3/15,20:13:55,79.7,2592,14.99,,995,0.000,2542,502,0
2017/3/15,20:14:10,79.0,2570,14.99,,995,0.000,2559,500,0
2017/3/15,20:14:25,77.8,2529,14.99,,995,0.000,2541,482,0
2017/3/15,20:14:40,77.5,2519,15.0,,995,0.000,2553,484,0
2017/3/15,20:14:55,75.4,2453,14.99,,995,0.000,2547,505,0
2017/3/15,20:15:10,81.2,2641,14.99,,995,0.000,2537,517,0
2017/3/15,20:15:25,79.7,2591,14.99,,995,0.000,2518,578,0
2017/3/15,20:15:40,79.7,2593,14.99,,995,0.000,2536,510,0
2017/3/15,20:15:55,81.4,2646,14.99,,995,0.000,2570,472,0
2017/3/15,20:16:10,79.8,2595,14.99,,995,0.000,2539,546,0
2017/3/15,20:16:25,80.6,2622,14.99,,995,0.000,2595,439,0
2017/3/15,20:16:40,78.5,2554,14.99,,995,0.000,2586,474,0
2017/3/15,20:16:55,76.7,2493,14.99,,995,0.000,2564,471,0
2017/3/15,20:17:10,76.3,2482,14.99,,995,0.000,2547,505,0
2017/3/15,20:17:25,82.0,2665,14.99,,995,0.000,2579,479,0
