TSI CPC DATA VERSION 3
1490468060,2017/3/25,18:54:20
15
1.08,130
Model 3783 Ver 1.27 S/N 3783111302
"Date","Time","Concentration","Count"," Live-Time","Blank","Abs Press"," Analog In","Pulse Height"," Pulse STD","Status Flags"
2017/3/25,18:54:15,6.51e4,1852148,13.13,,1021,0.000,2070,449,0
2017/3/25,18:54:30,6.70e4,1919083,13.21,,1021,0.000,2059,458,0
2017/3/25,18:54:45,7.08e4,2014545,13.12,,1021,0.000,2045,447,0
2017/3/25,18:55:00,7.49e4,2114374,13.02,,1021,0.000,2031,452,0
2017/3/25,18:55:15,7.75e4,2178492,12.96,,1021,0.000,2036,401,0
2017/3/25,18:55:30,7.29e4,2065026,13.07,,1021,0.000,2032,432,0
2017/3/25,18:55:45,6.93e4,1978010,13.15,,1021,0.000,2060,435,0
2017/3/25,18:56:00,6.61e4,1895972,13.23,,1021,0.000,2122,424,0
2017/3/25,18:56:15,6.62e4,1899095,13.23,,1021,0.000,2067,461,0
2017/3/25,18:56:30,6.53e4,1875601,13.25,,1021,0.000,2091,435,0
2017/3/25,18:56:45,6.25e4,1804907,13.32,,1021,0.000,2139,422,0
2017/3/25,18:57:00,6.20e4,1793650,13.33,,1021,0.000,2109,443,0
2017/3/25,18:57:15,6.16e4,1782077,13.34,,1021,0.000,2089,430,0
2017/3/25,18:57:30,6.05e4,1753099,13.36,,1021,0.000,2137,428,0
2017/3/25,18:57:45,5.97e4,1732995,13.38,,1021,0.000,2132,443,0
2017/3/25,18:58:00,6.08e4,1761875,13.35,,1021,0.000,2121,444,0
2017/3/25,18:58:15,6.04e4,1752233,13.36,,1021,0.000,2139,433,0
2017/3/25,18:58:30,5.97e4,1732951,13.38,,1021,0.000,2111,447,0
2017/3/25,18:58:45,5.73e4,1671326,13.44,,1021,0.000,2111,468,0
2017/3/25,18:59:00,5.55e4,1624736,13.48,,1021,0.000,2119,484,0
2017/3/25,18:59:15,5.64e4,1647920,13.46,,1021,0.000,2142,437,0
2017/3/25,18:59:30,5.62e4,1641928,13.47,,1021,0.000,2124,435,0
2017/3/25,18:59:45,5.58e4,1630498,13.48,,1021,0.000,2144,443,0
2017/3/25,19:00:00,5.84e4,1697833,13.41,,1021,0.000,2117,461,0
2017/3/25,19:00:15,5.96e4,1729101,13.38,,1021,0.000,2139,429,0
2017/3/25,19:00:30,7.17e4,2035590,13.1,,1021,0.000,2064,444,0
2017/3/25,19:00:45,8.39e4,2324581,12.81,,1021,0.000,2006,443,0
2017/3/25,19:01:00,1.03e5,2737025,12.39,,1021,0.000,1949,419,0
2017/3/25,19:01:15,1.44e5,3591710,11.47,,1021,0.000,1854,460,0
2017/3/25,19:01:30,1.62e5,3857193,11.14,,1021,0.000,1796,467,0
2017/3/25,19:01:45,2.22e5,4779009,10.0,,1021,0.000,1701,458,0
2017/3/25,19:02:00,2.25e5,4812157,9.947,,1021,0.000,1650,476,0
2017/3/25,19:02:15,2.66e5,5240297,9.248,,1021,0.000,1632,522,0
2017/3/25,19:02:30,2.49e5,5080033,9.521,,1021,0.000,1652,502,0
2017/3/25,19:02:45,2.66e5,5261560,9.237,,1021,0.000,1629,507,0
2017/3/25,19:03:00,3.57e5,5977790,7.843,,1021,0.000,1499,546,0
2017/3/25,19:03:15,3.41e5,5920749,8.054,,1021,0.000,1542,527,0
2017/3/25,19:03:30,3.77e5,6153740,7.536,,1021,0.000,1479,516,0
2017/3/25,19:03:45,3.71e5,6104846,7.616,,1021,0.000,1479,543,0
2017/3/25,19:04:00,3.93e5,6195098,7.344,,1021,0.000,1496,523,0
2017/3/25,19:04:15,4.02e5,6267501,7.199,,1021,0.000,1481,560,0
2017/3/25,19:04:30,4.10e5,6287516,7.102,,1021,0.000,1474,544,0
2017/3/25,19:04:45,4.42e5,6415023,6.695,,1021,0.000,1447,548,0
2017/3/25,19:05:00,4.33e5,6389855,6.808,,1021,0.000,1450,543,0
2017/3/25,19:05:15,4.64e5,6472339,6.442,,1021,0.000,1461,562,0
2017/3/25,19:05:30,4.59e5,6471159,6.501,,1021,0.000,1456,552,0
2017/3/25,19:05:45,4.34e5,6390690,6.793,,1021,0.000,1489,561,0
2017/3/25,19:06:00,4.52e5,6439696,6.574,,1021,0.000,1422,534,0
2017/3/25,19:06:15,4.50e5,6428901,6.597,,1021,0.000,1407,554,0
2017/3/25,19:06:30,4.59e5,6460469,6.495,,1021,0.000,1441,532,0
2017/3/25,19:06:45,4.64e5,6471388,6.433,,1021,0.000,1422,572,0
2017/3/25,19:07:00,4.52e5,6430978,6.57,,1021,0.000,1447,563,0
2017/3/25,19:07:15,4.66e5,6472379,6.419,,1021,0.000,1458,573,0
2017/3/25,19:07:30,4.81e5,6505661,6.249,,1021,0.000,1409,581,0
2017/3/25,19:07:45,4.95e5,6530639,6.093,,1021,0.000,1394,576,0
2017/3/25,19:08:00,4.82e5,6501920,6.223,,1021,0.000,1472,565,0
2017/3/25,19:08:15,4.82e5,6504622,6.23,,1021,0.000,1425,554,0
2017/3/25,19:08:30,4.75e5,6488540,6.318,,1021,0.000,1412,554,0
2017/3/25,19:08:45,4.89e5,6516596,6.154,,1021,0.000,1411,549,0
2017/3/25,19:09:00,4.89e5,6518198,6.15,,1021,0.000,1444,570,0
2017/3/25,19:09:15,4.77e5,6490125,6.282,,1021,0.000,1431,546,0
2017/3/25,19:09:30,4.63e5,6466030,6.442,,1021,0.000,1424,541,0
2017/3/25,19:09:45,4.53e5,6432004,6.549,,1021,0.000,1407,538,0
2017/3/25,19:10:00,4.63e5,6459659,6.433,,1021,0.000,1424,566,0
2017/3/25,19:10:15,4.72e5,6473778,6.341,,1021,0.000,1411,539,0
2017/3/25,19:10:30,4.76e5,6454401,6.337,,1021,0.000,1391,567,0
2017/3/25,19:10:45,4.57e5,6450140,6.512,,1021,0.000,1424,593,0
2017/3/25,19:11:00,4.61e5,6452774,6.463,,1021,0.000,1427,574,0
2017/3/25,19:11:15,4.66e5,6468606,6.402,,1021,0.000,1445,574,0
2017/3/25,19:11:30,4.75e5,6487099,6.313,,1021,0.000,1453,566,0
2017/3/25,19:11:45,4.74e5,6483963,6.318,,1021,0.000,1451,567,0
2017/3/25,19:12:00,4.48e5,6418921,6.601,,1021,0.000,1423,560,0
2017/3/25,19:12:15,4.64e5,6457227,6.421,,1021,0.000,1431,551,0
2017/3/25,19:12:30,4.52e5,6434042,6.568,,1021,0.000,1430,565,0
2017/3/25,19:12:45,4.69e5,6471427,6.365,,1021,0.000,1453,571,0
2017/3/25,19:13:00,4.83e5,6497483,6.208,,1021,0.000,1418,573,0
2017/3/25,19:13:15,4.75e5,6480427,6.299,,1021,0.000,1418,582,0
2017/3/25,19:13:30,4.54e5,6432757,6.541,,1021,0.000,1478,578,0
2017/3/25,19:13:45,4.50e5,6423915,6.588,,1021,0.000,1451,588,0
2017/3/25,19:14:00,4.52e5,6427651,6.552,,1021,0.000,1401,568,0
2017/3/25,19:14:15,4.52e5,6426823,6.562,,1021,0.000,1434,533,0
2017/3/25,19:14:30,4.51e5,6425557,6.568,,1021,0.000,1448,585,0
2017/3/25,19:14:45,4.52e5,6428823,6.556,,1021,0.000,1473,576,0
2017/3/25,19:15:00,4.41e5,6391292,6.681,,1021,0.000,1442,555,0
2017/3/25,19:15:15,4.49e5,6415636,6.584,,1021,0.000,1424,572,0
2017/3/25,19:15:30,4.32e5,6365807,6.795,,1021,0.000,1480,557,0
2017/3/25,19:15:45,4.36e5,6375335,6.751,,1021,0.000,1485,518,0
2017/3/25,19:16:00,4.35e5,6376336,6.759,,1021,0.000,1451,567,0
2017/3/25,19:16:15,4.39e5,6383293,6.702,,1021,0.000,1441,560,0
2017/3/25,19:16:30,4.46e5,6406882,6.632,,1021,0.000,1424,544,0
2017/3/25,19:16:45,4.37e5,6380709,6.728,,1021,0.000,1431,588,0
2017/3/25,19:17:00,4.32e5,6360513,6.788,,1021,0.000,1413,544,0
2017/3/25,19:17:15,4.19e5,6317110,6.954,,1021,0.000,1474,567,0
2017/3/25,19:17:30,4.37e5,6383389,6.738,,1021,0.000,1445,539,0
2017/3/25,19:17:45,4.21e5,6326010,6.934,,1021,0.000,1459,561,0
2017/3/25,19:18:00,4.23e5,6331666,6.906,,1021,0.000,1452,562,0
2017/3/25,19:18:15,4.26e5,6338145,6.872,,1021,0.000,1469,546,0
2017/3/25,19:18:30,4.38e5,6382877,6.717,,1021,0.000,1435,571,0
2017/3/25,19:18:45,4.37e5,6381800,6.729,,1021,0.000,1461,585,0
2017/3/25,19:19:00,4.39e5,6378856,6.71,,1021,0.000,1462,560,0
2017/3/25,19:19:15,4.44e5,6397903,6.649,,1021,0.000,1440,538,0
2017/3/25,19:19:30,4.44e5,6403295,6.654,,1021,0.000,1444,541,0
2017/3/25,19:19:45,4.40e5,6390863,6.696,,1021,0.000,1437,556,0
2017/3/25,19:20:00,4.35e5,6364805,6.752,,1021,0.000,1468,551,0
2017/3/25,19:20:15,4.26e5,6341115,6.863,,1021,0.000,1442,560,0
2017/3/25,19:20:30,4.56e5,6436471,6.509,,1021,0.000,1448,554,0
2017/3/25,19:20:45,4.43e5,6391630,6.651,,1021,0.000,1458,566,0
2017/3/25,19:21:00,4.48e5,6411842,6.604,,1021,0.000,1458,568,0
2017/3/25,19:21:15,4.43e5,6393735,6.658,,1021,0.000,1458,565,0
2017/3/25,19:21:30,4.41e5,6394333,6.689,,1021,0.000,1423,562,0
2017/3/25,19:21:45,4.53e5,6425631,6.543,,1021,0.000,1477,582,0
2017/3/25,19:22:00,4.39e5,6385529,6.71,,1021,0.000,1458,577,0
2017/3/25,19:22:15,4.32e5,6366232,6.796,,1021,0.000,1459,552,0
2017/3/25,19:22:30,4.33e5,6370046,6.788,,1021,0.000,1456,570,0
2017/3/25,19:22:45,4.35e5,6371740,6.755,,1021,0.000,1427,550,0
2017/3/25,19:23:00,4.25e5,6335071,6.875,,1021,0.000,1474,572,0
2017/3/25,19:23:15,4.33e5,6363035,6.784,,1021,0.000,1440,561,0
2017/3/25,19:23:30,4.42e5,6389906,6.672,,1021,0.000,1485,576,0
2017/3/25,19:23:45,4.87e5,6502997,6.161,,1021,0.000,1419,552,0
2017/3/25,19:24:00,4.98e5,6519886,6.045,,1022,0.000,1406,581,0
2017/3/25,19:24:15,4.83e5,6496006,6.206,,1021,0.000,1380,526,0
2017/3/25,19:24:30,4.83e5,6497571,6.206,,1021,0.000,1405,556,0
2017/3/25,19:24:45,4.79e5,6490746,6.251,,1021,0.000,1411,566,0
2017/3/25,19:25:00,4.64e5,6456042,6.421,,1021,0.000,1466,566,0
2017/3/25,19:25:15,4.69e5,6465174,6.356,,1021,0.000,1408,552,0
2017/3/25,19:25:30,4.61e5,6442503,6.453,,1021,0.000,1458,548,0
2017/3/25,19:25:45,4.60e5,6441875,6.457,,1022,0.000,1444,559,0
2017/3/25,19:26:00,4.52e5,6423501,6.551,,1021,0.000,1428,532,0
2017/3/25,19:26:15,4.90e5,6497288,6.126,,1021,0.000,1430,565,0
2017/3/25,19:26:30,4.92e5,6512565,6.115,,1021,0.000,1434,556,0
2017/3/25,19:26:45,4.75e5,6479253,6.299,,1021,0.000,1422,567,0
2017/3/25,19:27:00,4.63e5,6419431,6.473,,1022,0.000,1376,556,0
2017/3/25,19:27:15,4.75e5,6489072,6.297,,1021,0.000,1429,572,0
2017/3/25,19:27:30,4.84e5,6501695,6.192,,1021,0.000,1411,546,0
2017/3/25,19:27:45,4.74e5,6479079,6.302,,1021,0.000,1464,581,0
2017/3/25,19:28:00,4.81e5,6493487,6.225,,1021,0.000,1389,531,0
2017/3/25,19:28:15,4.98e5,6518459,6.041,,1022,0.000,1437,585,0
2017/3/25,19:28:30,4.73e5,6475005,6.317,,1022,0.000,1419,554,0
2017/3/25,19:28:45,4.66e5,6455084,6.392,,1022,0.000,1429,557,0
2017/3/25,19:29:00,4.51e5,6415653,6.567,,1022,0.000,1445,555,0
2017/3/25,19:29:15,4.43e5,6392061,6.657,,1022,0.000,1418,561,0
2017/3/25,19:29:30,4.42e5,6390161,6.677,,1021,0.000,1424,582,0
2017/3/25,19:29:45,4.22e5,6331651,6.92,,1021,0.000,1428,523,0
2017/3/25,19:30:00,4.12e5,6276105,7.039,,1021,0.000,1446,549,0
2017/3/25,19:30:15,3.92e5,6197239,7.299,,1022,0.000,1473,560,0
2017/3/25,19:30:30,3.98e5,6234233,7.222,,1022,0.000,1446,551,0
2017/3/25,19:30:45,3.91e5,6202455,7.314,,1022,0.000,1506,561,0
2017/3/25,19:31:00,3.97e5,6224466,7.226,,1021,0.000,1475,550,0
2017/3/25,19:31:15,3.88e5,6186211,7.354,,1022,0.000,1474,549,0
2017/3/25,19:31:30,3.79e5,6140239,7.467,,1022,0.000,1491,545,0
2017/3/25,19:31:45,3.65e5,6066948,7.657,,1021,0.000,1484,520,0
2017/3/25,19:32:00,3.72e5,6104350,7.555,,1021,0.000,1466,522,0
2017/3/25,19:32:15,3.70e5,6091010,7.59,,1021,0.000,1480,544,0
2017/3/25,19:32:30,3.71e5,6103160,7.584,,1022,0.000,1520,550,0
2017/3/25,19:32:45,3.62e5,6040769,7.696,,1022,0.000,1503,543,0
2017/3/25,19:33:00,3.59e5,6030979,7.74,,1021,0.000,1507,548,0
2017/3/25,19:33:15,3.61e5,6038735,7.715,,1021,0.000,1508,548,0
2017/3/25,19:33:30,3.71e5,6093627,7.577,,1022,0.000,1457,515,0
2017/3/25,19:33:45,3.67e5,6075325,7.622,,1022,0.000,1518,568,0
2017/3/25,19:34:00,3.74e5,6117566,7.541,,1021,0.000,1502,545,0
2017/3/25,19:34:15,3.83e5,6160876,7.418,,1022,0.000,1479,545,0
2017/3/25,19:34:30,3.57e5,6022384,7.784,,1022,0.000,1514,561,0
2017/3/25,19:34:45,3.59e5,6034160,7.744,,1022,0.000,1499,540,0
2017/3/25,19:35:00,3.67e5,6077591,7.627,,1021,0.000,1501,544,0
2017/3/25,19:35:15,3.69e5,6084773,7.602,,1021,0.000,1494,545,0
2017/3/25,19:35:30,3.73e5,6111355,7.562,,1021,0.000,1418,528,0
2017/3/25,19:35:45,3.73e5,6112953,7.555,,1021,0.000,1507,557,0
2017/3/25,19:36:00,3.72e5,6108009,7.572,,1022,0.000,1500,527,0
2017/3/25,19:36:15,3.91e5,6210765,7.317,,1022,0.000,1496,529,0
2017/3/25,19:36:30,3.97e5,6235425,7.243,,1021,0.000,1469,539,0
2017/3/25,19:36:45,3.82e5,6163398,7.445,,1021,0.000,1485,528,0
2017/3/25,19:37:00,4.09e5,6283507,7.091,,1022,0.000,1480,556,0
2017/3/25,19:37:15,4.04e5,6260417,7.154,,1021,0.000,1451,560,0
2017/3/25,19:37:30,3.96e5,6235069,7.256,,1022,0.000,1455,548,0
2017/3/25,19:37:45,3.75e5,6123990,7.523,,1021,0.000,1499,560,0
2017/3/25,19:38:00,3.77e5,6130036,7.505,,1022,0.000,1470,549,0
2017/3/25,19:38:15,3.81e5,6157186,7.454,,1022,0.000,1467,527,0
2017/3/25,19:38:30,3.78e5,6138624,7.49,,1021,0.000,1483,549,0
2017/3/25,19:38:45,3.78e5,6141494,7.497,,1022,0.000,1469,551,0
2017/3/25,19:39:00,3.70e5,6094689,7.593,,1022,0.000,1494,538,0
2017/3/25,19:39:15,3.96e5,6222252,7.259,,1022,0.000,1488,541,0
2017/3/25,19:39:30,3.96e5,6228545,7.249,,1022,0.000,1508,548,0
2017/3/25,19:39:45,4.05e5,6265295,7.132,,1022,0.000,1457,552,0
2017/3/25,19:40:00,3.93e5,6217698,7.289,,1022,0.000,1491,551,0
2017/3/25,19:40:15,3.98e5,6241328,7.234,,1022,0.000,1479,531,0
2017/3/25,19:40:30,4.10e5,6289454,7.069,,1021,0.000,1458,550,0
2017/3/25,19:40:45,4.17e5,6312238,6.981,,1022,0.000,1472,550,0
2017/3/25,19:41:00,4.06e5,6273310,7.119,,1022,0.000,1453,543,0
2017/3/25,19:41:15,4.07e5,6275959,7.103,,1022,0.000,1466,565,0
2017/3/25,19:41:30,4.17e5,6315649,6.987,,1022,0.000,1439,538,0
2017/3/25,19:41:45,4.15e5,6305385,6.998,,1022,0.000,1495,571,0
2017/3/25,19:42:00,4.15e5,6305054,7.005,,1022,0.000,1441,540,0
2017/3/25,19:42:15,4.26e5,6346848,6.875,,1022,0.000,1448,546,0
2017/3/25,19:42:30,4.14e5,6306972,7.016,,1022,0.000,1457,533,0
2017/3/25,19:42:45,4.25e5,6340088,6.882,,1022,0.000,1463,572,0
2017/3/25,19:43:00,4.26e5,6347231,6.868,,1022,0.000,1448,535,0
2017/3/25,19:43:15,4.09e5,6246405,7.123,,1022,0.000,1398,538,0
2017/3/25,19:43:30,4.10e5,6291035,7.067,,1022,0.000,1453,555,0
2017/3/25,19:43:45,4.27e5,6348415,6.859,,1021,0.000,1440,532,0
2017/3/25,19:44:00,4.19e5,6318817,6.962,,1022,0.000,1492,588,0
2017/3/25,19:44:15,4.16e5,6307353,6.988,,1022,0.000,1456,541,0
2017/3/25,19:44:30,4.01e5,6244203,7.179,,1022,0.000,1473,555,0
2017/3/25,19:44:45,4.15e5,6300578,7.01,,1022,0.000,1452,548,0
2017/3/25,19:45:00,4.00e5,6248738,7.199,,1022,0.000,1468,554,0
2017/3/25,19:45:15,4.28e5,6356482,6.843,,1022,0.000,1475,555,0
2017/3/25,19:45:30,4.37e5,6388755,6.737,,1022,0.000,1480,559,0
2017/3/25,19:45:45,4.24e5,6336414,6.895,,1022,0.000,1442,557,0
2017/3/25,19:46:00,4.16e5,6309068,6.994,,1022,0.000,1452,539,0
2017/3/25,19:46:15,4.20e5,6324157,6.948,,1022,0.000,1496,568,0
2017/3/25,19:46:30,4.21e5,6330875,6.937,,1022,0.000,1478,537,0
2017/3/25,19:46:45,4.24e5,6335201,6.889,,1022,0.000,1450,577,0
2017/3/25,19:47:00,4.25e5,6345315,6.881,,1022,0.000,1475,512,0
2017/3/25,19:47:15,4.09e5,6278596,7.078,,1022,0.000,1478,571,0
2017/3/25,19:47:30,4.08e5,6278412,7.092,,1022,0.000,1452,544,0
2017/3/25,19:47:45,4.07e5,6272829,7.113,,1022,0.000,1472,555,0
2017/3/25,19:48:00,4.14e5,6298410,7.023,,1022,0.000,1463,556,0
2017/3/25,19:48:15,4.06e5,6268255,7.114,,1022,0.000,1434,581,0
2017/3/25,19:48:30,3.95e5,6221188,7.265,,1022,0.000,1491,528,0
2017/3/25,19:48:45,3.94e5,6217447,7.266,,1022,0.000,1445,535,0
2017/3/25,19:49:00,4.01e5,6243106,7.171,,1022,0.000,1472,559,0
2017/3/25,19:49:15,3.89e5,6196467,7.336,,1022,0.000,1477,526,0
2017/3/25,19:49:30,3.79e5,6142733,7.48,,1022,0.000,1474,518,0
2017/3/25,19:49:45,3.76e5,6121836,7.507,,1022,0.000,1503,528,0
2017/3/25,19:50:00,3.78e5,6131103,7.477,,1022,0.000,1480,545,0
2017/3/25,19:50:15,3.67e5,6076201,7.626,,1022,0.000,1480,527,0
2017/3/25,19:50:30,3.68e5,6084242,7.619,,1022,0.000,1501,555,0
2017/3/25,19:50:45,3.61e5,6040372,7.708,,1022,0.000,1517,551,0
2017/3/25,19:51:00,3.65e5,6058959,7.663,,1022,0.000,1456,554,0
2017/3/25,19:51:15,3.60e5,6033118,7.722,,1022,0.000,1490,524,0
2017/3/25,19:51:30,3.50e5,5978360,7.883,,1022,0.000,1497,517,0
2017/3/25,19:51:45,3.43e5,5929824,7.957,,1022,0.000,1499,518,0
2017/3/25,19:52:00,3.39e5,5899172,8.019,,1022,0.000,1519,543,0
2017/3/25,19:52:15,3.38e5,5898068,8.045,,1022,0.000,1525,562,0
2017/3/25,19:52:30,3.33e5,5861895,8.121,,1022,0.000,1533,563,0
2017/3/25,19:52:45,3.41e5,5910367,7.995,,1022,0.000,1516,539,0
2017/3/25,19:53:00,3.36e5,5888285,8.071,,1022,0.000,1520,548,0
2017/3/25,19:53:15,3.25e5,5804386,8.238,,1022,0.000,1533,517,0
2017/3/25,19:53:30,3.16e5,5739342,8.373,,1022,0.000,1495,543,0
2017/3/25,19:53:45,3.11e5,5697816,8.444,,1022,0.000,1525,543,0
2017/3/25,19:54:00,3.03e5,5629750,8.575,,1022,0.000,1571,541,0
2017/3/25,19:54:15,3.03e5,5635291,8.566,,1022,0.000,1562,541,0
2017/3/25,19:54:30,2.98e5,5593380,8.652,,1022,0.000,1561,533,0
2017/3/25,19:54:45,2.90e5,5518359,8.777,,1022,0.000,1600,538,0
2017/3/25,19:55:00,2.84e5,5462103,8.868,,1022,0.000,1593,502,0
2017/3/25,19:55:15,2.81e5,5440709,8.91,,1022,0.000,1628,515,0
2017/3/25,19:55:30,2.78e5,5407471,8.967,,1022,0.000,1601,518,0
2017/3/25,19:55:45,2.68e5,5308439,9.124,,1022,0.000,1597,509,0
2017/3/25,19:56:00,2.67e5,5296639,9.143,,1022,0.000,1635,517,0
2017/3/25,19:56:15,2.61e5,5235432,9.245,,1022,0.000,1599,518,0
2017/3/25,19:56:30,2.57e5,5194813,9.315,,1022,0.000,1629,502,0
2017/3/25,19:56:45,2.51e5,5123443,9.413,,1022,0.000,1643,515,0
2017/3/25,19:57:00,2.43e5,5037005,9.554,,1022,0.000,1617,504,0
2017/3/25,19:57:15,2.43e5,5037107,9.551,,1022,0.000,1650,535,0
2017/3/25,19:57:30,2.40e5,5004867,9.601,,1022,0.000,1632,495,0
2017/3/25,19:57:45,2.36e5,4957844,9.666,,1022,0.000,1660,533,0
2017/3/25,19:58:00,2.28e5,4859464,9.812,,1022,0.000,1669,485,0
2017/3/25,19:58:15,2.27e5,4845585,9.828,,1022,0.000,1651,506,0
2017/3/25,19:58:30,2.23e5,4792743,9.906,,1022,0.000,1647,543,0
2017/3/25,19:58:45,2.18e5,4729111,9.987,,1022,0.000,1654,516,0
2017/3/25,19:59:00,2.14e5,4682651,10.05,,1022,0.000,1643,535,0
2017/3/25,19:59:15,2.14e5,4677369,10.06,,1022,0.000,1679,510,0
2017/3/25,19:59:30,2.10e5,4613884,10.16,,1022,0.000,1676,528,0
2017/3/25,19:59:45,2.07e5,4582888,10.2,,1022,0.000,1662,500,0
2017/3/25,20:00:00,2.02e5,4512336,10.3,,1022,0.000,1673,507,0
2017/3/25,20:00:15,2.06e5,4565537,10.22,,1022,0.000,1676,516,0
2017/3/25,20:00:30,2.05e5,4559080,10.24,,1022,0.000,1697,509,0
2017/3/25,20:00:45,2.04e5,4537979,10.26,,1022,0.000,1702,472,0
2017/3/25,20:01:00,1.99e5,4470493,10.35,,1022,0.000,1723,515,0
2017/3/25,20:01:15,2.00e5,4493363,10.32,,1022,0.000,1711,488,0
2017/3/25,20:01:30,2.01e5,4501484,10.31,,1022,0.000,1702,504,0
2017/3/25,20:01:45,1.97e5,4446711,10.38,,1022,0.000,1723,473,0
2017/3/25,20:02:00,1.95e5,4421938,10.42,,1022,0.000,1740,488,0
2017/3/25,20:02:15,1.91e5,4361497,10.5,,1022,0.000,1740,460,0
2017/3/25,20:02:30,1.90e5,4351423,10.52,,1022,0.000,1754,498,0
2017/3/25,20:02:45,1.87e5,4300977,10.58,,1022,0.000,1728,501,0
2017/3/25,20:03:00,1.89e5,4336101,10.54,,1022,0.000,1739,498,0
2017/3/25,20:03:15,1.87e5,4295329,10.59,,1022,0.000,1724,494,0
2017/3/25,20:03:30,1.83e5,4237950,10.65,,1022,0.000,1721,487,0
2017/3/25,20:03:45,1.80e5,4192156,10.71,,1022,0.000,1737,496,0
2017/3/25,20:04:00,1.82e5,4218041,10.68,,1022,0.000,1767,501,0
2017/3/25,20:04:15,1.76e5,4135186,10.79,,1022,0.000,1741,466,0
2017/3/25,20:04:30,1.74e5,4104251,10.83,,1022,0.000,1739,461,0
2017/3/25,20:04:45,1.76e5,4131683,10.8,,1022,0.000,1746,480,0
2017/3/25,20:05:00,1.76e5,4125522,10.8,,1022,0.000,1763,478,0
2017/3/25,20:05:15,1.75e5,4120407,10.81,,1022,0.000,1699,490,0
2017/3/25,20:05:30,1.70e5,4038623,10.91,,1022,0.000,1782,471,0
2017/3/25,20:05:45,1.73e5,4077728,10.86,,1022,0.000,1800,458,0
2017/3/25,20:06:00,1.70e5,4027719,10.92,,1022,0.000,1798,469,0
2017/3/25,20:06:15,1.68e5,4004253,10.96,,1022,0.000,1779,489,0
2017/3/25,20:06:30,1.67e5,3994039,10.98,,1022,0.000,1790,491,0
2017/3/25,20:06:45,1.66e5,3976828,10.99,,1022,0.000,1778,498,0
2017/3/25,20:07:00,1.62e5,3896390,11.08,,1022,0.000,1777,465,0
2017/3/25,20:07:15,1.64e5,3931425,11.04,,1022,0.000,1798,496,0
2017/3/25,20:07:30,1.58e5,3836447,11.16,,1022,0.000,1809,456,0
2017/3/25,20:07:45,1.57e5,3825098,11.17,,1022,0.000,1826,473,0
2017/3/25,20:08:00,1.54e5,3768820,11.24,,1022,0.000,1805,451,0
2017/3/25,20:08:15,1.55e5,3782208,11.22,,1022,0.000,1805,460,0
2017/3/25,20:08:30,1.55e5,3791696,11.22,,1022,0.000,1782,467,0
2017/3/25,20:08:45,1.54e5,3757641,11.25,,1022,0.000,1827,456,0
2017/3/25,20:09:00,1.54e5,3762825,11.25,,1022,0.000,1829,473,0
2017/3/25,20:09:15,1.53e5,3754323,11.26,,1022,0.000,1798,466,0
2017/3/25,20:09:30,1.53e5,3751354,11.26,,1022,0.000,1840,476,0
2017/3/25,20:09:45,1.50e5,3704527,11.32,,1022,0.000,1813,460,0
2017/3/25,20:10:00,1.52e5,3738837,11.28,,1022,0.000,1812,477,0
2017/3/25,20:10:15,1.50e5,3693605,11.33,,1022,0.000,1832,479,0
2017/3/25,20:10:30,1.46e5,3622299,11.41,,1022,0.000,1801,485,0
2017/3/25,20:10:45,1.48e5,3661753,11.36,,1022,0.000,1818,469,0
2017/3/25,20:11:00,1.44e5,3593956,11.45,,1022,0.000,1810,491,0
2017/3/25,20:11:15,1.47e5,3643305,11.39,,1022,0.000,1839,493,0
2017/3/25,20:11:30,1.44e5,3586626,11.46,,1022,0.000,1857,479,0
2017/3/25,20:11:45,1.45e5,3596709,11.44,,1022,0.000,1812,452,0
2017/3/25,20:12:00,1.40e5,3512033,11.54,,1022,0.000,1850,465,0
2017/3/25,20:12:15,1.40e5,3508577,11.55,,1022,0.000,1846,450,0
2017/3/25,20:12:30,1.40e5,3512453,11.54,,1022,0.000,1807,493,0
2017/3/25,20:12:45,1.39e5,3492084,11.57,,1022,0.000,1832,462,0
2017/3/25,20:13:00,1.38e5,3473713,11.59,,1022,0.000,1826,457,0
2017/3/25,20:13:15,1.35e5,3422199,11.64,,1023,0.000,1856,487,0
2017/3/25,20:13:30,1.34e5,3394213,11.68,,1022,0.000,1851,461,0
2017/3/25,20:13:45,1.34e5,3392765,11.68,,1022,0.000,1853,449,0
2017/3/25,20:14:00,1.33e5,3380300,11.69,,1022,0.000,1859,460,0
2017/3/25,20:14:15,1.31e5,3336969,11.74,,1022,0.000,1868,454,0
2017/3/25,20:14:30,1.30e5,3319068,11.76,,1022,0.000,1878,455,0
2017/3/25,20:14:45,1.31e5,3336903,11.74,,1022,0.000,1834,461,0
2017/3/25,20:15:00,1.30e5,3322035,11.76,,1022,0.000,1851,447,0
2017/3/25,20:15:15,1.29e5,3308365,11.77,,1023,0.000,1871,440,0
2017/3/25,20:15:30,1.30e5,3331545,11.76,,1022,0.000,1855,441,0
2017/3/25,20:15:45,1.28e5,3290652,11.8,,1022,0.000,1876,446,0
2017/3/25,20:16:00,1.26e5,3242741,11.85,,1022,0.000,1846,490,0
2017/3/25,20:16:15,1.25e5,3236490,11.85,,1022,0.000,1872,463,0
2017/3/25,20:16:30,1.27e5,3261515,11.83,,1022,0.000,1865,422,0
2017/3/25,20:16:45,1.27e5,3269469,11.81,,1022,0.000,1893,460,0
2017/3/25,20:17:00,1.25e5,3229732,11.86,,1022,0.000,1871,438,0
2017/3/25,20:17:15,1.24e5,3200139,11.9,,1022,0.000,1868,434,0
2017/3/25,20:17:30,1.26e5,3248344,11.85,,1022,0.000,1870,467,0
2017/3/25,20:17:45,1.25e5,3230900,11.86,,1022,0.000,1873,457,0
2017/3/25,20:18:00,1.23e5,3193156,11.9,,1023,0.000,1887,419,0
2017/3/25,20:18:15,1.23e5,3195587,11.9,,1022,0.000,1866,439,0
2017/3/25,20:18:30,1.24e5,3213613,11.88,,1022,0.000,1889,446,0
2017/3/25,20:18:45,1.23e5,3197572,11.9,,1022,0.000,1871,456,0
2017/3/25,20:19:00,1.22e5,3171808,11.93,,1022,0.000,1893,434,0
2017/3/25,20:19:15,1.21e5,3139364,11.97,,1022,0.000,1866,454,0
2017/3/25,20:19:30,1.21e5,3143618,11.96,,1022,0.000,1884,437,0
2017/3/25,20:19:45,1.21e5,3153496,11.95,,1022,0.000,1894,451,0
2017/3/25,20:20:00,1.22e5,3178085,11.92,,1022,0.000,1872,468,0
2017/3/25,20:20:15,1.20e5,3136284,11.97,,1022,0.000,1892,429,0
2017/3/25,20:20:30,1.22e5,3176679,11.93,,1022,0.000,1872,455,0
2017/3/25,20:20:45,1.20e5,3135251,11.97,,1022,0.000,1903,444,0
2017/3/25,20:21:00,1.21e5,3146557,11.96,,1022,0.000,1895,456,0
2017/3/25,20:21:15,1.21e5,3156712,11.95,,1022,0.000,1893,426,0
2017/3/25,20:21:30,1.24e5,3208112,11.89,,1022,0.000,1871,438,0
2017/3/25,20:21:45,1.26e5,3240287,11.85,,1022,0.000,1882,465,0
2017/3/25,20:22:00,1.24e5,3210947,11.89,,1022,0.000,1881,461,0
2017/3/25,20:22:15,1.23e5,3189687,11.91,,1022,0.000,1860,449,0
2017/3/25,20:22:30,1.23e5,3193243,11.91,,1022,0.000,1881,465,0
2017/3/25,20:22:45,1.21e5,3147152,11.96,,1022,0.000,1864,408,0
2017/3/25,20:23:00,1.21e5,3146416,11.96,,1022,0.000,1883,468,0
2017/3/25,20:23:15,1.22e5,3161366,11.94,,1022,0.000,1872,463,0
2017/3/25,20:23:30,1.22e5,3174942,11.93,,1022,0.000,1900,450,0
2017/3/25,20:23:45,1.21e5,3155221,11.95,,1022,0.000,1898,444,0
2017/3/25,20:24:00,1.22e5,3173823,11.93,,1022,0.000,1898,439,0
2017/3/25,20:24:15,1.22e5,3172030,11.93,,1022,0.000,1870,445,0
2017/3/25,20:24:30,1.22e5,3165669,11.94,,1022,0.000,1895,419,0
2017/3/25,20:24:45,1.21e5,3146463,11.96,,1022,0.000,1887,457,0
2017/3/25,20:25:00,1.24e5,3201200,11.9,,1022,0.000,1898,422,0
2017/3/25,20:25:15,1.24e5,3208062,11.9,,1022,0.000,1878,430,0
2017/3/25,20:25:30,1.21e5,3148883,11.96,,1022,0.000,1894,430,0
2017/3/25,20:25:45,1.21e5,3151628,11.96,,1022,0.000,1900,423,0
2017/3/25,20:26:00,1.20e5,3131954,11.98,,1022,0.000,1900,434,0
2017/3/25,20:26:15,1.21e5,3145608,11.96,,1022,0.000,1867,447,0
2017/3/25,20:26:30,1.22e5,3169904,11.94,,1022,0.000,1895,426,0
2017/3/25,20:26:45,1.20e5,3132706,11.97,,1022,0.000,1875,426,0
2017/3/25,20:27:00,1.24e5,3216877,11.89,,1022,0.000,1877,452,0
2017/3/25,20:27:15,1.23e5,3182252,11.92,,1022,0.000,1893,435,0
2017/3/25,20:27:30,1.24e5,3209112,11.9,,1022,0.000,1884,428,0
2017/3/25,20:27:45,1.24e5,3211779,11.89,,1022,0.000,1867,421,0
2017/3/25,20:28:00,1.26e5,3253417,11.85,,1022,0.000,1890,428,0
2017/3/25,20:28:15,1.26e5,3255702,11.85,,1022,0.000,1894,413,0
2017/3/25,20:28:30,1.27e5,3267935,11.83,,1022,0.000,1876,428,0
2017/3/25,20:28:45,1.26e5,3249866,11.85,,1022,0.000,1876,434,0
2017/3/25,20:29:00,1.28e5,3288812,11.81,,1022,0.000,1844,454,0
2017/3/25,20:29:15,1.29e5,3303707,11.8,,1023,0.000,1867,430,0
2017/3/25,20:29:30,1.29e5,3305830,11.79,,1022,0.000,1861,430,0
2017/3/25,20:29:45,1.34e5,3409658,11.68,,1022,0.000,1849,437,0
2017/3/25,20:30:00,1.36e5,3449798,11.63,,1023,0.000,1849,433,0
2017/3/25,20:30:15,1.35e5,3432218,11.65,,1023,0.000,1851,432,0
2017/3/25,20:30:30,1.47e5,3649790,11.41,,1022,0.000,1821,447,0
2017/3/25,20:30:45,1.52e5,3730060,11.31,,1022,0.000,1798,445,0
2017/3/25,20:31:00,1.62e5,3905042,11.11,,1022,0.000,1798,416,0
2017/3/25,20:31:15,1.58e5,3837178,11.19,,1022,0.000,1771,434,0
2017/3/25,20:31:30,1.58e5,3838442,11.19,,1022,0.000,1802,468,0
2017/3/25,20:31:45,1.64e5,3949825,11.05,,1022,0.000,1773,451,0
2017/3/25,20:32:00,1.66e5,3976675,11.02,,1022,0.000,1779,432,0
2017/3/25,20:32:15,1.69e5,4022315,10.96,,1022,0.000,1767,463,0
2017/3/25,20:32:30,1.76e5,4134372,10.84,,1022,0.000,1733,467,0
2017/3/25,20:32:45,1.76e5,4137972,10.83,,1022,0.000,1763,450,0
2017/3/25,20:33:00,1.80e5,4199493,10.75,,1023,0.000,1754,446,0
2017/3/25,20:33:15,1.83e5,4256838,10.68,,1022,0.000,1765,478,0
2017/3/25,20:33:30,2.01e5,4520707,10.35,,1023,0.000,1706,467,0
2017/3/25,20:33:45,2.02e5,4533394,10.33,,1022,0.000,1713,463,0
2017/3/25,20:34:00,1.95e5,4435649,10.45,,1022,0.000,1719,479,0
2017/3/25,20:34:15,1.94e5,4408822,10.48,,1022,0.000,1730,455,0
2017/3/25,20:34:30,1.95e5,4427712,10.46,,1023,0.000,1741,449,0
2017/3/25,20:34:45,2.00e5,4507124,10.35,,1022,0.000,1708,468,0
2017/3/25,20:35:00,2.14e5,4699344,10.1,,1022,0.000,1665,456,0
2017/3/25,20:35:15,2.15e5,4714130,10.08,,1022,0.000,1688,450,0
2017/3/25,20:35:30,2.14e5,4696290,10.11,,1022,0.000,1685,482,0
2017/3/25,20:35:45,2.22e5,4800113,9.967,,1022,0.000,1671,454,0
2017/3/25,20:36:00,2.14e5,4702706,10.1,,1022,0.000,1688,454,0
2017/3/25,20:36:15,2.25e5,4842197,9.906,,1022,0.000,1655,493,0
2017/3/25,20:36:30,2.33e5,4942772,9.765,,1022,0.000,1621,469,0
2017/3/25,20:36:45,2.26e5,4850490,9.884,,1022,0.000,1666,479,0
2017/3/25,20:37:00,2.18e5,4745027,10.03,,1022,0.000,1657,471,0
2017/3/25,20:37:15,2.22e5,4792344,9.963,,1022,0.000,1676,474,0
2017/3/25,20:37:30,2.28e5,4874056,9.864,,1022,0.000,1640,478,0
2017/3/25,20:37:45,2.20e5,4777434,9.988,,1022,0.000,1660,483,0
2017/3/25,20:38:00,2.22e5,4791576,9.962,,1022,0.000,1627,487,0
2017/3/25,20:38:15,2.24e5,4827987,9.91,,1022,0.000,1622,457,0
2017/3/25,20:38:30,2.30e5,4906121,9.817,,1022,0.000,1622,469,0
2017/3/25,20:38:45,2.20e5,4776239,9.983,,1022,0.000,1697,469,0
2017/3/25,20:39:00,2.20e5,4772925,9.984,,1022,0.000,1678,499,0
2017/3/25,20:39:15,2.19e5,4763439,10.0,,1023,0.000,1702,474,0
2017/3/25,20:39:30,2.21e5,4784252,9.977,,1022,0.000,1687,477,0
2017/3/25,20:39:45,2.14e5,4689586,10.1,,1022,0.000,1669,452,0
2017/3/25,20:40:00,2.11e5,4656990,10.14,,1022,0.000,1696,501,0
2017/3/25,20:40:15,2.11e5,4648891,10.15,,1023,0.000,1730,466,0
2017/3/25,20:40:30,2.16e5,4720737,10.06,,1022,0.000,1671,494,0
2017/3/25,20:40:45,2.12e5,4668589,10.12,,1022,0.000,1678,445,0
2017/3/25,20:41:00,2.13e5,4683966,10.1,,1022,0.000,1685,476,0
2017/3/25,20:41:15,2.13e5,4672258,10.11,,1022,0.000,1700,482,0
2017/3/25,20:41:30,2.12e5,4667717,10.12,,1022,0.000,1643,498,0
2017/3/25,20:41:45,2.15e5,4707090,10.07,,1022,0.000,1673,498,0
2017/3/25,20:42:00,2.13e5,4676431,10.11,,1022,0.000,1701,483,0
2017/3/25,20:42:15,2.16e5,4712187,10.06,,1023,0.000,1699,480,0
2017/3/25,20:42:30,2.13e5,4679721,10.11,,1022,0.000,1656,485,0
2017/3/25,20:42:45,2.12e5,4663645,10.13,,1022,0.000,1716,501,0
2017/3/25,20:43:00,2.20e5,4765911,9.999,,1023,0.000,1682,491,0
2017/3/25,20:43:15,2.17e5,4735168,10.03,,1023,0.000,1687,489,0
2017/3/25,20:43:30,2.05e5,4571687,10.26,,1022,0.000,1693,482,0
2017/3/25,20:43:45,2.13e5,4681207,10.1,,1023,0.000,1690,483,0
2017/3/25,20:44:00,2.19e5,4763564,9.997,,1023,0.000,1666,487,0
2017/3/25,20:44:15,2.21e5,4784564,9.972,,1023,0.000,1662,478,0
2017/3/25,20:44:30,2.19e5,4760121,10.0,,1023,0.000,1641,489,0
