TSI CPC DATA VERSION 3
1490540925,2017/3/26,15:08:45
15
1.08,130
Model 3783 Ver 1.27 S/N 3783111302
"Date","Time","Concentration","Count"," Live-Time","Blank","Abs Press"," Analog In","Pulse Height"," Pulse STD","Status Flags"
2017/3/26,15:08:45,1.11e5,2947712,12.18,,1027,0.000,1959,412,0
2017/3/26,15:09:00,1.11e5,2951030,12.18,,1027,0.000,1929,418,0
2017/3/26,15:09:15,1.11e5,2953029,12.18,,1027,0.000,1956,408,0
2017/3/26,15:09:30,1.13e5,2984178,12.15,,1027,0.000,1934,410,0
2017/3/26,15:09:45,1.12e5,2965420,12.16,,1027,0.000,1948,443,0
2017/3/26,15:10:00,1.12e5,2957303,12.17,,1027,0.000,1953,430,0
2017/3/26,15:10:15,1.14e5,3008323,12.12,,1027,0.000,1917,433,0
2017/3/26,15:10:30,1.12e5,2971232,12.16,,1027,0.000,1932,445,0
2017/3/26,15:10:45,1.18e5,3080985,12.04,,1027,0.000,1900,401,0
2017/3/26,15:11:00,1.17e5,3075641,12.04,,1027,0.000,1906,426,0
2017/3/26,15:11:15,1.23e5,3187168,11.92,,1027,0.000,1900,430,0
2017/3/26,15:11:30,1.26e5,3257539,11.85,,1027,0.000,1899,440,0
2017/3/26,15:11:45,1.15e5,3036802,12.08,,1027,0.000,1950,422,0
2017/3/26,15:12:00,1.14e5,3001688,12.12,,1027,0.000,1950,405,0
2017/3/26,15:12:15,1.21e5,3158026,11.95,,1027,0.000,1909,413,0
2017/3/26,15:12:30,1.23e5,3185289,11.93,,1027,0.000,1909,429,0
2017/3/26,15:12:45,1.17e5,3073980,12.04,,1027,0.000,1929,424,0
2017/3/26,15:13:00,1.24e5,3206661,11.9,,1027,0.000,1910,427,0
2017/3/26,15:13:15,1.26e5,3246304,11.85,,1027,0.000,1893,435,0
2017/3/26,15:13:30,1.28e5,3293537,11.8,,1027,0.000,1871,428,0
2017/3/26,15:13:45,1.33e5,3381887,11.7,,1027,0.000,1899,450,0
2017/3/26,15:14:00,1.37e5,3470189,11.61,,1027,0.000,1884,450,0
2017/3/26,15:14:15,1.33e5,3381607,11.7,,1027,0.000,1889,434,0
2017/3/26,15:14:30,1.36e5,3450619,11.62,,1027,0.000,1889,460,0
2017/3/26,15:14:45,1.39e5,3496480,11.57,,1027,0.000,1877,434,0
2017/3/26,15:15:00,1.37e5,3460384,11.62,,1027,0.000,1909,432,0
2017/3/26,15:15:15,1.42e5,3548289,11.51,,1027,0.000,1866,460,0
2017/3/26,15:15:30,1.41e5,3533761,11.53,,1027,0.000,1872,460,0
2017/3/26,15:15:45,1.40e5,3520419,11.55,,1027,0.000,1866,457,0
2017/3/26,15:16:00,1.44e5,3593867,11.46,,1027,0.000,1849,468,0
2017/3/26,15:16:15,1.48e5,3670187,11.37,,1027,0.000,1870,444,0
2017/3/26,15:16:30,1.48e5,3666298,11.38,,1027,0.000,1859,476,0
2017/3/26,15:16:45,1.51e5,3708363,11.32,,1027,0.000,1851,450,0
2017/3/26,15:17:00,1.48e5,3663367,11.38,,1027,0.000,1860,461,0
2017/3/26,15:17:15,1.53e5,3756389,11.27,,1027,0.000,1832,449,0
2017/3/26,15:17:30,1.52e5,3736651,11.3,,1027,0.000,1828,462,0
2017/3/26,15:17:45,1.52e5,3729974,11.3,,1027,0.000,1824,443,0
2017/3/26,15:18:00,1.56e5,3805869,11.21,,1027,0.000,1820,447,0
2017/3/26,15:18:15,1.59e5,3859610,11.14,,1027,0.000,1795,455,0
2017/3/26,15:18:30,1.63e5,3928851,11.07,,1027,0.000,1813,473,0
2017/3/26,15:18:45,1.67e5,3984008,11.0,,1027,0.000,1820,469,0
2017/3/26,15:19:00,1.63e5,3919973,11.07,,1027,0.000,1815,455,0
2017/3/26,15:19:15,1.69e5,4015694,10.96,,1027,0.000,1788,451,0
2017/3/26,15:19:30,1.75e5,4112274,10.84,,1027,0.000,1784,456,0
2017/3/26,15:19:45,1.79e5,4185815,10.75,,1027,0.000,1788,493,0
2017/3/26,15:20:00,1.78e5,4168229,10.77,,1027,0.000,1793,456,0
2017/3/26,15:20:15,1.75e5,4114531,10.84,,1027,0.000,1765,454,0
2017/3/26,15:20:30,1.77e5,4152031,10.79,,1027,0.000,1787,484,0
2017/3/26,15:20:45,1.84e5,4265510,10.65,,1027,0.000,1737,449,0
2017/3/26,15:21:00,1.85e5,4278568,10.63,,1027,0.000,1741,468,0
2017/3/26,15:21:15,1.89e5,4330567,10.57,,1027,0.000,1768,476,0
2017/3/26,15:21:30,1.85e5,4279449,10.63,,1027,0.000,1796,479,0
2017/3/26,15:21:45,1.87e5,4302595,10.61,,1027,0.000,1766,485,0
2017/3/26,15:22:00,1.89e5,4330719,10.57,,1027,0.000,1740,480,0
2017/3/26,15:22:15,1.96e5,4437357,10.43,,1027,0.000,1723,482,0
2017/3/26,15:22:30,1.95e5,4433680,10.44,,1027,0.000,1739,474,0
2017/3/26,15:22:45,2.00e5,4490802,10.36,,1027,0.000,1723,474,0
2017/3/26,15:23:00,2.03e5,4536314,10.31,,1027,0.000,1707,466,0
2017/3/26,15:23:15,2.08e5,4611569,10.2,,1027,0.000,1705,472,0
2017/3/26,15:23:30,2.00e5,4498901,10.35,,1027,0.000,1762,506,0
2017/3/26,15:23:45,2.08e5,4600801,10.21,,1027,0.000,1707,473,0
2017/3/26,15:24:00,2.08e5,4602669,10.21,,1027,0.000,1712,469,0
2017/3/26,15:24:15,2.07e5,4600251,10.21,,1027,0.000,1726,493,0
2017/3/26,15:24:30,2.09e5,4624494,10.18,,1027,0.000,1688,465,0
2017/3/26,15:24:45,2.10e5,4641395,10.16,,1027,0.000,1746,501,0
2017/3/26,15:25:00,2.14e5,4687473,10.09,,1027,0.000,1682,485,0
2017/3/26,15:25:15,2.18e5,4737436,10.02,,1027,0.000,1693,489,0
2017/3/26,15:25:30,2.10e5,4631741,10.18,,1027,0.000,1710,478,0
2017/3/26,15:25:45,2.14e5,4689114,10.09,,1027,0.000,1708,452,0
2017/3/26,15:26:00,2.15e5,4702797,10.07,,1027,0.000,1677,456,0
2017/3/26,15:26:15,2.15e5,4703641,10.06,,1027,0.000,1711,516,0
2017/3/26,15:26:30,2.12e5,4669804,10.12,,1027,0.000,1683,507,0
2017/3/26,15:26:45,2.15e5,4698610,10.07,,1027,0.000,1680,490,0
2017/3/26,15:27:00,2.16e5,4717222,10.05,,1027,0.000,1722,479,0
2017/3/26,15:27:15,2.19e5,4749825,10.0,,1027,0.000,1730,506,0
2017/3/26,15:27:30,2.24e5,4815228,9.922,,1027,0.000,1702,504,0
2017/3/26,15:27:45,2.23e5,4808423,9.927,,1027,0.000,1690,512,0
2017/3/26,15:28:00,2.20e5,4767744,9.983,,1027,0.000,1718,510,0
2017/3/26,15:28:15,2.28e5,4870443,9.835,,1027,0.000,1690,495,0
2017/3/26,15:28:30,2.23e5,4798809,9.941,,1027,0.000,1680,485,0
2017/3/26,15:28:45,2.23e5,4810742,9.925,,1027,0.000,1699,509,0
2017/3/26,15:29:00,2.19e5,4747807,10.0,,1027,0.000,1671,495,0
2017/3/26,15:29:15,2.20e5,4764520,9.982,,1027,0.000,1690,496,0
2017/3/26,15:29:30,2.18e5,4745979,10.0,,1027,0.000,1704,472,0
2017/3/26,15:29:45,2.10e5,4638706,10.15,,1027,0.000,1689,490,0
2017/3/26,15:30:00,2.23e5,4800571,9.931,,1027,0.000,1685,484,0
2017/3/26,15:30:15,2.18e5,4736435,10.01,,1027,0.000,1718,490,0
2017/3/26,15:30:30,2.17e5,4723042,10.04,,1027,0.000,1717,515,0
2017/3/26,15:30:45,2.20e5,4760352,9.982,,1027,0.000,1683,501,0
2017/3/26,15:31:00,2.24e5,4811571,9.91,,1027,0.000,1704,491,0
2017/3/26,15:31:15,2.19e5,4751199,9.991,,1027,0.000,1726,507,0
2017/3/26,15:31:30,2.19e5,4751201,9.99,,1027,0.000,1706,516,0
2017/3/26,15:31:45,2.17e5,4731159,10.02,,1027,0.000,1684,511,0
2017/3/26,15:32:00,2.22e5,4787084,9.941,,1027,0.000,1690,496,0
2017/3/26,15:32:15,2.18e5,4745162,10.0,,1027,0.000,1682,521,0
2017/3/26,15:32:30,2.20e5,4769217,9.969,,1027,0.000,1694,493,0
2017/3/26,15:32:45,2.18e5,4732246,10.01,,1027,0.000,1700,500,0
2017/3/26,15:33:00,2.14e5,4684827,10.08,,1027,0.000,1705,479,0
2017/3/26,15:33:15,2.15e5,4703761,10.06,,1027,0.000,1723,482,0
2017/3/26,15:33:30,2.17e5,4721910,10.03,,1027,0.000,1701,504,0
2017/3/26,15:33:45,2.04e5,4545483,10.26,,1027,0.000,1740,511,0
2017/3/26,15:34:00,2.13e5,4671419,10.09,,1027,0.000,1706,493,0
2017/3/26,15:34:15,2.12e5,4657783,10.11,,1027,0.000,1707,506,0
2017/3/26,15:34:30,2.10e5,4627763,10.15,,1027,0.000,1689,516,0
2017/3/26,15:34:45,2.07e5,4588955,10.21,,1027,0.000,1729,506,0
2017/3/26,15:35:00,2.10e5,4630604,10.14,,1027,0.000,1719,484,0
2017/3/26,15:35:15,2.17e5,4717400,10.03,,1027,0.000,1708,533,0
2017/3/26,15:35:30,2.14e5,4686426,10.07,,1027,0.000,1728,518,0
2017/3/26,15:35:45,2.12e5,4653922,10.12,,1027,0.000,1728,493,0
2017/3/26,15:36:00,2.10e5,4623823,10.16,,1027,0.000,1734,495,0
2017/3/26,15:36:15,2.09e5,4612336,10.17,,1027,0.000,1762,510,0
2017/3/26,15:36:30,2.13e5,4674034,10.09,,1027,0.000,1711,496,0
2017/3/26,15:36:45,2.05e5,4555143,10.24,,1027,0.000,1729,487,0
2017/3/26,15:37:00,2.11e5,4643668,10.13,,1027,0.000,1706,489,0
2017/3/26,15:37:15,2.04e5,4550468,10.25,,1027,0.000,1716,500,0
2017/3/26,15:37:30,2.03e5,4527307,10.28,,1027,0.000,1710,496,0
2017/3/26,15:37:45,2.02e5,4519776,10.29,,1027,0.000,1724,517,0
2017/3/26,15:38:00,2.02e5,4516854,10.29,,1027,0.000,1735,511,0
2017/3/26,15:38:15,2.04e5,4540972,10.26,,1027,0.000,1695,509,0
2017/3/26,15:38:30,2.03e5,4535989,10.27,,1027,0.000,1710,539,0
2017/3/26,15:38:45,1.97e5,4449914,10.38,,1026,0.000,1755,472,0
2017/3/26,15:39:00,2.01e5,4502815,10.31,,1027,0.000,1723,516,0
2017/3/26,15:39:15,2.00e5,4482134,10.34,,1026,0.000,1733,506,0
2017/3/26,15:39:30,2.00e5,4489312,10.34,,1027,0.000,1729,505,0
2017/3/26,15:39:45,1.98e5,4457893,10.38,,1027,0.000,1734,494,0
2017/3/26,15:40:00,1.89e5,4320741,10.55,,1027,0.000,1721,507,0
2017/3/26,15:40:15,1.71e5,4044901,10.9,,1027,0.000,1779,495,0
2017/3/26,15:40:30,1.67e5,3992971,10.97,,1027,0.000,1793,478,0
2017/3/26,15:40:45,1.64e5,3928573,11.05,,1027,0.000,1784,504,0
2017/3/26,15:41:00,1.55e5,3776600,11.23,,1027,0.000,1829,494,0
2017/3/26,15:41:15,1.50e5,3689993,11.33,,1027,0.000,1811,501,0
2017/3/26,15:41:30,1.45e5,3601266,11.43,,1026,0.000,1843,474,0
2017/3/26,15:41:45,1.42e5,3550480,11.49,,1027,0.000,1861,488,0
2017/3/26,15:42:00,1.37e5,3461171,11.59,,1027,0.000,1854,487,0
2017/3/26,15:42:15,1.35e5,3412133,11.65,,1027,0.000,1896,493,0
2017/3/26,15:42:30,1.31e5,3341890,11.73,,1027,0.000,1888,479,0
2017/3/26,15:42:45,1.26e5,3241859,11.84,,1027,0.000,1912,455,0
2017/3/26,15:43:00,1.27e5,3257281,11.82,,1027,0.000,1896,451,0
2017/3/26,15:43:15,1.24e5,3212037,11.87,,1027,0.000,1882,476,0
2017/3/26,15:43:30,1.22e5,3173537,11.92,,1027,0.000,1887,476,0
2017/3/26,15:43:45,1.23e5,3177532,11.91,,1027,0.000,1910,450,0
2017/3/26,15:44:00,1.38e5,3466554,11.59,,1027,0.000,1872,452,0
2017/3/26,15:44:15,1.25e5,3231294,11.85,,1027,0.000,1927,468,0
2017/3/26,15:44:30,1.26e5,3236341,11.86,,1026,0.000,1870,461,0
2017/3/26,15:44:45,1.41e5,3519015,11.53,,1026,0.000,1856,477,0
2017/3/26,15:45:00,1.72e5,4004185,10.92,,1027,0.000,1794,482,0
2017/3/26,15:45:15,2.26e5,4737915,9.926,,1027,0.000,1707,521,0
2017/3/26,15:45:30,2.00e5,4454475,10.37,,1027,0.000,1733,488,0
2017/3/26,15:45:45,2.07e5,4596412,10.21,,1027,0.000,1751,484,0
2017/3/26,15:46:00,3.49e5,5574364,8.173,,1027,0.000,1583,549,0
2017/3/26,15:46:15,2.19e5,4750268,9.995,,1027,0.000,1711,499,0
2017/3/26,15:46:30,2.62e5,5234946,9.253,,1027,0.000,1660,520,0
2017/3/26,15:46:45,2.41e5,5021606,9.599,,1026,0.000,1650,506,0
2017/3/26,15:47:00,2.79e5,5411614,8.974,,1027,0.000,1625,505,0
2017/3/26,15:47:15,2.71e5,5343938,9.1,,1027,0.000,1612,541,0
2017/3/26,15:47:30,2.99e5,5565900,8.67,,1027,0.000,1568,528,0
2017/3/26,15:47:45,2.73e5,5366297,9.05,,1026,0.000,1578,541,0
2017/3/26,15:48:00,3.73e5,5970133,7.651,,1027,0.000,1550,556,0
2017/3/26,15:48:15,3.01e5,5615948,8.607,,1026,0.000,1596,532,0
2017/3/26,15:48:30,2.96e5,5577726,8.685,,1027,0.000,1583,549,0
2017/3/26,15:48:45,2.96e5,5580543,8.682,,1026,0.000,1580,521,0
2017/3/26,15:49:00,3.13e5,5697031,8.433,,1027,0.000,1590,541,0
2017/3/26,15:49:15,2.92e5,5543251,8.745,,1027,0.000,1571,521,0
2017/3/26,15:49:30,2.98e5,5593298,8.664,,1026,0.000,1595,522,0
2017/3/26,15:49:45,2.85e5,5480969,8.854,,1027,0.000,1625,509,0
2017/3/26,15:50:00,2.81e5,5434077,8.925,,1026,0.000,1622,512,0
2017/3/26,15:50:15,2.68e5,5308648,9.133,,1027,0.000,1575,494,0
2017/3/26,15:50:30,2.74e5,5374383,9.034,,1026,0.000,1613,528,0
2017/3/26,15:50:45,2.57e5,5201038,9.315,,1027,0.000,1634,517,0
2017/3/26,15:51:00,2.67e5,5288470,9.154,,1027,0.000,1629,534,0
2017/3/26,15:51:15,2.55e5,5176600,9.345,,1027,0.000,1618,501,0
2017/3/26,15:51:30,2.59e5,5218039,9.293,,1027,0.000,1594,528,0
2017/3/26,15:51:45,2.63e5,5256216,9.224,,1027,0.000,1667,535,0
2017/3/26,15:52:00,2.69e5,5310192,9.121,,1027,0.000,1604,529,0
2017/3/26,15:52:15,2.60e5,5228299,9.274,,1027,0.000,1600,512,0
2017/3/26,15:52:30,2.94e5,5532511,8.739,,1027,0.000,1566,504,0
2017/3/26,15:52:45,2.54e5,5161314,9.369,,1027,0.000,1660,529,0
2017/3/26,15:53:00,2.97e5,5537681,8.697,,1027,0.000,1624,526,0
2017/3/26,15:53:15,2.57e5,5203005,9.316,,1027,0.000,1647,524,0
2017/3/26,15:53:30,3.25e5,5765522,8.279,,1027,0.000,1538,529,0
2017/3/26,15:53:45,2.68e5,5313361,9.129,,1027,0.000,1607,537,0
2017/3/26,15:54:00,2.98e5,5563265,8.679,,1027,0.000,1572,505,0
2017/3/26,15:54:15,2.72e5,5351125,9.074,,1026,0.000,1606,523,0
2017/3/26,15:54:30,2.75e5,5381809,9.031,,1027,0.000,1588,518,0
2017/3/26,15:54:45,2.71e5,5341188,9.092,,1027,0.000,1586,532,0
2017/3/26,15:55:00,2.62e5,5250461,9.234,,1027,0.000,1647,527,0
2017/3/26,15:55:15,2.58e5,5208066,9.302,,1027,0.000,1643,524,0
2017/3/26,15:55:30,2.63e5,5249845,9.23,,1027,0.000,1647,509,0
2017/3/26,15:55:45,2.42e5,5024682,9.577,,1027,0.000,1656,524,0
2017/3/26,15:56:00,2.38e5,4979678,9.637,,1027,0.000,1657,518,0
2017/3/26,15:56:15,2.67e5,5272010,9.166,,1027,0.000,1600,511,0
2017/3/26,15:56:30,2.32e5,4911976,9.746,,1027,0.000,1673,520,0
2017/3/26,15:56:45,2.31e5,4890240,9.772,,1027,0.000,1682,535,0
2017/3/26,15:57:00,2.29e5,4874219,9.793,,1027,0.000,1661,516,0
2017/3/26,15:57:15,2.26e5,4829829,9.856,,1027,0.000,1690,480,0
2017/3/26,15:57:30,2.28e5,4860172,9.819,,1027,0.000,1689,524,0
2017/3/26,15:57:45,2.26e5,4834542,9.849,,1027,0.000,1672,517,0
2017/3/26,15:58:00,2.31e5,4886751,9.766,,1027,0.000,1687,510,0
2017/3/26,15:58:15,2.18e5,4734063,9.988,,1027,0.000,1713,478,0
2017/3/26,15:58:30,2.31e5,4885646,9.777,,1027,0.000,1706,515,0
2017/3/26,15:58:45,2.28e5,4857954,9.825,,1027,0.000,1690,526,0
2017/3/26,15:59:00,2.30e5,4881258,9.795,,1027,0.000,1654,520,0
2017/3/26,15:59:15,2.21e5,4776129,9.943,,1027,0.000,1701,499,0
2017/3/26,15:59:30,2.32e5,4905873,9.764,,1027,0.000,1680,535,0
2017/3/26,15:59:45,2.58e5,5171614,9.327,,1027,0.000,1668,512,0
2017/3/26,16:00:00,2.27e5,4856615,9.835,,1027,0.000,1684,518,0
2017/3/26,16:00:15,2.74e5,5330139,9.08,,1027,0.000,1574,521,0
2017/3/26,16:00:30,2.44e5,5052742,9.557,,1027,0.000,1646,515,0
2017/3/26,16:00:45,2.74e5,5341182,9.064,,1027,0.000,1634,512,0
2017/3/26,16:01:00,2.57e5,5192080,9.329,,1027,0.000,1661,510,0
2017/3/26,16:01:15,2.56e5,5187321,9.339,,1027,0.000,1660,545,0
2017/3/26,16:01:30,2.54e5,5170906,9.371,,1027,0.000,1614,516,0
2017/3/26,16:01:45,2.54e5,5163868,9.381,,1027,0.000,1646,511,0
2017/3/26,16:02:00,2.53e5,5157267,9.392,,1027,0.000,1627,523,0
2017/3/26,16:02:15,2.50e5,5118393,9.444,,1027,0.000,1625,510,0
2017/3/26,16:02:30,2.47e5,5091697,9.489,,1027,0.000,1685,511,0
2017/3/26,16:02:45,2.45e5,5063015,9.534,,1027,0.000,1699,512,0
2017/3/26,16:03:00,2.42e5,5034913,9.579,,1027,0.000,1647,518,0
2017/3/26,16:03:15,2.31e5,4898676,9.773,,1027,0.000,1688,510,0
2017/3/26,16:03:30,2.29e5,4876214,9.805,,1027,0.000,1689,518,0
2017/3/26,16:03:45,2.45e5,5057946,9.523,,1027,0.000,1646,500,0
2017/3/26,16:04:00,2.25e5,4826665,9.882,,1027,0.000,1699,502,0
2017/3/26,16:04:15,2.20e5,4768407,9.964,,1027,0.000,1706,538,0
2017/3/26,16:04:30,2.18e5,4743932,10.0,,1027,0.000,1689,499,0
2017/3/26,16:04:45,2.15e5,4693089,10.07,,1027,0.000,1721,495,0
2017/3/26,16:05:00,2.08e5,4605435,10.19,,1027,0.000,1687,502,0
2017/3/26,16:05:15,2.36e5,4917897,9.717,,1027,0.000,1689,521,0
2017/3/26,16:05:30,2.09e5,4614011,10.17,,1027,0.000,1738,500,0
2017/3/26,16:05:45,2.08e5,4609100,10.18,,1027,0.000,1719,504,0
2017/3/26,16:06:00,2.07e5,4585015,10.21,,1027,0.000,1717,496,0
2017/3/26,16:06:15,2.18e5,4718279,10.02,,1027,0.000,1702,506,0
2017/3/26,16:06:30,2.53e5,5148083,9.409,,1027,0.000,1647,521,0
2017/3/26,16:06:45,2.13e5,4669185,10.09,,1027,0.000,1676,487,0
2017/3/26,16:07:00,2.21e5,4773543,9.965,,1027,0.000,1711,471,0
2017/3/26,16:07:15,2.23e5,4799519,9.92,,1027,0.000,1697,510,0
2017/3/26,16:07:30,2.19e5,4748811,9.997,,1027,0.000,1687,516,0
2017/3/26,16:07:45,2.16e5,4707459,10.04,,1027,0.000,1694,484,0
2017/3/26,16:08:00,2.15e5,4692999,10.06,,1027,0.000,1679,504,0
2017/3/26,16:08:15,2.44e5,5033782,9.56,,1027,0.000,1651,524,0
2017/3/26,16:08:30,2.16e5,4707386,10.05,,1027,0.000,1711,528,0
2017/3/26,16:08:45,2.22e5,4795410,9.935,,1027,0.000,1688,509,0
2017/3/26,16:09:00,2.19e5,4752132,9.993,,1027,0.000,1707,490,0
2017/3/26,16:09:15,2.15e5,4691454,10.07,,1026,0.000,1707,527,0
2017/3/26,16:09:30,2.15e5,4695716,10.07,,1027,0.000,1723,495,0
2017/3/26,16:09:45,2.14e5,4681697,10.08,,1027,0.000,1716,507,0
2017/3/26,16:10:00,2.10e5,4627688,10.16,,1027,0.000,1707,482,0
2017/3/26,16:10:15,2.07e5,4587044,10.21,,1027,0.000,1697,479,0
2017/3/26,16:10:30,2.06e5,4571644,10.23,,1027,0.000,1743,528,0
2017/3/26,16:10:45,1.96e5,4429231,10.42,,1027,0.000,1770,491,0
2017/3/26,16:11:00,1.99e5,4475172,10.36,,1026,0.000,1721,505,0
2017/3/26,16:11:15,1.97e5,4451640,10.39,,1027,0.000,1756,488,0
2017/3/26,16:11:30,2.01e5,4514463,10.32,,1026,0.000,1711,493,0
2017/3/26,16:11:45,2.09e5,4617137,10.17,,1027,0.000,1735,501,0
2017/3/26,16:12:00,1.93e5,4393953,10.47,,1027,0.000,1768,502,0
2017/3/26,16:12:15,1.93e5,4398530,10.46,,1027,0.000,1745,480,0
2017/3/26,16:12:30,2.02e5,4526668,10.29,,1027,0.000,1716,490,0
2017/3/26,16:12:45,2.26e5,4826605,9.889,,1027,0.000,1693,496,0
2017/3/26,16:13:00,1.93e5,4390809,10.47,,1026,0.000,1752,484,0
2017/3/26,16:13:15,1.96e5,4440019,10.41,,1027,0.000,1756,506,0
2017/3/26,16:13:30,2.05e5,4568796,10.25,,1026,0.000,1721,488,0
2017/3/26,16:13:45,1.92e5,4382242,10.49,,1027,0.000,1730,504,0
2017/3/26,16:14:00,1.90e5,4341085,10.54,,1027,0.000,1752,477,0
2017/3/26,16:14:15,1.88e5,4321389,10.57,,1027,0.000,1719,513,0
2017/3/26,16:14:30,1.84e5,4252344,10.66,,1026,0.000,1761,485,0
2017/3/26,16:14:45,1.81e5,4212660,10.7,,1026,0.000,1799,513,0
2017/3/26,16:15:00,1.76e5,4133513,10.81,,1027,0.000,1796,513,0
2017/3/26,16:15:15,1.73e5,4084185,10.87,,1027,0.000,1796,478,0
2017/3/26,16:15:30,1.74e5,4110283,10.84,,1027,0.000,1788,499,0
2017/3/26,16:15:45,1.69e5,4014219,10.95,,1026,0.000,1789,501,0
2017/3/26,16:16:00,1.66e5,3974183,11.0,,1026,0.000,1816,489,0
2017/3/26,16:16:15,1.64e5,3922654,11.07,,1027,0.000,1810,477,0
2017/3/26,16:16:30,1.66e5,3967807,11.02,,1026,0.000,1784,472,0
2017/3/26,16:16:45,1.68e5,4008257,10.97,,1027,0.000,1833,483,0
2017/3/26,16:17:00,1.67e5,3981127,10.99,,1026,0.000,1810,454,0
2017/3/26,16:17:15,1.80e5,4186300,10.74,,1026,0.000,1768,477,0
2017/3/26,16:17:30,1.61e5,3881138,11.12,,1026,0.000,1813,471,0
2017/3/26,16:17:45,1.59e5,3846774,11.16,,1027,0.000,1793,495,0
2017/3/26,16:18:00,1.58e5,3840109,11.17,,1026,0.000,1816,501,0
2017/3/26,16:18:15,1.55e5,3785714,11.23,,1026,0.000,1845,437,0
2017/3/26,16:18:30,1.50e5,3704131,11.33,,1026,0.000,1856,483,0
2017/3/26,16:18:45,1.46e5,3618145,11.43,,1026,0.000,1890,463,0
2017/3/26,16:19:00,1.44e5,3589059,11.46,,1026,0.000,1848,454,0
2017/3/26,16:19:15,1.41e5,3535177,11.52,,1027,0.000,1873,458,0
2017/3/26,16:19:30,1.58e5,3820265,11.18,,1026,0.000,1794,489,0
2017/3/26,16:19:45,1.76e5,4087500,10.84,,1026,0.000,1812,467,0
2017/3/26,16:20:00,1.43e5,3573729,11.48,,1026,0.000,1860,474,0
2017/3/26,16:20:15,1.55e5,3791168,11.22,,1026,0.000,1816,483,0
2017/3/26,16:20:30,1.59e5,3862020,11.15,,1026,0.000,1835,476,0
2017/3/26,16:20:45,1.56e5,3796712,11.23,,1026,0.000,1838,476,0
2017/3/26,16:21:00,1.54e5,3761542,11.26,,1026,0.000,1838,471,0
2017/3/26,16:21:15,1.48e5,3670048,11.37,,1026,0.000,1832,446,0
2017/3/26,16:21:30,1.45e5,3610800,11.44,,1026,0.000,1849,462,0
2017/3/26,16:21:45,1.44e5,3596193,11.46,,1026,0.000,1855,451,0
2017/3/26,16:22:00,1.42e5,3552193,11.5,,1026,0.000,1859,450,0
2017/3/26,16:22:15,1.63e5,3870163,11.1,,1026,0.000,1806,480,0
2017/3/26,16:22:30,1.74e5,4081049,10.87,,1026,0.000,1782,458,0
2017/3/26,16:22:45,1.99e5,4367957,10.44,,1026,0.000,1748,476,0
2017/3/26,16:23:00,1.53e5,3757825,11.27,,1027,0.000,1840,465,0
2017/3/26,16:23:15,1.58e5,3841262,11.17,,1027,0.000,1805,452,0
2017/3/26,16:23:30,2.00e5,4465481,10.38,,1026,0.000,1713,485,0
2017/3/26,16:23:45,1.72e5,4056167,10.9,,1026,0.000,1807,449,0
2017/3/26,16:24:00,1.57e5,3826995,11.19,,1026,0.000,1821,474,0
2017/3/26,16:24:15,1.96e5,4407897,10.45,,1026,0.000,1745,472,0
2017/3/26,16:24:30,1.71e5,4060073,10.91,,1026,0.000,1793,493,0
2017/3/26,16:24:45,1.65e5,3964460,11.03,,1026,0.000,1796,483,0
2017/3/26,16:25:00,1.68e5,4005231,10.98,,1027,0.000,1823,454,0
2017/3/26,16:25:15,1.71e5,4063079,10.91,,1027,0.000,1809,458,0
2017/3/26,16:25:30,1.68e5,4009880,10.97,,1026,0.000,1783,472,0
2017/3/26,16:25:45,1.62e5,3902596,11.1,,1026,0.000,1826,455,0
2017/3/26,16:26:00,1.60e5,3878535,11.13,,1026,0.000,1798,471,0
2017/3/26,16:26:15,1.54e5,3765680,11.26,,1026,0.000,1805,465,0
2017/3/26,16:26:30,1.52e5,3734278,11.3,,1026,0.000,1842,455,0
2017/3/26,16:26:45,1.55e5,3780425,11.24,,1027,0.000,1822,455,0
2017/3/26,16:27:00,1.47e5,3638736,11.4,,1026,0.000,1837,458,0
2017/3/26,16:27:15,1.43e5,3569338,11.49,,1026,0.000,1843,451,0
2017/3/26,16:27:30,1.42e5,3555315,11.5,,1026,0.000,1848,463,0
2017/3/26,16:27:45,1.39e5,3490883,11.57,,1027,0.000,1843,452,0
2017/3/26,16:28:00,1.34e5,3394543,11.68,,1027,0.000,1890,452,0
2017/3/26,16:28:15,1.30e5,3325097,11.76,,1027,0.000,1872,461,0
2017/3/26,16:28:30,1.28e5,3293326,11.8,,1026,0.000,1887,435,0
2017/3/26,16:28:45,1.24e5,3208548,11.89,,1026,0.000,1871,462,0
2017/3/26,16:29:00,1.21e5,3141371,11.97,,1026,0.000,1905,444,0
2017/3/26,16:29:15,1.17e5,3071563,12.04,,1026,0.000,1882,471,0
2017/3/26,16:29:30,1.17e5,3058271,12.06,,1026,0.000,1912,444,0
2017/3/26,16:29:45,1.15e5,3025902,12.09,,1027,0.000,1916,450,0
2017/3/26,16:30:00,1.11e5,2938904,12.18,,1026,0.000,1918,456,0
2017/3/26,16:30:15,1.11e5,2935491,12.18,,1027,0.000,1948,419,0
2017/3/26,16:30:30,1.09e5,2898683,12.23,,1026,0.000,1921,450,0
2017/3/26,16:30:45,1.07e5,2853296,12.27,,1026,0.000,1959,423,0
2017/3/26,16:31:00,1.06e5,2826602,12.3,,1026,0.000,1971,424,0
2017/3/26,16:31:15,1.06e5,2840325,12.29,,1026,0.000,1911,457,0
2017/3/26,16:31:30,1.01e5,2724458,12.41,,1026,0.000,1938,452,0
2017/3/26,16:31:45,1.00e5,2700440,12.43,,1027,0.000,1965,439,0
2017/3/26,16:32:00,1.00e5,2706635,12.43,,1026,0.000,1950,440,0
2017/3/26,16:32:15,9.61e4,2608958,12.53,,1026,0.000,1975,452,0
2017/3/26,16:32:30,9.51e4,2588560,12.55,,1026,0.000,1970,433,0
2017/3/26,16:32:45,9.25e4,2530176,12.61,,1026,0.000,1960,447,0
2017/3/26,16:33:00,9.28e4,2535159,12.6,,1026,0.000,1997,419,0
2017/3/26,16:33:15,8.95e4,2462346,12.68,,1026,0.000,1988,412,0
2017/3/26,16:33:30,8.79e4,2425311,12.72,,1026,0.000,2030,404,0
2017/3/26,16:33:45,8.61e4,2381756,12.76,,1026,0.000,1992,424,0
2017/3/26,16:34:00,8.44e4,2343740,12.8,,1026,0.000,2030,417,0
2017/3/26,16:34:15,8.27e4,2302072,12.84,,1026,0.000,2032,438,0
2017/3/26,16:34:30,8.15e4,2273581,12.87,,1026,0.000,2022,417,0
2017/3/26,16:34:45,7.91e4,2216269,12.92,,1026,0.000,2043,432,0
2017/3/26,16:35:00,7.79e4,2188629,12.95,,1026,0.000,2036,424,0
2017/3/26,16:35:15,7.61e4,2144733,13.0,,1026,0.000,2087,401,0
2017/3/26,16:35:30,7.51e4,2120376,13.02,,1026,0.000,2033,435,0
2017/3/26,16:35:45,7.33e4,2076573,13.06,,1026,0.000,2071,415,0
2017/3/26,16:36:00,7.28e4,2064773,13.07,,1026,0.000,2066,432,0
2017/3/26,16:36:15,7.12e4,2025717,13.11,,1026,0.000,2088,412,0
2017/3/26,16:36:30,6.94e4,1980799,13.16,,1026,0.000,2078,433,0
2017/3/26,16:36:45,6.78e4,1939921,13.19,,1026,0.000,2097,410,0
2017/3/26,16:37:00,6.72e4,1925722,13.21,,1027,0.000,2082,415,0
2017/3/26,16:37:15,6.51e4,1872576,13.26,,1026,0.000,2131,426,0
2017/3/26,16:37:30,6.45e4,1858293,13.27,,1026,0.000,2121,410,0
2017/3/26,16:37:45,6.33e4,1825755,13.3,,1026,0.000,2158,410,0
2017/3/26,16:38:00,6.22e4,1799546,13.33,,1026,0.000,2108,423,0
2017/3/26,16:38:15,6.15e4,1779825,13.35,,1026,0.000,2125,427,0
2017/3/26,16:38:30,6.17e4,1785487,13.34,,1026,0.000,2139,417,0
2017/3/26,16:38:45,5.97e4,1735298,13.39,,1026,0.000,2165,404,0
2017/3/26,16:39:00,5.92e4,1720650,13.4,,1026,0.000,2153,412,0
2017/3/26,16:39:15,5.84e4,1699838,13.42,,1026,0.000,2156,396,0
2017/3/26,16:39:30,5.73e4,1673131,13.45,,1026,0.000,2156,421,0
2017/3/26,16:39:45,5.62e4,1643334,13.48,,1026,0.000,2182,418,0
2017/3/26,16:40:00,5.55e4,1624806,13.5,,1026,0.000,2182,415,0
2017/3/26,16:40:15,5.41e4,1589165,13.53,,1026,0.000,2170,427,0
2017/3/26,16:40:30,5.34e4,1570652,13.55,,1026,0.000,2199,430,0
2017/3/26,16:40:45,5.36e4,1575308,13.54,,1026,0.000,2197,446,0
2017/3/26,16:41:00,5.19e4,1528398,13.58,,1026,0.000,2205,406,0
2017/3/26,16:41:15,5.17e4,1523768,13.59,,1026,0.000,2203,419,0
2017/3/26,16:41:30,5.08e4,1500967,13.61,,1026,0.000,2239,415,0
2017/3/26,16:41:45,4.99e4,1476126,13.63,,1026,0.000,2253,400,0
2017/3/26,16:42:00,4.93e4,1458906,13.65,,1026,0.000,2241,417,0
2017/3/26,16:42:15,4.86e4,1440612,13.67,,1026,0.000,2247,396,0
2017/3/26,16:42:30,4.86e4,1441628,13.67,,1026,0.000,2246,401,0
2017/3/26,16:42:45,4.71e4,1401458,13.7,,1026,0.000,2258,407,0
2017/3/26,16:43:00,4.71e4,1401631,13.7,,1026,0.000,2227,423,0
2017/3/26,16:43:15,4.61e4,1373421,13.73,,1026,0.000,2268,417,0
2017/3/26,16:43:30,4.50e4,1344477,13.76,,1026,0.000,2255,402,0
2017/3/26,16:43:45,4.44e4,1327249,13.77,,1026,0.000,2268,437,0
2017/3/26,16:44:00,4.36e4,1305916,13.79,,1026,0.000,2304,406,0
2017/3/26,16:44:15,4.35e4,1301337,13.8,,1026,0.000,2259,435,0
2017/3/26,16:44:30,4.25e4,1275385,13.82,,1026,0.000,2280,419,0
2017/3/26,16:44:45,4.17e4,1252265,13.84,,1026,0.000,2286,396,0
2017/3/26,16:45:00,5.61e4,1581027,13.5,,1026,0.000,2220,457,0
2017/3/26,16:45:15,7.15e4,1974699,13.11,,1026,0.000,2136,485,0
2017/3/26,16:45:30,6.49e4,1857454,13.26,,1026,0.000,2159,429,0
2017/3/26,16:45:45,7.84e4,2195938,12.93,,1026,0.000,2039,437,0
2017/3/26,16:46:00,1.10e5,2903328,12.19,,1026,0.000,1921,465,0
2017/3/26,16:46:15,1.15e5,3030922,12.06,,1026,0.000,1933,476,0
2017/3/26,16:46:30,1.18e5,3080347,12.01,,1026,0.000,1904,468,0
2017/3/26,16:46:45,1.19e5,3098752,11.99,,1026,0.000,1887,496,0
2017/3/26,16:47:00,1.28e5,3286431,11.79,,1026,0.000,1889,480,0
2017/3/26,16:47:15,1.41e5,3518235,11.53,,1026,0.000,1878,460,0
2017/3/26,16:47:30,1.52e5,3736800,11.28,,1026,0.000,1857,498,0
2017/3/26,16:47:45,1.53e5,3748184,11.27,,1026,0.000,1844,485,0
2017/3/26,16:48:00,1.69e5,4012798,10.95,,1026,0.000,1778,493,0
2017/3/26,16:48:15,1.81e5,4185546,10.73,,1026,0.000,1772,485,0
2017/3/26,16:48:30,1.85e5,4271943,10.64,,1026,0.000,1768,506,0
2017/3/26,16:48:45,1.93e5,4399003,10.46,,1026,0.000,1752,499,0
2017/3/26,16:49:00,2.34e5,4912629,9.735,,1026,0.000,1708,491,0
2017/3/26,16:49:15,2.10e5,4636648,10.15,,1026,0.000,1726,511,0
2017/3/26,16:49:30,2.18e5,4736486,10.01,,1026,0.000,1694,504,0
2017/3/26,16:49:45,2.23e5,4807476,9.913,,1026,0.000,1711,521,0
2017/3/26,16:50:00,2.77e5,5378755,9.002,,1026,0.000,1643,518,0
2017/3/26,16:50:15,2.47e5,5091077,9.495,,1026,0.000,1672,512,0
2017/3/26,16:50:30,2.49e5,5121619,9.46,,1026,0.000,1669,506,0
2017/3/26,16:50:45,2.89e5,5499750,8.815,,1026,0.000,1583,520,0
2017/3/26,16:51:00,2.63e5,5262175,9.218,,1026,0.000,1676,526,0
2017/3/26,16:51:15,2.60e5,5236261,9.269,,1026,0.000,1607,518,0
2017/3/26,16:51:30,2.65e5,5285508,9.198,,1026,0.000,1614,531,0
2017/3/26,16:51:45,2.58e5,5211927,9.309,,1026,0.000,1601,511,0
2017/3/26,16:52:00,2.62e5,5252350,9.244,,1026,0.000,1629,538,0
2017/3/26,16:52:15,2.55e5,5177714,9.36,,1026,0.000,1641,533,0
2017/3/26,16:52:30,2.51e5,5141678,9.422,,1026,0.000,1655,521,0
2017/3/26,16:52:45,2.50e5,5130258,9.443,,1026,0.000,1667,515,0
2017/3/26,16:53:00,2.56e5,5188919,9.339,,1026,0.000,1649,544,0
2017/3/26,16:53:15,2.56e5,5191271,9.345,,1026,0.000,1613,567,0
2017/3/26,16:53:30,2.43e5,5045053,9.572,,1026,0.000,1691,504,0
2017/3/26,16:53:45,2.43e5,5049444,9.558,,1026,0.000,1661,528,0
2017/3/26,16:54:00,2.44e5,5052229,9.544,,1026,0.000,1645,499,0
2017/3/26,16:54:15,2.45e5,5069201,9.524,,1026,0.000,1640,534,0
2017/3/26,16:54:30,2.39e5,4998758,9.645,,1026,0.000,1702,516,0
2017/3/26,16:54:45,2.37e5,4980155,9.661,,1026,0.000,1704,538,0
2017/3/26,16:55:00,2.35e5,4948271,9.71,,1026,0.000,1672,502,0
2017/3/26,16:55:15,2.18e5,4737337,10.0,,1026,0.000,1724,523,0
