TSI CPC DATA VERSION 3
1490034016,2017/3/20,18:20:16
15
1.08,130
Model 3783 Ver 1.27 S/N 3783111302
"Date","Time","Concentration","Count"," Live-Time","Blank","Abs Press"," Analog In","Pulse Height"," Pulse STD","Status Flags"
2017/3/20,18:20:14,2.54e3,82705,14.91,,1007,0.000,2396,552,0
2017/3/20,18:20:29,2.57e3,83549,14.91,,1007,0.000,2441,507,0
2017/3/20,18:20:44,2.55e3,83064,14.91,,1007,0.000,2445,539,0
2017/3/20,18:20:59,2.53e3,82417,14.91,,1007,0.000,2489,482,0
2017/3/20,18:21:14,2.50e3,81554,14.91,,1007,0.000,2517,478,0
2017/3/20,18:21:29,2.47e3,80537,14.91,,1007,0.000,2515,482,0
2017/3/20,18:21:44,2.47e3,80351,14.91,,1007,0.000,2518,461,0
2017/3/20,18:21:59,2.44e3,79563,14.91,,1007,0.000,2548,472,0
2017/3/20,18:22:14,2.42e3,78907,14.91,,1007,0.000,2526,479,0
2017/3/20,18:22:29,2.40e3,78308,14.91,,1007,0.000,2509,509,0
2017/3/20,18:22:44,2.37e3,77348,14.91,,1007,0.000,2542,479,0
2017/3/20,18:22:59,2.37e3,77339,14.91,,1007,0.000,2565,455,0
2017/3/20,18:23:14,2.35e3,76510,14.91,,1007,0.000,2551,474,0
2017/3/20,18:23:29,2.35e3,76470,14.91,,1007,0.000,2523,483,0
2017/3/20,18:23:44,2.35e3,76529,14.91,,1007,0.000,2564,462,0
2017/3/20,18:23:59,2.35e3,76401,14.91,,1007,0.000,2543,477,0
2017/3/20,18:24:14,2.34e3,76310,14.91,,1007,0.000,2539,472,0
2017/3/20,18:24:29,2.29e3,74588,14.91,,1007,0.000,2523,505,0
2017/3/20,18:24:44,2.29e3,74554,14.91,,1007,0.000,2545,462,0
2017/3/20,18:24:59,2.27e3,74054,14.91,,1007,0.000,2553,462,0
2017/3/20,18:25:14,2.24e3,73099,14.91,,1007,0.000,2540,488,0
2017/3/20,18:25:29,2.27e3,73992,14.91,,1007,0.000,2534,476,0
2017/3/20,18:25:44,2.25e3,73151,14.91,,1007,0.000,2532,482,0
2017/3/20,18:25:59,2.24e3,73007,14.91,,1007,0.000,2509,494,0
2017/3/20,18:26:14,2.28e3,74115,14.91,,1007,0.000,2508,528,0
2017/3/20,18:26:29,2.26e3,73657,14.91,,1007,0.000,2514,498,0
2017/3/20,18:26:44,2.28e3,74314,14.91,,1007,0.000,2496,515,0
2017/3/20,18:26:59,2.25e3,73135,14.91,,1007,0.000,2543,482,0
2017/3/20,18:27:14,2.31e3,75176,14.91,,1007,0.000,2484,538,0
2017/3/20,18:27:29,2.38e3,77463,14.91,,1007,0.000,2506,504,0
2017/3/20,18:27:44,4.29e3,138156,14.84,,1007,0.000,2482,506,0
2017/3/20,18:27:59,9.09e3,289289,14.68,,1007,0.000,2443,467,0
2017/3/20,18:28:14,7.56e3,241745,14.73,,1007,0.000,2497,433,0
2017/3/20,18:28:29,6.51e3,208680,14.76,,1007,0.000,2507,438,0
2017/3/20,18:28:44,8.99e3,286498,14.68,,1007,0.000,2481,411,0
2017/3/20,18:28:59,1.99e4,613553,14.33,,1007,0.000,2341,444,0
2017/3/20,18:29:14,2.06e4,641153,14.3,,1007,0.000,2314,445,0
2017/3/20,18:29:29,2.90e4,880135,14.06,,1007,0.000,2232,463,0
2017/3/20,18:29:44,4.83e4,1409716,13.5,,1007,0.000,2036,434,0
2017/3/20,18:29:59,4.95e4,1438261,13.47,,1007,0.000,2005,440,0
2017/3/20,18:30:14,9.78e4,2557406,12.2,,1007,0.000,1805,447,0
2017/3/20,18:30:29,8.09e4,2203008,12.63,,1007,0.000,1834,460,0
2017/3/20,18:30:44,8.34e4,2260349,12.56,,1007,0.000,1849,472,0
2017/3/20,18:30:59,1.24e5,3097056,11.54,,1007,0.000,1754,483,0
2017/3/20,18:31:14,1.31e5,3220754,11.37,,1007,0.000,1726,482,0
2017/3/20,18:31:29,1.22e5,3052884,11.6,,1007,0.000,1726,458,0
2017/3/20,18:31:44,1.43e5,3408559,11.11,,1007,0.000,1678,472,0
2017/3/20,18:31:59,1.89e5,4114752,10.08,,1007,0.000,1596,513,0
2017/3/20,18:32:14,1.39e5,3380170,11.17,,1007,0.000,1697,502,0
2017/3/20,18:32:29,1.61e5,3719901,10.69,,1007,0.000,1682,517,0
2017/3/20,18:32:44,2.27e5,4561305,9.341,,1007,0.000,1568,516,0
2017/3/20,18:32:59,1.84e5,4060712,10.18,,1007,0.000,1634,535,0
2017/3/20,18:33:14,2.06e5,4341111,9.741,,1007,0.000,1568,513,0
2017/3/20,18:33:29,2.18e5,4493511,9.5,,1007,0.000,1572,520,0
2017/3/20,18:33:44,2.18e5,4489058,9.487,,1007,0.000,1558,539,0
2017/3/20,18:33:59,2.38e5,4698704,9.119,,1007,0.000,1535,538,0
2017/3/20,18:34:14,2.51e5,4809557,8.892,,1007,0.000,1530,520,0
2017/3/20,18:34:29,2.63e5,4935529,8.656,,1007,0.000,1503,546,0
2017/3/20,18:34:44,2.68e5,4979844,8.564,,1007,0.000,1507,540,0
2017/3/20,18:34:59,2.80e5,5071052,8.356,,1007,0.000,1500,527,0
2017/3/20,18:35:14,2.97e5,5194086,8.068,,1007,0.000,1477,560,0
2017/3/20,18:35:29,3.30e5,5399801,7.534,,1007,0.000,1424,566,0
2017/3/20,18:35:44,3.35e5,5423669,7.463,,1007,0.000,1470,573,0
2017/3/20,18:35:59,3.47e5,5479890,7.279,,1007,0.000,1480,560,0
2017/3/20,18:36:14,3.66e5,5548472,7.009,,1007,0.000,1389,537,0
2017/3/20,18:36:29,3.64e5,5555255,7.035,,1007,0.000,1446,585,0
2017/3/20,18:36:44,3.66e5,5555496,7.01,,1007,0.000,1427,545,0
2017/3/20,18:36:59,3.79e5,5605262,6.816,,1007,0.000,1440,599,0
2017/3/20,18:37:14,4.02e5,5663003,6.507,,1007,0.000,1419,566,0
2017/3/20,18:37:29,3.98e5,5664477,6.566,,1007,0.000,1406,567,0
2017/3/20,18:37:44,4.26e5,5726000,6.208,,1007,0.000,1363,589,0
2017/3/20,18:37:59,4.22e5,5713913,6.244,,1007,0.000,1427,589,0
2017/3/20,18:38:14,4.18e5,5711078,6.308,,1007,0.000,1343,560,0
2017/3/20,18:38:29,4.32e5,5744702,6.139,,1007,0.000,1408,577,0
2017/3/20,18:38:44,4.37e5,5742301,6.071,,1007,0.000,1387,557,0
2017/3/20,18:38:59,4.58e5,5762959,5.816,,1007,0.000,1412,596,0
2017/3/20,18:39:14,4.59e5,5770988,5.795,,1007,0.000,1386,592,0
2017/3/20,18:39:29,4.60e5,5778803,5.792,,1007,0.000,1379,570,0
2017/3/20,18:39:44,4.64e5,5773768,5.744,,1007,0.000,1357,556,0
2017/3/20,18:39:59,4.61e5,5781618,5.782,,1007,0.000,1387,594,0
2017/3/20,18:40:14,4.61e5,5778362,5.784,,1007,0.000,1402,594,0
2017/3/20,18:40:29,4.61e5,5783606,5.79,,1007,0.000,1367,565,0
2017/3/20,18:40:44,4.70e5,5785066,5.676,,1007,0.000,1392,584,0
2017/3/20,18:40:59,4.82e5,5790271,5.558,,1007,0.000,1379,574,0
2017/3/20,18:41:14,4.78e5,5796240,5.594,,1007,0.000,1358,596,0
2017/3/20,18:41:29,4.79e5,5791477,5.581,,1007,0.000,1372,585,0
2017/3/20,18:41:44,4.67e5,5759856,5.78,,1007,0.000,1386,572,0
2017/3/20,18:41:59,4.84e5,5796649,5.529,,1007,0.000,1383,589,0
2017/3/20,18:42:14,4.86e5,5802147,5.513,,1007,0.000,1395,584,0
2017/3/20,18:42:29,4.78e5,5794400,5.587,,1007,0.000,1386,579,0
2017/3/20,18:42:44,4.78e5,5792902,5.595,,1007,0.000,1330,570,0
2017/3/20,18:42:59,4.84e5,5794929,5.525,,1007,0.000,1356,589,0
2017/3/20,18:43:14,4.86e5,5787720,5.494,,1007,0.000,1395,579,0
2017/3/20,18:43:29,4.90e5,5810068,5.471,,1007,0.000,1322,565,0
2017/3/20,18:43:44,4.83e5,5792155,5.532,,1007,0.000,1368,595,0
2017/3/20,18:43:59,4.93e5,5803613,5.435,,1007,0.000,1368,572,0
2017/3/20,18:44:14,4.94e5,5803696,5.425,,1007,0.000,1387,607,0
2017/3/20,18:44:29,4.89e5,5807328,5.479,,1007,0.000,1365,587,0
2017/3/20,18:44:44,4.92e5,5805893,5.441,,1007,0.000,1363,598,0
2017/3/20,18:44:59,5.01e5,5808381,5.348,,1007,0.000,1378,573,0
2017/3/20,18:45:14,4.77e5,5796278,5.605,,1007,0.000,1381,590,0
2017/3/20,18:45:29,4.85e5,5807826,5.526,,1007,0.000,1359,583,0
2017/3/20,18:45:44,4.98e5,5803197,5.375,,1007,0.000,1369,570,0
2017/3/20,18:45:59,4.83e5,5794625,5.534,,1007,0.000,1390,570,0
2017/3/20,18:46:14,4.72e5,5806961,5.675,,1007,0.000,1414,599,0
2017/3/20,18:46:29,4.69e5,5795497,5.698,,1007,0.000,1378,563,0
2017/3/20,18:46:44,4.61e5,5791380,5.796,,1007,0.000,1364,576,0
2017/3/20,18:46:59,4.57e5,5789479,5.838,,1007,0.000,1395,583,0
2017/3/20,18:47:14,4.57e5,5791333,5.844,,1007,0.000,1384,594,0
2017/3/20,18:47:29,4.64e5,5805277,5.775,,1007,0.000,1362,566,0
2017/3/20,18:47:44,4.56e5,5796941,5.86,,1007,0.000,1387,573,0
2017/3/20,18:47:59,4.65e5,5805426,5.762,,1007,0.000,1372,561,0
2017/3/20,18:48:14,4.65e5,5802245,5.755,,1007,0.000,1378,599,0
2017/3/20,18:48:29,4.61e5,5799225,5.801,,1007,0.000,1343,565,0
2017/3/20,18:48:44,4.58e5,5797983,5.841,,1007,0.000,1380,571,0
2017/3/20,18:48:59,4.53e5,5790456,5.895,,1007,0.000,1400,589,0
2017/3/20,18:49:14,4.46e5,5785235,5.984,,1007,0.000,1353,573,0
2017/3/20,18:49:29,4.44e5,5791210,6.023,,1007,0.000,1364,582,0
2017/3/20,18:49:44,4.44e5,5783435,6.013,,1007,0.000,1381,574,0
2017/3/20,18:49:59,4.43e5,5788972,6.027,,1007,0.000,1379,574,0
2017/3/20,18:50:14,4.40e5,5777471,6.061,,1007,0.000,1381,582,0
2017/3/20,18:50:29,4.32e5,5777580,6.172,,1007,0.000,1389,574,0
2017/3/20,18:50:44,4.44e5,5793976,6.024,,1007,0.000,1394,568,0
2017/3/20,18:50:59,4.33e5,5769151,6.151,,1007,0.000,1408,593,0
2017/3/20,18:51:14,4.33e5,5771686,6.146,,1007,0.000,1387,604,0
2017/3/20,18:51:29,4.28e5,5772164,6.224,,1007,0.000,1406,572,0
2017/3/20,18:51:44,4.21e5,5748626,6.302,,1007,0.000,1403,567,0
2017/3/20,18:51:59,4.21e5,5751126,6.304,,1007,0.000,1422,600,0
2017/3/20,18:52:14,4.18e5,5748643,6.335,,1007,0.000,1374,570,0
2017/3/20,18:52:29,4.23e5,5761203,6.28,,1007,0.000,1381,559,0
2017/3/20,18:52:44,4.12e5,5732457,6.423,,1007,0.000,1459,593,0
2017/3/20,18:52:59,4.08e5,5722906,6.469,,1007,0.000,1413,573,0
2017/3/20,18:53:14,4.06e5,5721430,6.495,,1007,0.000,1428,584,0
2017/3/20,18:53:29,4.07e5,5731174,6.487,,1007,0.000,1409,556,0
2017/3/20,18:53:44,4.15e5,5748831,6.385,,1007,0.000,1416,574,0
2017/3/20,18:53:59,4.05e5,5722837,6.524,,1007,0.000,1439,612,0
2017/3/20,18:54:14,4.12e5,5737510,6.424,,1007,0.000,1402,598,0
2017/3/20,18:54:29,4.01e5,5714530,6.563,,1007,0.000,1381,557,0
2017/3/20,18:54:44,4.01e5,5713923,6.567,,1007,0.000,1428,562,0
2017/3/20,18:54:59,3.91e5,5682705,6.708,,1007,0.000,1390,573,0
2017/3/20,18:55:14,3.93e5,5685322,6.681,,1007,0.000,1435,596,0
2017/3/20,18:55:29,4.07e5,5731529,6.495,,1007,0.000,1434,588,0
2017/3/20,18:55:44,4.13e5,5736142,6.41,,1007,0.000,1400,574,0
2017/3/20,18:55:59,4.15e5,5747343,6.399,,1007,0.000,1425,585,0
2017/3/20,18:56:14,3.87e5,5675180,6.754,,1007,0.000,1419,576,0
2017/3/20,18:56:29,3.87e5,5675755,6.755,,1007,0.000,1401,577,0
2017/3/20,18:56:44,3.82e5,5652109,6.828,,1007,0.000,1422,568,0
2017/3/20,18:56:59,3.80e5,5652608,6.863,,1007,0.000,1429,562,0
2017/3/20,18:57:14,3.78e5,5643616,6.887,,1007,0.000,1422,571,0
2017/3/20,18:57:29,3.74e5,5632953,6.947,,1007,0.000,1416,567,0
2017/3/20,18:57:44,3.66e5,5600201,7.062,,1007,0.000,1452,571,0
2017/3/20,18:57:59,3.60e5,5578763,7.138,,1007,0.000,1452,581,0
2017/3/20,18:58:14,3.33e5,5422920,7.588,,1007,0.000,1467,584,0
2017/3/20,18:58:29,3.05e5,5291653,7.992,,1007,0.000,1486,562,0
2017/3/20,18:58:44,2.84e5,5131137,8.333,,1007,0.000,1464,576,0
2017/3/20,18:58:59,2.65e5,4980749,8.67,,1007,0.000,1530,539,0
2017/3/20,18:59:14,2.55e5,4894906,8.85,,1007,0.000,1480,529,0
2017/3/20,18:59:29,2.44e5,4788580,9.055,,1007,0.000,1535,565,0
2017/3/20,18:59:44,2.29e5,4636986,9.315,,1007,0.000,1579,550,0
2017/3/20,18:59:59,2.16e5,4487242,9.588,,1007,0.000,1588,543,0
2017/3/20,19:00:14,2.03e5,4339034,9.839,,1007,0.000,1584,576,0
2017/3/20,19:00:29,1.93e5,4204602,10.05,,1007,0.000,1617,535,0
2017/3/20,19:00:44,1.82e5,4056286,10.27,,1007,0.000,1624,552,0
2017/3/20,19:00:59,1.71e5,3897064,10.51,,1007,0.000,1660,554,0
2017/3/20,19:01:14,1.58e5,3704343,10.79,,1007,0.000,1660,554,0
2017/3/20,19:01:29,1.52e5,3605387,10.93,,1007,0.000,1677,521,0
2017/3/20,19:01:44,1.44e5,3474620,11.1,,1007,0.000,1710,507,0
2017/3/20,19:01:59,1.35e5,3317334,11.31,,1007,0.000,1701,545,0
2017/3/20,19:02:14,1.25e5,3130873,11.56,,1007,0.000,1722,548,0
2017/3/20,19:02:29,1.21e5,3058536,11.65,,1007,0.000,1745,498,0
2017/3/20,19:02:44,1.13e5,2901288,11.84,,1007,0.000,1762,532,0
2017/3/20,19:02:59,1.04e5,2723007,12.06,,1007,0.000,1745,528,0
2017/3/20,19:03:14,1.01e5,2671359,12.12,,1007,0.000,1782,529,0
2017/3/20,19:03:29,9.58e4,2550314,12.27,,1007,0.000,1781,507,0
2017/3/20,19:03:44,9.05e4,2433595,12.4,,1007,0.000,1837,513,0
2017/3/20,19:03:59,8.38e4,2283487,12.57,,1007,0.000,1848,527,0
2017/3/20,19:04:14,7.88e4,2169955,12.7,,1007,0.000,1881,501,0
2017/3/20,19:04:29,7.56e4,2095959,12.78,,1007,0.000,1850,543,0
2017/3/20,19:04:44,7.15e4,1997592,12.89,,1007,0.000,1914,510,0
2017/3/20,19:04:59,6.74e4,1898715,12.99,,1007,0.000,1942,515,0
2017/3/20,19:05:14,6.19e4,1765164,13.14,,1007,0.000,1955,502,0
2017/3/20,19:05:29,5.97e4,1710191,13.2,,1007,0.000,1972,537,0
2017/3/20,19:05:44,5.66e4,1630371,13.28,,1007,0.000,1994,531,0
2017/3/20,19:05:59,5.33e4,1545313,13.37,,1007,0.000,2025,540,0
2017/3/20,19:06:14,4.99e4,1457939,13.46,,1007,0.000,2064,533,0
2017/3/20,19:06:29,4.75e4,1394896,13.53,,1007,0.000,2072,549,0
2017/3/20,19:06:44,4.44e4,1311001,13.61,,1007,0.000,2072,573,0
2017/3/20,19:06:59,4.22e4,1252539,13.67,,1007,0.000,2091,544,0
2017/3/20,19:07:14,4.01e4,1194857,13.73,,1007,0.000,2143,554,0
2017/3/20,19:07:29,3.77e4,1130721,13.8,,1007,0.000,2130,555,0
2017/3/20,19:07:44,3.53e4,1063644,13.87,,1007,0.000,2155,548,0
2017/3/20,19:07:59,3.34e4,1010989,13.93,,1007,0.000,2177,532,0
2017/3/20,19:08:14,3.15e4,957312,13.98,,1007,0.000,2187,559,0
2017/3/20,19:08:29,2.99e4,912368,14.03,,1007,0.000,2204,543,0
2017/3/20,19:08:44,2.84e4,867086,14.08,,1007,0.000,2235,523,0
2017/3/20,19:08:59,2.68e4,823035,14.12,,1007,0.000,2229,552,0
2017/3/20,19:09:14,2.52e4,776303,14.17,,1007,0.000,2255,540,0
2017/3/20,19:09:29,2.39e4,737287,14.21,,1007,0.000,2261,541,0
2017/3/20,19:09:44,2.27e4,702367,14.25,,1007,0.000,2246,570,0
2017/3/20,19:09:59,2.15e4,666119,14.28,,1007,0.000,2296,532,0
2017/3/20,19:10:14,2.03e4,632292,14.32,,1007,0.000,2326,521,0
2017/3/20,19:10:29,1.93e4,600842,14.35,,1007,0.000,2337,522,0
2017/3/20,19:10:44,1.80e4,562686,14.39,,1007,0.000,2376,494,0
2017/3/20,19:10:59,1.71e4,535824,14.42,,1007,0.000,2310,552,0
2017/3/20,19:11:14,1.60e4,502552,14.46,,1007,0.000,2386,490,0
2017/3/20,19:11:29,1.52e4,478284,14.48,,1007,0.000,2366,511,0
2017/3/20,19:11:44,1.43e4,451492,14.51,,1007,0.000,2376,509,0
2017/3/20,19:11:59,1.37e4,433530,14.53,,1007,0.000,2387,502,0
2017/3/20,19:12:14,1.28e4,406763,14.56,,1007,0.000,2360,534,0
2017/3/20,19:12:29,1.22e4,386556,14.58,,1007,0.000,2419,495,0
2017/3/20,19:12:44,1.15e4,365657,14.6,,1007,0.000,2446,504,0
2017/3/20,19:12:59,1.08e4,344789,14.62,,1007,0.000,2436,510,0
2017/3/20,19:13:14,1.03e4,327378,14.64,,1007,0.000,2406,520,0
2017/3/20,19:13:29,9.74e3,309962,14.66,,1007,0.000,2463,480,0
2017/3/20,19:13:44,9.20e3,293320,14.68,,1007,0.000,2414,522,0
2017/3/20,19:13:59,8.69e3,277405,14.7,,1007,0.000,2476,489,0
2017/3/20,19:14:14,8.24e3,263366,14.71,,1007,0.000,2468,485,0
2017/3/20,19:14:29,7.78e3,248872,14.73,,1007,0.000,2454,496,0
2017/3/20,19:14:44,7.30e3,233671,14.74,,1007,0.000,2437,505,0
2017/3/20,19:14:59,6.86e3,219781,14.76,,1007,0.000,2449,528,0
2017/3/20,19:15:14,6.52e3,209311,14.77,,1007,0.000,2437,526,0
2017/3/20,19:15:29,6.16e3,197776,14.78,,1007,0.000,2498,463,0
2017/3/20,19:15:44,5.91e3,189831,14.79,,1007,0.000,2453,513,0
2017/3/20,19:15:59,5.56e3,178846,14.8,,1007,0.000,2478,498,0
2017/3/20,19:16:14,5.21e3,167731,14.81,,1007,0.000,2529,454,0
2017/3/20,19:16:29,4.94e3,159306,14.82,,1007,0.000,2480,501,0
2017/3/20,19:16:44,4.71e3,151713,14.83,,1007,0.000,2473,496,0
2017/3/20,19:16:59,4.51e3,145587,14.84,,1007,0.000,2521,460,0
2017/3/20,19:17:14,4.20e3,135865,14.85,,1007,0.000,2509,480,0
2017/3/20,19:17:29,4.06e3,131190,14.85,,1007,0.000,2502,494,0
2017/3/20,19:17:44,3.77e3,121877,14.86,,1007,0.000,2501,494,0
2017/3/20,19:17:59,3.58e3,115899,14.87,,1007,0.000,2523,465,0
2017/3/20,19:18:14,3.40e3,110114,14.88,,1007,0.000,2512,478,0
2017/3/20,19:18:29,3.23e3,104678,14.88,,1007,0.000,2523,460,0
2017/3/20,19:18:44,3.05e3,99032,14.89,,1007,0.000,2510,485,0
2017/3/20,19:18:59,2.87e3,93414,14.89,,1007,0.000,2512,502,0
2017/3/20,19:19:14,2.73e3,88680,14.9,,1007,0.000,2517,487,0
2017/3/20,19:19:29,2.61e3,84945,14.9,,1007,0.000,2502,483,0
2017/3/20,19:19:44,2.46e3,80006,14.91,,1007,0.000,2526,461,0
2017/3/20,19:19:59,2.34e3,76309,14.91,,1007,0.000,2520,484,0
2017/3/20,19:20:14,2.16e3,70436,14.92,,1007,0.000,2514,487,0
2017/3/20,19:20:29,2.05e3,66925,14.92,,1007,0.000,2530,489,0
2017/3/20,19:20:44,1.98e3,64431,14.93,,1007,0.000,2547,465,0
2017/3/20,19:20:59,1.87e3,61068,14.93,,1007,0.000,2502,496,0
2017/3/20,19:21:14,1.79e3,58223,14.93,,1007,0.000,2523,495,0
2017/3/20,19:21:29,1.68e3,54891,14.94,,1007,0.000,2531,480,0
2017/3/20,19:21:44,1.62e3,52929,14.94,,1007,0.000,2528,478,0
2017/3/20,19:21:59,1.56e3,51021,14.94,,1007,0.000,2517,512,0
2017/3/20,19:22:14,1.44e3,47066,14.95,,1007,0.000,2521,493,0
2017/3/20,19:22:29,1.38e3,45067,14.95,,1007,0.000,2534,488,0
2017/3/20,19:22:44,1.31e3,42733,14.95,,1007,0.000,2515,494,0
2017/3/20,19:22:59,1.22e3,39841,14.95,,1007,0.000,2523,496,0
2017/3/20,19:23:14,1.19e3,38927,14.96,,1007,0.000,2531,483,0
2017/3/20,19:23:29,1.13e3,36847,14.96,,1007,0.000,2525,488,0
2017/3/20,19:23:44,1.08e3,35120,14.96,,1007,0.000,2530,488,0
2017/3/20,19:23:59,1.01e3,32960,14.96,,1007,0.000,2532,484,0
2017/3/20,19:24:14,994,32330,14.96,,1007,0.000,2524,501,0
2017/3/20,19:24:29,937,30465,14.96,,1007,0.000,2543,479,0
2017/3/20,19:24:44,874,28429,14.97,,1007,0.000,2526,491,0
2017/3/20,19:24:59,836,27191,14.97,,1007,0.000,2537,502,0
2017/3/20,19:25:14,794,25820,14.97,,1007,0.000,2530,485,0
2017/3/20,19:25:29,769,25020,14.97,,1007,0.000,2525,491,0
2017/3/20,19:25:44,717,23306,14.97,,1007,0.000,2542,478,0
2017/3/20,19:25:59,701,22800,14.97,,1007,0.000,2532,462,0
2017/3/20,19:26:14,666,21663,14.97,,1007,0.000,2540,473,0
2017/3/20,19:26:29,625,20337,14.98,,1007,0.000,2524,515,0
2017/3/20,19:26:44,618,20109,14.98,,1007,0.000,2545,474,0
2017/3/20,19:26:59,584,18984,14.98,,1007,0.000,2578,452,0
2017/3/20,19:27:14,559,18177,14.98,,1007,0.000,2585,446,0
2017/3/20,19:27:29,534,17386,14.98,,1007,0.000,2575,449,0
2017/3/20,19:27:44,507,16502,14.98,,1007,0.000,2561,482,0
2017/3/20,19:27:59,477,15510,14.98,,1007,0.000,2567,465,0
2017/3/20,19:28:14,462,15020,14.98,,1007,0.000,2539,490,0
2017/3/20,19:28:29,445,14466,14.98,,1007,0.000,2552,480,0
2017/3/20,19:28:44,436,14175,14.98,,1007,0.000,2591,432,0
2017/3/20,19:28:59,412,13420,14.98,,1007,0.000,2532,498,0
2017/3/20,19:29:14,391,12708,14.98,,1007,0.000,2567,461,0
2017/3/20,19:29:29,375,12209,14.99,,1007,0.000,2574,454,0
2017/3/20,19:29:44,361,11742,14.99,,1007,0.000,2573,474,0
2017/3/20,19:29:59,347,11288,14.99,,1007,0.000,2592,437,0
2017/3/20,19:30:14,334,10861,14.99,,1007,0.000,2589,449,0
2017/3/20,19:30:29,323,10501,14.99,,1007,0.000,2548,478,0
2017/3/20,19:30:44,314,10209,14.99,,1007,0.000,2569,476,0
2017/3/20,19:30:59,299,9725,14.99,,1007,0.000,2565,463,0
2017/3/20,19:31:14,291,9483,14.99,,1007,0.000,2602,438,0
2017/3/20,19:31:29,282,9197,14.99,,1007,0.000,2576,461,0
2017/3/20,19:31:44,266,8672,14.99,,1007,0.000,2567,446,0
2017/3/20,19:31:59,254,8279,14.99,,1007,0.000,2597,406,0
2017/3/20,19:32:14,248,8080,14.99,,1007,0.000,2551,474,0
2017/3/20,19:32:29,247,8048,14.99,,1007,0.000,2562,463,0
2017/3/20,19:32:44,238,7746,14.99,,1007,0.000,2548,485,0
2017/3/20,19:32:59,232,7567,14.99,,1007,0.000,2607,432,0
2017/3/20,19:33:14,225,7344,14.99,,1007,0.000,2578,450,0
2017/3/20,19:33:29,219,7143,14.99,,1007,0.000,2585,479,0
2017/3/20,19:33:44,211,6875,14.99,,1007,0.000,2581,444,0
2017/3/20,19:33:59,203,6626,14.99,,1007,0.000,2568,466,0
2017/3/20,19:34:14,201,6538,14.99,,1007,0.000,2525,505,0
2017/3/20,19:34:29,191,6224,14.99,,1007,0.000,2561,467,0
2017/3/20,19:34:44,185,6033,14.99,,1007,0.000,2583,458,0
2017/3/20,19:34:59,178,5814,14.99,,1007,0.000,2574,455,0
2017/3/20,19:35:14,178,5790,14.99,,1007,0.000,2576,474,0
2017/3/20,19:35:29,175,5708,14.99,,1007,0.000,2551,480,0
2017/3/20,19:35:44,168,5467,14.99,,1007,0.000,2546,476,0
2017/3/20,19:35:59,162,5279,14.99,,1007,0.000,2562,468,0
2017/3/20,19:36:14,159,5182,14.99,,1007,0.000,2568,485,0
2017/3/20,19:36:29,161,5242,14.99,,1007,0.000,2557,474,0
2017/3/20,19:36:44,150,4894,14.99,,1007,0.000,2568,473,0
2017/3/20,19:36:59,153,4993,14.99,,1007,0.000,2584,457,0
2017/3/20,19:37:14,148,4837,14.99,,1007,0.000,2584,469,0
2017/3/20,19:37:29,144,4692,14.99,,1007,0.000,2584,460,0
2017/3/20,19:37:44,142,4639,14.99,,1007,0.000,2561,468,0
2017/3/20,19:37:59,136,4434,14.99,,1007,0.000,2554,488,0
2017/3/20,19:38:14,140,4564,14.99,,1007,0.000,2576,478,0
2017/3/20,19:38:29,133,4349,14.99,,1007,0.000,2564,474,0
2017/3/20,19:38:44,133,4324,14.99,,1007,0.000,2570,484,0
2017/3/20,19:38:59,136,4429,14.99,,1007,0.000,2579,471,0
2017/3/20,19:39:14,133,4327,14.99,,1007,0.000,2554,477,0
2017/3/20,19:39:29,128,4172,14.99,,1007,0.000,2541,506,0
2017/3/20,19:39:44,121,3938,14.99,,1007,0.000,2503,548,0
2017/3/20,19:39:59,122,3986,14.99,,1007,0.000,2546,488,0
2017/3/20,19:40:14,121,3958,14.99,,1007,0.000,2558,498,0
2017/3/20,19:40:29,120,3929,14.99,,1007,0.000,2581,466,0
2017/3/20,19:40:44,117,3804,14.99,,1007,0.000,2568,487,0
2017/3/20,19:40:59,116,3797,14.99,,1007,0.000,2556,469,0
2017/3/20,19:41:14,112,3642,14.99,,1007,0.000,2579,499,0
2017/3/20,19:41:29,115,3741,14.99,,1007,0.000,2562,469,0
2017/3/20,19:41:44,112,3655,14.99,,1007,0.000,2556,505,0
2017/3/20,19:41:59,110,3590,14.99,,1007,0.000,2550,506,0
2017/3/20,19:42:14,110,3587,14.99,,1007,0.000,2592,449,0
2017/3/20,19:42:29,111,3622,14.99,,1007,0.000,2530,527,0
2017/3/20,19:42:44,106,3446,14.99,,1007,0.000,2550,522,0
2017/3/20,19:42:59,106,3453,14.99,,1007,0.000,2572,476,0
2017/3/20,19:43:14,106,3466,14.99,,1007,0.000,2583,474,0
2017/3/20,19:43:29,105,3421,14.99,,1007,0.000,2561,487,0
2017/3/20,19:43:44,104,3388,14.99,,1007,0.000,2565,469,0
2017/3/20,19:43:59,102,3343,14.99,,1007,0.000,2540,490,0
2017/3/20,19:44:14,100,3257,14.99,,1007,0.000,2567,479,0
2017/3/20,19:44:29,99.6,3240,14.99,,1007,0.000,2564,480,0
2017/3/20,19:44:44,102,3323,14.99,,1007,0.000,2564,488,0
2017/3/20,19:44:59,97.1,3157,14.99,,1007,0.000,2572,479,0
2017/3/20,19:45:14,101,3297,14.99,,1007,0.000,2556,479,0
2017/3/20,19:45:29,99.3,3229,14.99,,1007,0.000,2547,506,0
2017/3/20,19:45:44,97.8,3180,14.99,,1007,0.000,2536,521,0
2017/3/20,19:45:59,98.2,3193,14.99,,1007,0.000,2557,488,0
2017/3/20,19:46:14,97.9,3182,14.99,,1007,0.000,2575,440,0
2017/3/20,19:46:29,95.3,3098,14.99,,1007,0.000,2598,439,0
2017/3/20,19:46:44,95.6,3108,14.99,,1007,0.000,2539,501,0
2017/3/20,19:46:59,95.1,3092,14.99,,1007,0.000,2526,535,0
2017/3/20,19:47:14,89.2,2899,14.99,,1007,0.000,2541,509,0
2017/3/20,19:47:29,96.2,3129,14.99,,1007,0.000,2585,462,0
2017/3/20,19:47:44,94.4,3070,14.99,,1007,0.000,2550,510,0
2017/3/20,19:47:59,93.1,3028,14.99,,1007,0.000,2568,488,0
2017/3/20,19:48:14,92.3,3000,14.99,,1007,0.000,2584,461,0
2017/3/20,19:48:29,93.3,3034,14.99,,1007,0.000,2539,507,0
2017/3/20,19:48:44,91.4,2972,14.99,,1007,0.000,2568,489,0
2017/3/20,19:48:59,91.5,2975,14.99,,1007,0.000,2561,491,0
2017/3/20,19:49:14,90.4,2941,14.99,,1007,0.000,2520,533,0
2017/3/20,19:49:29,90.3,2935,14.99,,1007,0.000,2565,471,0
2017/3/20,19:49:44,91.8,2984,14.99,,1007,0.000,2551,487,0
2017/3/20,19:49:59,87.1,2831,14.99,,1007,0.000,2565,487,0
2017/3/20,19:50:14,89.6,2913,14.99,,1007,0.000,2548,505,0
2017/3/20,19:50:29,85.2,2771,14.99,,1007,0.000,2519,545,0
2017/3/20,19:50:44,89.9,2924,14.99,,1007,0.000,2550,488,0
2017/3/20,19:50:59,90.9,2955,14.99,,1007,0.000,2542,526,0
2017/3/20,19:51:14,88.8,2887,14.99,,1007,0.000,2543,504,0
2017/3/20,19:51:29,88.6,2880,14.99,,1007,0.000,2570,496,0
2017/3/20,19:51:44,89.8,2920,14.99,,1007,0.000,2572,487,0
2017/3/20,19:51:59,88.0,2863,14.99,,1007,0.000,2545,510,0
2017/3/20,19:52:14,86.2,2802,14.99,,1007,0.000,2578,456,0
2017/3/20,19:52:29,87.4,2842,14.99,,1007,0.000,2575,504,0
2017/3/20,19:52:44,91.8,2986,14.99,,1007,0.000,2572,456,0
2017/3/20,19:52:59,87.0,2829,14.99,,1007,0.000,2523,535,0
2017/3/20,19:53:14,88.0,2862,14.99,,1007,0.000,2540,517,0
2017/3/20,19:53:29,88.6,2882,14.99,,1007,0.000,2553,527,0
2017/3/20,19:53:44,86.8,2823,14.99,,1007,0.000,2573,476,0
2017/3/20,19:53:59,87.0,2828,14.99,,1007,0.000,2548,483,0
2017/3/20,19:54:14,86.6,2816,14.99,,1007,0.000,2575,494,0
2017/3/20,19:54:29,90.3,2935,14.99,,1007,0.000,2573,474,0
2017/3/20,19:54:44,88.4,2874,14.99,,1007,0.000,2576,474,0
2017/3/20,19:54:59,83.1,2701,14.99,,1007,0.000,2526,550,0
2017/3/20,19:55:14,87.3,2840,14.99,,1007,0.000,2496,565,0
2017/3/20,19:55:29,88.3,2871,14.99,,1007,0.000,2525,522,0
2017/3/20,19:55:44,86.2,2804,14.99,,1007,0.000,2513,572,0
2017/3/20,19:55:59,83.6,2719,14.99,,1007,0.000,2546,516,0
2017/3/20,19:56:14,83.5,2716,14.99,,1007,0.000,2579,457,0
2017/3/20,19:56:29,80.8,2626,14.99,,1007,0.000,2559,495,0
2017/3/20,19:56:44,85.5,2780,14.99,,1007,0.000,2541,527,0
2017/3/20,19:56:59,84.5,2749,14.99,,1007,0.000,2543,540,0
2017/3/20,19:57:14,80.4,2613,14.99,,1007,0.000,2557,472,0
2017/3/20,19:57:29,85.4,2777,14.99,,1007,0.000,2523,524,0
2017/3/20,19:57:44,87.7,2852,14.99,,1007,0.000,2563,488,0
2017/3/20,19:57:59,86.3,2806,14.99,,1007,0.000,2546,500,0
2017/3/20,19:58:14,85.2,2771,14.99,,1007,0.000,2517,557,0
2017/3/20,19:58:29,86.8,2824,14.99,,1007,0.000,2550,512,0
2017/3/20,19:58:44,83.6,2720,14.99,,1007,0.000,2530,523,0
2017/3/20,19:58:59,81.5,2649,14.99,,1007,0.000,2543,507,0
2017/3/20,19:59:14,83.4,2712,14.99,,1007,0.000,2520,555,0
2017/3/20,19:59:29,81.6,2654,14.99,,1007,0.000,2502,567,0
2017/3/20,19:59:44,81.7,2658,14.99,,1007,0.000,2515,535,0
2017/3/20,19:59:59,80.9,2630,14.99,,1007,0.000,2537,527,0
2017/3/20,20:00:14,83.0,2699,14.99,,1007,0.000,2548,479,0
2017/3/20,20:00:29,83.8,2725,14.99,,1007,0.000,2570,477,0
2017/3/20,20:00:44,82.7,2688,14.99,,1007,0.000,2597,449,0
2017/3/20,20:00:59,81.3,2643,14.99,,1007,0.000,2558,494,0
2017/3/20,20:01:14,82.4,2678,14.99,,1007,0.000,2496,562,0
2017/3/20,20:01:29,81.9,2664,14.99,,1007,0.000,2568,485,0
2017/3/20,20:01:44,81.6,2655,14.99,,1007,0.000,2517,543,0
2017/3/20,20:01:59,81.4,2646,14.99,,1007,0.000,2562,495,0
2017/3/20,20:02:14,83.7,2721,14.99,,1007,0.000,2532,540,0
2017/3/20,20:02:29,78.7,2559,14.99,,1007,0.000,2543,529,0
2017/3/20,20:02:44,79.3,2578,14.99,,1007,0.000,2569,483,0
2017/3/20,20:02:59,83.6,2719,14.99,,1007,0.000,2585,441,0
2017/3/20,20:03:14,85.6,2783,14.99,,1007,0.000,2554,490,0
2017/3/20,20:03:29,80.6,2621,14.99,,1007,0.000,2504,555,0
2017/3/20,20:03:44,82.2,2674,14.99,,1007,0.000,2576,491,0
2017/3/20,20:03:59,81.6,2655,14.99,,1007,0.000,2583,467,0
2017/3/20,20:04:14,78.8,2561,14.99,,1007,0.000,2543,516,0
2017/3/20,20:04:29,80.5,2617,14.99,,1007,0.000,2535,524,0
2017/3/20,20:04:44,80.1,2604,14.99,,1007,0.000,2521,534,0
2017/3/20,20:04:59,80.6,2621,14.99,,1007,0.000,2550,509,0
2017/3/20,20:05:14,79.3,2580,14.99,,1007,0.000,2525,533,0
2017/3/20,20:05:29,81.6,2653,14.99,,1007,0.000,2576,484,0
2017/3/20,20:05:44,74.9,2436,14.99,,1007,0.000,2565,488,0
2017/3/20,20:05:59,79.0,2568,14.99,,1007,0.000,2548,485,0
2017/3/20,20:06:14,80.5,2617,14.99,,1007,0.000,2531,527,0
2017/3/20,20:06:29,79.2,2575,14.99,,1007,0.000,2512,541,0
2017/3/20,20:06:44,76.6,2491,14.99,,1007,0.000,2542,516,0
2017/3/20,20:06:59,79.4,2583,14.99,,1007,0.000,2509,568,0
2017/3/20,20:07:14,76.5,2488,14.99,,1007,0.000,2541,551,0
2017/3/20,20:07:29,78.6,2555,14.99,,1007,0.000,2546,522,0
2017/3/20,20:07:44,75.8,2466,14.99,,1007,0.000,2575,487,0
2017/3/20,20:07:59,79.6,2589,14.99,,1007,0.000,2535,545,0
2017/3/20,20:08:14,81.0,2634,14.99,,1007,0.000,2532,520,0
2017/3/20,20:08:29,79.1,2572,14.99,,1007,0.000,2536,526,0
2017/3/20,20:08:44,82.3,2677,14.99,,1007,0.000,2542,502,0
2017/3/20,20:08:59,80.6,2621,14.99,,1007,0.000,2520,551,0
2017/3/20,20:09:14,78.8,2563,14.99,,1007,0.000,2578,469,0
2017/3/20,20:09:29,81.2,2639,14.99,,1007,0.000,2548,500,0
2017/3/20,20:09:44,80.0,2600,14.99,,1007,0.000,2557,496,0
2017/3/20,20:09:59,76.4,2484,14.99,,1007,0.000,2545,529,0
2017/3/20,20:10:14,78.8,2563,14.99,,1007,0.000,2534,537,0
2017/3/20,20:10:29,78.6,2555,14.99,,1007,0.000,2512,548,0
2017/3/20,20:10:44,77.2,2512,14.99,,1007,0.000,2526,540,0
2017/3/20,20:10:59,81.0,2633,14.99,,1007,0.000,2554,499,0
2017/3/20,20:11:14,74.7,2430,14.99,,1007,0.000,2557,490,0
2017/3/20,20:11:29,80.4,2613,14.99,,1007,0.000,2537,501,0
2017/3/20,20:11:44,75.0,2440,14.99,,1007,0.000,2553,505,0
2017/3/20,20:11:59,80.4,2613,14.99,,1007,0.000,2520,535,0
2017/3/20,20:12:14,78.9,2567,14.99,,1007,0.000,2567,485,0
2017/3/20,20:12:29,78.0,2538,14.99,,1007,0.000,2528,550,0
2017/3/20,20:12:44,79.0,2568,14.99,,1007,0.000,2557,490,0
2017/3/20,20:12:59,80.6,2620,14.99,,1007,0.000,2530,546,0
2017/3/20,20:13:14,78.9,2566,14.99,,1007,0.000,2525,528,0
2017/3/20,20:13:29,76.4,2486,14.99,,1007,0.000,2532,540,0
2017/3/20,20:13:44,77.2,2512,14.99,,1007,0.000,2517,535,0
2017/3/20,20:13:59,79.0,2569,14.99,,1007,0.000,2569,478,0
2017/3/20,20:14:14,75.0,2439,14.99,,1007,0.000,2540,517,0
2017/3/20,20:14:29,78.0,2538,14.99,,1007,0.000,2542,523,0
2017/3/20,20:14:44,77.2,2509,14.99,,1007,0.000,2517,524,0
2017/3/20,20:14:59,76.0,2471,14.99,,1007,0.000,2563,479,0
2017/3/20,20:15:14,79.2,2576,14.99,,1007,0.000,2528,522,0
2017/3/20,20:15:29,131,4286,14.99,,1007,0.000,2545,496,0
