TSI CPC DATA VERSION 3
1489768251,2017/3/17,16:30:51
15
1.08,130
Model 3783 Ver 1.27 S/N 3783111302
"Date","Time","Concentration","Count"," Live-Time","Blank","Abs Press"," Analog In","Pulse Height"," Pulse STD","Status Flags"
2017/3/17,16:30:45,1.58e3,50440,14.67,,1013,0.000,2572,463,0
2017/3/17,16:31:00,1.39e3,45254,14.95,,1013,0.000,2552,491,0
2017/3/17,16:31:15,1.33e3,43484,14.95,,1013,0.000,2565,472,0
2017/3/17,16:31:30,1.38e3,45121,14.95,,1012,0.000,2545,462,0
2017/3/17,16:31:45,1.35e3,43898,14.95,,1012,0.000,2574,454,0
2017/3/17,16:32:00,1.29e3,41990,14.96,,1013,0.000,2563,465,0
2017/3/17,16:32:15,1.31e3,42820,14.95,,1012,0.000,2564,465,0
2017/3/17,16:32:30,1.44e3,46825,14.95,,1012,0.000,2556,451,0
2017/3/17,16:32:45,1.43e3,46704,14.95,,1012,0.000,2580,421,0
2017/3/17,16:33:00,1.29e3,42221,14.96,,1012,0.000,2580,441,0
2017/3/17,16:33:15,1.30e3,42293,14.96,,1012,0.000,2603,401,0
2017/3/17,16:33:30,1.30e3,42512,14.96,,1012,0.000,2576,428,0
2017/3/17,16:33:45,1.32e3,42937,14.95,,1012,0.000,2575,440,0
2017/3/17,16:34:00,1.31e3,42734,14.95,,1012,0.000,2564,452,0
2017/3/17,16:34:15,1.29e3,42074,14.96,,1012,0.000,2573,447,0
2017/3/17,16:34:30,1.28e3,41632,14.96,,1012,0.000,2574,451,0
2017/3/17,16:34:45,1.27e3,41296,14.96,,1013,0.000,2589,416,0
2017/3/17,16:35:00,1.28e3,41773,14.96,,1012,0.000,2592,430,0
2017/3/17,16:35:15,1.28e3,41890,14.96,,1012,0.000,2602,426,0
2017/3/17,16:35:30,1.28e3,41682,14.96,,1012,0.000,2567,455,0
2017/3/17,16:35:45,1.27e3,41502,14.96,,1013,0.000,2573,439,0
2017/3/17,16:36:00,1.27e3,41580,14.96,,1012,0.000,2562,466,0
2017/3/17,16:36:15,1.32e3,43177,14.95,,1013,0.000,2558,463,0
2017/3/17,16:36:30,2.14e3,69436,14.93,,1012,0.000,2574,443,0
2017/3/17,16:36:45,6.23e3,199948,14.8,,1012,0.000,2501,477,0
2017/3/17,16:37:00,2.81e4,841818,14.2,,1012,0.000,2326,500,0
2017/3/17,16:37:15,5.16e4,1439283,13.6,,1013,0.000,2164,551,0
2017/3/17,16:37:30,1.15e5,2989654,12.05,,1013,0.000,1837,510,0
2017/3/17,16:37:45,1.30e5,3304259,11.72,,1013,0.000,1777,523,0
2017/3/17,16:38:00,1.22e5,3124856,11.91,,1012,0.000,1812,516,0
2017/3/17,16:38:15,1.15e5,3011415,12.05,,1012,0.000,1822,498,0
2017/3/17,16:38:30,1.71e5,4016545,10.87,,1012,0.000,1724,515,0
2017/3/17,16:38:45,1.28e5,3272158,11.76,,1013,0.000,1804,478,0
2017/3/17,16:39:00,1.89e5,4288684,10.53,,1012,0.000,1722,511,0
2017/3/17,16:39:15,2.08e5,4577923,10.16,,1012,0.000,1678,511,0
2017/3/17,16:39:30,2.57e5,5152004,9.301,,1012,0.000,1571,513,0
2017/3/17,16:39:45,3.26e5,5763666,8.192,,1012,0.000,1511,539,0
2017/3/17,16:40:00,3.51e5,5930300,7.841,,1012,0.000,1480,543,0
2017/3/17,16:40:15,3.75e5,6078477,7.484,,1012,0.000,1472,539,0
2017/3/17,16:40:30,3.47e5,5888475,7.907,,1013,0.000,1437,518,0
2017/3/17,16:40:45,3.92e5,6155015,7.253,,1012,0.000,1437,551,0
2017/3/17,16:41:00,4.00e5,6189408,7.143,,1013,0.000,1444,541,0
2017/3/17,16:41:15,4.52e5,6369767,6.507,,1013,0.000,1409,570,0
2017/3/17,16:41:30,5.06e5,6452389,5.9,,1012,0.000,1412,592,0
2017/3/17,16:41:45,4.67e5,6401775,6.33,,1012,0.000,1394,573,0
2017/3/17,16:42:00,4.85e5,6428464,6.125,,1013,0.000,1411,583,0
2017/3/17,16:42:15,5.36e5,6483336,5.609,,1012,0.000,1363,571,0
2017/3/17,16:42:30,5.69e5,6498849,5.278,,1013,0.000,1358,571,0
2017/3/17,16:42:45,5.75e5,6496998,5.218,,1012,0.000,1381,570,0
2017/3/17,16:43:00,5.57e5,6498709,5.387,,1012,0.000,1384,576,0
2017/3/17,16:43:15,5.58e5,6505982,5.381,,1012,0.000,1372,566,0
2017/3/17,16:43:30,6.13e5,6482982,4.889,,1012,0.000,1353,595,0
2017/3/17,16:43:45,5.69e5,6494284,5.271,,1012,0.000,1340,567,0
2017/3/17,16:44:00,5.79e5,6498520,5.182,,1012,0.000,1375,585,0
2017/3/17,16:44:15,5.80e5,6500221,5.176,,1013,0.000,1365,595,0
2017/3/17,16:44:30,6.04e5,6492686,4.959,,1013,0.000,1367,589,0
2017/3/17,16:44:45,5.95e5,6496603,5.037,,1013,0.000,1359,584,0
2017/3/17,16:45:00,6.04e5,6491645,4.959,,1012,0.000,1364,606,0
2017/3/17,16:45:15,5.93e5,6507450,5.059,,1012,0.000,1429,616,0
2017/3/17,16:45:30,5.87e5,6502186,5.112,,1013,0.000,1324,588,0
2017/3/17,16:45:45,5.96e5,6491122,5.021,,1012,0.000,1398,590,0
2017/3/17,16:46:00,5.91e5,6497098,5.074,,1012,0.000,1352,577,0
2017/3/17,16:46:15,6.02e5,6501982,4.981,,1013,0.000,1361,592,0
2017/3/17,16:46:30,5.78e5,6495719,5.183,,1012,0.000,1359,557,0
2017/3/17,16:46:45,5.74e5,6504495,5.225,,1012,0.000,1384,587,0
2017/3/17,16:47:00,5.70e5,6503303,5.264,,1012,0.000,1372,568,0
2017/3/17,16:47:15,5.73e5,6502358,5.235,,1012,0.000,1367,578,0
2017/3/17,16:47:30,5.64e5,6508373,5.322,,1012,0.000,1367,598,0
2017/3/17,16:47:45,5.51e5,6507865,5.452,,1013,0.000,1333,559,0
2017/3/17,16:48:00,5.38e5,6498067,5.569,,1013,0.000,1381,579,0
2017/3/17,16:48:15,5.30e5,6499083,5.653,,1012,0.000,1398,571,0
2017/3/17,16:48:30,5.22e5,6479309,5.722,,1013,0.000,1390,589,0
2017/3/17,16:48:45,5.23e5,6482778,5.722,,1012,0.000,1379,583,0
2017/3/17,16:49:00,5.17e5,6480881,5.779,,1013,0.000,1401,599,0
2017/3/17,16:49:15,5.09e5,6473162,5.864,,1012,0.000,1387,588,0
2017/3/17,16:49:30,5.05e5,6469546,5.907,,1013,0.000,1317,563,0
2017/3/17,16:49:45,4.99e5,6457618,5.971,,1012,0.000,1423,556,0
2017/3/17,16:50:00,4.94e5,6452041,6.025,,1013,0.000,1384,566,0
2017/3/17,16:50:15,4.89e5,6450109,6.08,,1012,0.000,1385,539,0
2017/3/17,16:50:30,4.79e5,6428371,6.185,,1012,0.000,1392,571,0
2017/3/17,16:50:45,4.70e5,6411165,6.285,,1012,0.000,1411,570,0
2017/3/17,16:51:00,4.62e5,6394398,6.375,,1012,0.000,1441,585,0
2017/3/17,16:51:15,4.60e5,6391396,6.413,,1012,0.000,1406,546,0
2017/3/17,16:51:30,4.62e5,6392310,6.376,,1013,0.000,1409,551,0
2017/3/17,16:51:45,4.52e5,6369574,6.497,,1012,0.000,1418,559,0
2017/3/17,16:52:00,4.52e5,6365760,6.492,,1012,0.000,1412,567,0
2017/3/17,16:52:15,4.46e5,6357714,6.576,,1012,0.000,1439,555,0
2017/3/17,16:52:30,4.43e5,6351126,6.604,,1012,0.000,1428,571,0
2017/3/17,16:52:45,4.43e5,6347990,6.611,,1012,0.000,1431,573,0
2017/3/17,16:53:00,4.34e5,6325273,6.724,,1013,0.000,1446,577,0
2017/3/17,16:53:15,4.28e5,6308139,6.802,,1012,0.000,1431,565,0
2017/3/17,16:53:30,4.23e5,6286682,6.849,,1012,0.000,1429,565,0
2017/3/17,16:53:45,4.21e5,6279856,6.876,,1012,0.000,1430,538,0
2017/3/17,16:54:00,4.16e5,6263111,6.935,,1012,0.000,1424,563,0
2017/3/17,16:54:15,4.07e5,6231135,7.056,,1012,0.000,1439,532,0
2017/3/17,16:54:30,4.02e5,6208527,7.12,,1012,0.000,1446,551,0
2017/3/17,16:54:45,4.01e5,6204010,7.134,,1012,0.000,1445,541,0
2017/3/17,16:55:00,4.04e5,6216493,7.1,,1012,0.000,1458,557,0
2017/3/17,16:55:15,4.01e5,6206693,7.13,,1012,0.000,1456,561,0
2017/3/17,16:55:30,4.04e5,6216575,7.101,,1012,0.000,1411,534,0
2017/3/17,16:55:45,3.95e5,6176420,7.21,,1013,0.000,1466,532,0
2017/3/17,16:56:00,3.86e5,6139700,7.33,,1013,0.000,1459,579,0
2017/3/17,16:56:15,3.85e5,6135896,7.339,,1012,0.000,1408,517,0
2017/3/17,16:56:30,3.83e5,6123356,7.368,,1013,0.000,1457,546,0
2017/3/17,16:56:45,3.76e5,6086450,7.458,,1013,0.000,1447,561,0
2017/3/17,16:57:00,3.68e5,6043982,7.564,,1013,0.000,1468,556,0
2017/3/17,16:57:15,3.68e5,6048850,7.578,,1012,0.000,1475,550,0
2017/3/17,16:57:30,3.58e5,5958042,7.736,,1013,0.000,1485,589,0
2017/3/17,16:57:45,3.62e5,6012059,7.662,,1013,0.000,1490,540,0
2017/3/17,16:58:00,3.57e5,5987940,7.726,,1013,0.000,1491,562,0
2017/3/17,16:58:15,3.58e5,5996040,7.722,,1012,0.000,1479,539,0
2017/3/17,16:58:30,3.54e5,5968943,7.769,,1012,0.000,1453,511,0
2017/3/17,16:58:45,3.53e5,5966512,7.782,,1012,0.000,1472,546,0
2017/3/17,16:59:00,3.44e5,5910566,7.913,,1012,0.000,1481,534,0
2017/3/17,16:59:15,3.41e5,5889784,7.958,,1012,0.000,1499,540,0
2017/3/17,16:59:30,3.40e5,5880245,7.971,,1012,0.000,1478,576,0
2017/3/17,16:59:45,3.37e5,5863409,8.022,,1012,0.000,1503,541,0
2017/3/17,17:00:00,3.34e5,5843156,8.053,,1012,0.000,1445,549,0
2017/3/17,17:00:15,3.27e5,5796778,8.166,,1012,0.000,1484,538,0
2017/3/17,17:00:30,3.19e5,5736235,8.288,,1013,0.000,1490,511,0
2017/3/17,17:00:45,3.20e5,5743036,8.27,,1013,0.000,1484,523,0
2017/3/17,17:01:00,3.26e5,5784930,8.176,,1012,0.000,1479,524,0
2017/3/17,17:01:15,3.24e5,5776276,8.207,,1013,0.000,1516,540,0
2017/3/17,17:01:30,3.13e5,5692003,8.377,,1013,0.000,1530,554,0
2017/3/17,17:01:45,3.13e5,5692365,8.372,,1012,0.000,1514,584,0
2017/3/17,17:02:00,3.07e5,5642456,8.465,,1013,0.000,1517,561,0
2017/3/17,17:02:15,3.02e5,5599230,8.554,,1012,0.000,1491,523,0
2017/3/17,17:02:30,2.99e5,5570328,8.595,,1013,0.000,1541,539,0
2017/3/17,17:02:45,2.96e5,5549612,8.639,,1012,0.000,1540,523,0
2017/3/17,17:03:00,2.90e5,5495456,8.728,,1012,0.000,1547,511,0
2017/3/17,17:03:15,2.84e5,5441283,8.826,,1013,0.000,1578,544,0
2017/3/17,17:03:30,2.84e5,5441566,8.833,,1013,0.000,1551,506,0
2017/3/17,17:03:45,2.81e5,5416789,8.878,,1012,0.000,1510,524,0
2017/3/17,17:04:00,2.79e5,5393733,8.909,,1013,0.000,1558,545,0
2017/3/17,17:04:15,2.77e5,5384904,8.942,,1013,0.000,1528,510,0
2017/3/17,17:04:30,2.69e5,5301926,9.066,,1013,0.000,1578,538,0
2017/3/17,17:04:45,2.72e5,5328678,9.02,,1013,0.000,1544,520,0
2017/3/17,17:05:00,2.65e5,5258243,9.132,,1013,0.000,1573,528,0
2017/3/17,17:05:15,2.61e5,5214380,9.217,,1013,0.000,1583,516,0
2017/3/17,17:05:30,2.56e5,5166107,9.285,,1013,0.000,1541,557,0
2017/3/17,17:05:45,2.55e5,5151173,9.301,,1013,0.000,1595,527,0
2017/3/17,17:06:00,2.53e5,5134800,9.333,,1013,0.000,1547,534,0
2017/3/17,17:06:15,2.48e5,5085742,9.432,,1013,0.000,1560,535,0
2017/3/17,17:06:30,2.38e5,4963625,9.623,,1012,0.000,1640,538,0
2017/3/17,17:06:45,2.37e5,4951861,9.636,,1013,0.000,1610,521,0
2017/3/17,17:07:00,2.22e5,4772812,9.888,,1012,0.000,1602,540,0
2017/3/17,17:07:15,2.14e5,4660868,10.05,,1013,0.000,1612,518,0
2017/3/17,17:07:30,2.07e5,4566309,10.17,,1013,0.000,1661,504,0
2017/3/17,17:07:45,1.98e5,4443435,10.34,,1013,0.000,1645,523,0
2017/3/17,17:08:00,1.93e5,4365422,10.44,,1013,0.000,1669,538,0
2017/3/17,17:08:15,1.88e5,4304368,10.52,,1013,0.000,1690,488,0
2017/3/17,17:08:30,1.84e5,4244175,10.6,,1012,0.000,1651,539,0
2017/3/17,17:08:45,1.77e5,4130942,10.73,,1013,0.000,1701,488,0
2017/3/17,17:09:00,1.73e5,4059028,10.82,,1013,0.000,1734,510,0
2017/3/17,17:09:15,1.71e5,4032757,10.85,,1013,0.000,1729,509,0
2017/3/17,17:09:30,1.68e5,3976247,10.92,,1013,0.000,1719,512,0
2017/3/17,17:09:45,1.63e5,3904271,11.01,,1012,0.000,1724,479,0
2017/3/17,17:10:00,1.54e5,3752278,11.19,,1013,0.000,1749,498,0
2017/3/17,17:10:15,1.50e5,3674396,11.29,,1013,0.000,1763,476,0
2017/3/17,17:10:30,1.50e5,3672873,11.29,,1012,0.000,1750,528,0
2017/3/17,17:10:45,1.43e5,3550053,11.44,,1012,0.000,1771,498,0
2017/3/17,17:11:00,1.38e5,3459721,11.54,,1013,0.000,1788,496,0
2017/3/17,17:11:15,1.40e5,3509197,11.49,,1012,0.000,1770,483,0
2017/3/17,17:11:30,1.36e5,3419875,11.59,,1012,0.000,1796,510,0
2017/3/17,17:11:45,1.27e5,3262884,11.77,,1013,0.000,1801,518,0
2017/3/17,17:12:00,1.26e5,3241888,11.79,,1013,0.000,1785,523,0
2017/3/17,17:12:15,1.26e5,3227565,11.81,,1013,0.000,1807,501,0
2017/3/17,17:12:30,1.19e5,3099293,11.95,,1012,0.000,1829,491,0
2017/3/17,17:12:45,1.16e5,3027789,12.03,,1013,0.000,1848,479,0
2017/3/17,17:13:00,1.14e5,2997722,12.06,,1013,0.000,1827,517,0
2017/3/17,17:13:15,1.09e5,2890799,12.18,,1013,0.000,1846,504,0
2017/3/17,17:13:30,1.06e5,2837028,12.24,,1013,0.000,1817,529,0
2017/3/17,17:13:45,1.04e5,2786419,12.29,,1013,0.000,1853,535,0
2017/3/17,17:14:00,1.02e5,2739473,12.34,,1013,0.000,1865,507,0
2017/3/17,17:14:15,9.69e4,2619777,12.47,,1012,0.000,1889,469,0
2017/3/17,17:14:30,9.59e4,2597871,12.49,,1013,0.000,1890,504,0
2017/3/17,17:14:45,9.20e4,2507422,12.59,,1012,0.000,1879,491,0
2017/3/17,17:15:00,8.94e4,2452178,12.64,,1012,0.000,1896,495,0
2017/3/17,17:15:15,8.66e4,2387889,12.71,,1012,0.000,1915,487,0
2017/3/17,17:15:30,8.54e4,2360508,12.74,,1013,0.000,1949,490,0
2017/3/17,17:15:45,8.53e4,2356112,12.74,,1012,0.000,1909,498,0
2017/3/17,17:16:00,8.52e4,2352760,12.74,,1012,0.000,1900,521,0
2017/3/17,17:16:15,8.08e4,2250985,12.85,,1012,0.000,1901,534,0
2017/3/17,17:16:30,7.80e4,2184454,12.91,,1012,0.000,1955,496,0
2017/3/17,17:16:45,7.53e4,2119983,12.98,,1012,0.000,1955,500,0
2017/3/17,17:17:00,7.28e4,2058440,13.04,,1012,0.000,1967,480,0
2017/3/17,17:17:15,7.22e4,2043754,13.06,,1012,0.000,1958,491,0
2017/3/17,17:17:30,7.19e4,2037829,13.06,,1012,0.000,1979,513,0
2017/3/17,17:17:45,6.85e4,1952835,13.14,,1012,0.000,2006,505,0
2017/3/17,17:18:00,6.80e4,1939191,13.16,,1013,0.000,1981,506,0
2017/3/17,17:18:15,6.62e4,1896625,13.2,,1012,0.000,2023,502,0
2017/3/17,17:18:30,6.61e4,1893422,13.2,,1012,0.000,2010,517,0
2017/3/17,17:18:45,6.77e4,1931298,13.16,,1012,0.000,1994,500,0
2017/3/17,17:19:00,6.22e4,1794503,13.29,,1013,0.000,2054,509,0
2017/3/17,17:19:15,5.94e4,1723607,13.37,,1012,0.000,2037,502,0
2017/3/17,17:19:30,5.84e4,1695928,13.39,,1013,0.000,2048,511,0
2017/3/17,17:19:45,5.65e4,1646097,13.44,,1013,0.000,2080,509,0
2017/3/17,17:20:00,5.53e4,1616931,13.47,,1013,0.000,2058,534,0
2017/3/17,17:20:15,5.42e4,1587167,13.5,,1012,0.000,2060,520,0
2017/3/17,17:20:30,5.36e4,1571860,13.51,,1012,0.000,2086,520,0
2017/3/17,17:20:45,5.13e4,1509145,13.57,,1013,0.000,2067,533,0
2017/3/17,17:21:00,4.98e4,1468960,13.61,,1012,0.000,2127,524,0
2017/3/17,17:21:15,5.17e4,1521178,13.56,,1012,0.000,2126,512,0
2017/3/17,17:21:30,4.82e4,1426740,13.64,,1012,0.000,2130,554,0
2017/3/17,17:21:45,4.72e4,1400290,13.67,,1012,0.000,2122,541,0
2017/3/17,17:22:00,4.61e4,1369554,13.7,,1012,0.000,2164,515,0
2017/3/17,17:22:15,4.43e4,1322370,13.74,,1013,0.000,2194,501,0
2017/3/17,17:22:30,4.37e4,1303717,13.76,,1012,0.000,2210,498,0
2017/3/17,17:22:45,4.22e4,1263425,13.8,,1012,0.000,2176,513,0
2017/3/17,17:23:00,4.13e4,1239877,13.82,,1012,0.000,2187,528,0
2017/3/17,17:23:15,4.07e4,1223787,13.84,,1013,0.000,2171,562,0
2017/3/17,17:23:30,4.01e4,1205904,13.85,,1012,0.000,2207,532,0
2017/3/17,17:23:45,3.85e4,1161425,13.89,,1013,0.000,2227,511,0
2017/3/17,17:24:00,3.85e4,1161947,13.89,,1012,0.000,2220,526,0
2017/3/17,17:24:15,3.84e4,1159049,13.9,,1012,0.000,2219,544,0
2017/3/17,17:24:30,3.62e4,1095336,13.95,,1013,0.000,2236,523,0
2017/3/17,17:24:45,3.57e4,1082411,13.97,,1012,0.000,2226,523,0
2017/3/17,17:25:00,3.51e4,1066886,13.98,,1013,0.000,2235,526,0
2017/3/17,17:25:15,3.43e4,1041981,14.01,,1013,0.000,2222,538,0
2017/3/17,17:25:30,3.39e4,1030214,14.02,,1013,0.000,2248,548,0
2017/3/17,17:25:45,3.25e4,992524,14.05,,1013,0.000,2253,523,0
2017/3/17,17:26:00,3.19e4,975067,14.07,,1013,0.000,2242,535,0
2017/3/17,17:26:15,3.13e4,957602,14.09,,1012,0.000,2243,531,0
2017/3/17,17:26:30,3.22e4,982526,14.06,,1013,0.000,2265,528,0
2017/3/17,17:26:45,3.11e4,951237,14.09,,1013,0.000,2299,490,0
2017/3/17,17:27:00,3.00e4,920742,14.12,,1013,0.000,2277,518,0
2017/3/17,17:27:15,2.86e4,878732,14.16,,1013,0.000,2299,506,0
2017/3/17,17:27:30,2.88e4,884878,14.15,,1013,0.000,2235,563,0
2017/3/17,17:27:45,2.75e4,847764,14.19,,1013,0.000,2287,522,0
2017/3/17,17:28:00,2.76e4,850584,14.18,,1013,0.000,2290,527,0
2017/3/17,17:28:15,2.64e4,815122,14.22,,1013,0.000,2274,533,0
2017/3/17,17:28:30,2.57e4,793548,14.24,,1013,0.000,2288,550,0
2017/3/17,17:28:45,2.55e4,790328,14.24,,1013,0.000,2316,500,0
2017/3/17,17:29:00,2.50e4,773267,14.26,,1013,0.000,2333,524,0
2017/3/17,17:29:15,2.52e4,780759,14.25,,1013,0.000,2313,526,0
2017/3/17,17:29:30,2.40e4,744350,14.28,,1013,0.000,2349,480,0
2017/3/17,17:29:45,2.44e4,756740,14.27,,1012,0.000,2343,522,0
2017/3/17,17:30:00,2.34e4,726453,14.3,,1013,0.000,2327,529,0
2017/3/17,17:30:15,2.33e4,724729,14.3,,1013,0.000,2314,515,0
2017/3/17,17:30:30,2.25e4,700261,14.32,,1013,0.000,2333,512,0
2017/3/17,17:30:45,2.18e4,680872,14.34,,1012,0.000,2352,515,0
2017/3/17,17:31:00,2.16e4,673931,14.35,,1013,0.000,2360,517,0
2017/3/17,17:31:15,2.06e4,644908,14.38,,1013,0.000,2363,515,0
2017/3/17,17:31:30,2.05e4,640136,14.38,,1013,0.000,2376,515,0
2017/3/17,17:31:45,1.99e4,622700,14.4,,1013,0.000,2360,524,0
2017/3/17,17:32:00,1.95e4,610329,14.41,,1013,0.000,2346,540,0
2017/3/17,17:32:15,1.90e4,595043,14.42,,1013,0.000,2363,512,0
2017/3/17,17:32:30,1.90e4,595360,14.42,,1013,0.000,2391,509,0
2017/3/17,17:32:45,1.84e4,578152,14.44,,1013,0.000,2387,507,0
2017/3/17,17:33:00,1.82e4,571302,14.44,,1013,0.000,2395,515,0
2017/3/17,17:33:15,1.80e4,565565,14.45,,1013,0.000,2403,479,0
2017/3/17,17:33:30,1.81e4,568466,14.45,,1013,0.000,2358,507,0
2017/3/17,17:33:45,1.73e4,544971,14.47,,1013,0.000,2413,488,0
2017/3/17,17:34:00,1.65e4,519917,14.49,,1013,0.000,2395,510,0
2017/3/17,17:34:15,1.61e4,509203,14.5,,1013,0.000,2399,499,0
2017/3/17,17:34:30,1.60e4,504389,14.51,,1013,0.000,2412,510,0
2017/3/17,17:34:45,1.58e4,498031,14.51,,1013,0.000,2407,500,0
2017/3/17,17:35:00,1.56e4,493289,14.52,,1013,0.000,2387,518,0
2017/3/17,17:35:15,1.52e4,480692,14.53,,1013,0.000,2408,518,0
2017/3/17,17:35:30,1.43e4,454157,14.56,,1013,0.000,2435,478,0
2017/3/17,17:35:45,1.44e4,457488,14.55,,1013,0.000,2420,512,0
2017/3/17,17:36:00,1.39e4,441027,14.57,,1013,0.000,2431,507,0
2017/3/17,17:36:15,1.37e4,435535,14.57,,1013,0.000,2430,490,0
2017/3/17,17:36:30,1.35e4,429636,14.58,,1013,0.000,2463,473,0
2017/3/17,17:36:45,1.33e4,423488,14.58,,1013,0.000,2451,465,0
2017/3/17,17:37:00,1.30e4,414226,14.59,,1013,0.000,2409,535,0
2017/3/17,17:37:15,1.28e4,407606,14.6,,1013,0.000,2448,479,0
2017/3/17,17:37:30,1.24e4,394939,14.61,,1013,0.000,2451,488,0
2017/3/17,17:37:45,1.23e4,392587,14.61,,1013,0.000,2436,506,0
2017/3/17,17:38:00,1.21e4,385775,14.62,,1013,0.000,2467,493,0
2017/3/17,17:38:15,1.20e4,381598,14.62,,1013,0.000,2446,496,0
2017/3/17,17:38:30,1.17e4,374187,14.63,,1013,0.000,2481,456,0
2017/3/17,17:38:45,1.15e4,366549,14.64,,1013,0.000,2456,489,0
2017/3/17,17:39:00,1.16e4,369798,14.64,,1013,0.000,2457,487,0
2017/3/17,17:39:15,1.12e4,357109,14.65,,1013,0.000,2441,499,0
2017/3/17,17:39:30,1.06e4,338500,14.67,,1013,0.000,2451,489,0
2017/3/17,17:39:45,1.05e4,334569,14.67,,1013,0.000,2470,483,0
2017/3/17,17:40:00,1.03e4,328692,14.67,,1013,0.000,2436,513,0
2017/3/17,17:40:15,1.01e4,323012,14.68,,1013,0.000,2460,510,0
2017/3/17,17:40:30,1.01e4,323257,14.68,,1013,0.000,2421,527,0
2017/3/17,17:40:45,1.04e4,332715,14.67,,1013,0.000,2438,507,0
2017/3/17,17:41:00,9.72e3,309905,14.69,,1013,0.000,2475,458,0
2017/3/17,17:41:15,9.60e3,306332,14.7,,1013,0.000,2464,493,0
2017/3/17,17:41:30,9.20e3,293781,14.71,,1013,0.000,2478,477,0
2017/3/17,17:41:45,9.43e3,301053,14.7,,1013,0.000,2437,528,0
2017/3/17,17:42:00,9.18e3,293267,14.71,,1013,0.000,2458,502,0
2017/3/17,17:42:15,8.91e3,284639,14.72,,1013,0.000,2464,500,0
2017/3/17,17:42:30,8.90e3,284411,14.72,,1013,0.000,2486,474,0
2017/3/17,17:42:45,8.50e3,271824,14.73,,1013,0.000,2503,452,0
2017/3/17,17:43:00,8.49e3,271509,14.73,,1013,0.000,2485,501,0
2017/3/17,17:43:15,8.13e3,260342,14.74,,1013,0.000,2510,480,0
2017/3/17,17:43:30,8.07e3,258328,14.74,,1013,0.000,2509,471,0
2017/3/17,17:43:45,7.74e3,247862,14.75,,1013,0.000,2486,496,0
2017/3/17,17:44:00,7.67e3,245946,14.75,,1013,0.000,2491,491,0
2017/3/17,17:44:15,7.84e3,251268,14.75,,1013,0.000,2467,494,0
2017/3/17,17:44:30,7.48e3,239695,14.76,,1013,0.000,2500,487,0
2017/3/17,17:44:45,7.36e3,236163,14.76,,1013,0.000,2510,465,0
2017/3/17,17:45:00,7.15e3,229317,14.77,,1013,0.000,2471,496,0
2017/3/17,17:45:15,7.09e3,227423,14.77,,1013,0.000,2481,504,0
2017/3/17,17:45:30,6.88e3,220971,14.78,,1013,0.000,2504,480,0
2017/3/17,17:45:45,6.80e3,218305,14.78,,1013,0.000,2537,440,0
2017/3/17,17:46:00,6.79e3,218000,14.78,,1013,0.000,2491,496,0
2017/3/17,17:46:15,6.60e3,212176,14.79,,1013,0.000,2485,511,0
2017/3/17,17:46:30,6.60e3,212044,14.79,,1013,0.000,2502,498,0
2017/3/17,17:46:45,6.43e3,206744,14.79,,1013,0.000,2515,474,0
2017/3/17,17:47:00,6.28e3,202022,14.8,,1013,0.000,2491,488,0
2017/3/17,17:47:15,6.15e3,197760,14.8,,1013,0.000,2498,489,0
2017/3/17,17:47:30,6.06e3,194908,14.8,,1013,0.000,2529,455,0
2017/3/17,17:47:45,6.12e3,196814,14.8,,1013,0.000,2514,473,0
2017/3/17,17:48:00,5.75e3,185285,14.81,,1013,0.000,2486,485,0
2017/3/17,17:48:15,5.86e3,188714,14.81,,1013,0.000,2509,471,0
2017/3/17,17:48:30,5.71e3,183839,14.81,,1013,0.000,2506,506,0
2017/3/17,17:48:45,5.41e3,174398,14.82,,1013,0.000,2502,501,0
2017/3/17,17:49:00,5.32e3,171568,14.83,,1013,0.000,2542,443,0
2017/3/17,17:49:15,5.32e3,171346,14.83,,1013,0.000,2535,441,0
2017/3/17,17:49:30,5.19e3,167310,14.83,,1013,0.000,2523,484,0
2017/3/17,17:49:45,5.37e3,173007,14.83,,1013,0.000,2493,500,0
2017/3/17,17:50:00,5.06e3,163119,14.83,,1013,0.000,2532,474,0
2017/3/17,17:50:15,4.98e3,160562,14.84,,1013,0.000,2521,469,0
2017/3/17,17:50:30,4.83e3,155909,14.84,,1013,0.000,2557,424,0
2017/3/17,17:50:45,4.73e3,152692,14.84,,1013,0.000,2508,479,0
2017/3/17,17:51:00,4.62e3,149083,14.85,,1013,0.000,2530,465,0
2017/3/17,17:51:15,4.57e3,147645,14.85,,1013,0.000,2540,441,0
2017/3/17,17:51:30,4.49e3,144959,14.85,,1013,0.000,2521,473,0
2017/3/17,17:51:45,4.53e3,146472,14.85,,1013,0.000,2558,428,0
2017/3/17,17:52:00,4.46e3,144183,14.85,,1013,0.000,2504,496,0
2017/3/17,17:52:15,4.37e3,141129,14.86,,1013,0.000,2543,433,0
2017/3/17,17:52:30,4.27e3,138041,14.86,,1013,0.000,2552,445,0
2017/3/17,17:52:45,4.09e3,132234,14.87,,1013,0.000,2529,468,0
2017/3/17,17:53:00,4.03e3,130480,14.87,,1013,0.000,2526,478,0
2017/3/17,17:53:15,4.00e3,129312,14.87,,1013,0.000,2561,447,0
2017/3/17,17:53:30,4.06e3,131259,14.87,,1013,0.000,2532,468,0
2017/3/17,17:53:45,3.90e3,126113,14.87,,1013,0.000,2558,444,0
2017/3/17,17:54:00,3.84e3,124161,14.87,,1013,0.000,2546,449,0
2017/3/17,17:54:15,3.81e3,123238,14.87,,1013,0.000,2515,484,0
2017/3/17,17:54:30,3.67e3,118910,14.88,,1013,0.000,2518,484,0
2017/3/17,17:54:45,3.68e3,119116,14.88,,1013,0.000,2532,469,0
2017/3/17,17:55:00,3.60e3,116653,14.88,,1013,0.000,2545,460,0
2017/3/17,17:55:15,3.52e3,113905,14.88,,1013,0.000,2504,507,0
2017/3/17,17:55:30,3.48e3,112644,14.88,,1013,0.000,2545,461,0
2017/3/17,17:55:45,3.41e3,110346,14.89,,1013,0.000,2562,432,0
2017/3/17,17:56:00,3.39e3,109764,14.89,,1013,0.000,2526,480,0
2017/3/17,17:56:15,3.34e3,108375,14.89,,1013,0.000,2534,467,0
2017/3/17,17:56:30,3.33e3,108075,14.89,,1013,0.000,2574,428,0
2017/3/17,17:56:45,3.25e3,105488,14.89,,1013,0.000,2531,465,0
2017/3/17,17:57:00,3.19e3,103592,14.89,,1013,0.000,2515,471,0
2017/3/17,17:57:15,3.08e3,100128,14.9,,1013,0.000,2547,449,0
2017/3/17,17:57:30,3.04e3,98843,14.9,,1013,0.000,2562,456,0
2017/3/17,17:57:45,2.97e3,96477,14.9,,1013,0.000,2536,458,0
2017/3/17,17:58:00,2.93e3,95288,14.9,,1013,0.000,2559,445,0
2017/3/17,17:58:15,2.90e3,94271,14.9,,1013,0.000,2540,450,0
2017/3/17,17:58:30,2.92e3,94999,14.9,,1013,0.000,2552,443,0
2017/3/17,17:58:45,2.76e3,89909,14.91,,1013,0.000,2546,487,0
2017/3/17,17:59:00,2.82e3,91700,14.91,,1013,0.000,2515,499,0
2017/3/17,17:59:15,2.81e3,91573,14.91,,1013,0.000,2559,427,0
2017/3/17,17:59:30,2.79e3,90709,14.91,,1013,0.000,2561,446,0
2017/3/17,17:59:45,2.67e3,86930,14.91,,1013,0.000,2543,456,0
2017/3/17,18:00:00,2.58e3,84120,14.91,,1013,0.000,2551,455,0
2017/3/17,18:00:15,2.52e3,82170,14.92,,1013,0.000,2520,485,0
2017/3/17,18:00:30,2.50e3,81426,14.92,,1013,0.000,2561,435,0
2017/3/17,18:00:45,2.53e3,82256,14.92,,1013,0.000,2550,457,0
2017/3/17,18:01:00,2.45e3,79696,14.92,,1013,0.000,2534,474,0
2017/3/17,18:01:15,2.41e3,78599,14.92,,1013,0.000,2543,479,0
2017/3/17,18:01:30,2.37e3,77046,14.92,,1013,0.000,2561,446,0
2017/3/17,18:01:45,2.33e3,75827,14.92,,1013,0.000,2542,468,0
2017/3/17,18:02:00,2.30e3,74973,14.92,,1013,0.000,2534,463,0
2017/3/17,18:02:15,2.27e3,73984,14.92,,1013,0.000,2536,472,0
2017/3/17,18:02:30,2.24e3,72887,14.92,,1013,0.000,2528,458,0
2017/3/17,18:02:45,2.20e3,71529,14.93,,1013,0.000,2562,456,0
2017/3/17,18:03:00,2.17e3,70704,14.93,,1013,0.000,2563,463,0
2017/3/17,18:03:15,2.12e3,69166,14.93,,1013,0.000,2535,467,0
2017/3/17,18:03:30,2.10e3,68565,14.93,,1013,0.000,2539,487,0
2017/3/17,18:03:45,2.06e3,67011,14.93,,1013,0.000,2543,485,0
2017/3/17,18:04:00,2.05e3,66882,14.93,,1013,0.000,2572,422,0
2017/3/17,18:04:15,2.00e3,65130,14.93,,1013,0.000,2552,484,0
2017/3/17,18:04:30,1.99e3,64958,14.93,,1013,0.000,2541,477,0
2017/3/17,18:04:45,1.95e3,63435,14.93,,1013,0.000,2565,454,0
2017/3/17,18:05:00,1.93e3,62856,14.93,,1013,0.000,2552,484,0
2017/3/17,18:05:15,1.90e3,61927,14.94,,1013,0.000,2564,447,0
2017/3/17,18:05:30,1.85e3,60331,14.94,,1013,0.000,2547,491,0
2017/3/17,18:05:45,1.84e3,59843,14.94,,1013,0.000,2537,502,0
2017/3/17,18:06:00,1.79e3,58383,14.94,,1013,0.000,2554,451,0
2017/3/17,18:06:15,1.77e3,57745,14.94,,1013,0.000,2557,460,0
2017/3/17,18:06:30,1.76e3,57495,14.94,,1013,0.000,2547,469,0
2017/3/17,18:06:45,1.72e3,56119,14.94,,1013,0.000,2574,449,0
2017/3/17,18:07:00,1.72e3,55940,14.94,,1013,0.000,2539,479,0
2017/3/17,18:07:15,1.68e3,54668,14.94,,1013,0.000,2564,461,0
2017/3/17,18:07:30,1.67e3,54370,14.94,,1013,0.000,2580,447,0
2017/3/17,18:07:45,1.61e3,52606,14.95,,1013,0.000,2550,466,0
2017/3/17,18:08:00,1.61e3,52536,14.95,,1013,0.000,2589,422,0
2017/3/17,18:08:15,1.61e3,52404,14.95,,1013,0.000,2567,455,0
2017/3/17,18:08:30,1.57e3,51112,14.95,,1013,0.000,2531,483,0
2017/3/17,18:08:45,1.51e3,49324,14.95,,1013,0.000,2531,474,0
2017/3/17,18:09:00,1.52e3,49462,14.95,,1013,0.000,2559,461,0
2017/3/17,18:09:15,1.49e3,48433,14.95,,1013,0.000,2552,485,0
2017/3/17,18:09:30,1.47e3,47979,14.95,,1013,0.000,2541,489,0
2017/3/17,18:09:45,1.45e3,47176,14.95,,1013,0.000,2541,473,0
2017/3/17,18:10:00,1.44e3,46868,14.95,,1013,0.000,2559,458,0
2017/3/17,18:10:15,1.47e3,47883,14.95,,1013,0.000,2575,444,0
2017/3/17,18:10:30,1.40e3,45543,14.95,,1013,0.000,2569,454,0
2017/3/17,18:10:45,1.37e3,44657,14.95,,1013,0.000,2578,447,0
2017/3/17,18:11:00,1.36e3,44407,14.95,,1013,0.000,2569,457,0
2017/3/17,18:11:15,1.33e3,43230,14.95,,1013,0.000,2556,452,0
2017/3/17,18:11:30,1.31e3,42678,14.95,,1013,0.000,2539,476,0
2017/3/17,18:11:45,1.32e3,42972,14.95,,1013,0.000,2556,471,0
2017/3/17,18:12:00,1.28e3,41803,14.96,,1013,0.000,2535,487,0
2017/3/17,18:12:15,1.28e3,41790,14.96,,1013,0.000,2537,476,0
2017/3/17,18:12:30,1.29e3,41948,14.96,,1013,0.000,2575,437,0
2017/3/17,18:12:45,1.26e3,41209,14.96,,1013,0.000,2570,461,0
2017/3/17,18:13:00,1.23e3,40046,14.96,,1013,0.000,2535,482,0
2017/3/17,18:13:15,1.21e3,39649,14.96,,1013,0.000,2585,443,0
2017/3/17,18:13:30,1.20e3,39320,14.96,,1013,0.000,2563,452,0
2017/3/17,18:13:45,1.20e3,39191,14.96,,1013,0.000,2525,504,0
2017/3/17,18:14:00,1.17e3,38117,14.96,,1013,0.000,2539,469,0
2017/3/17,18:14:15,1.13e3,36905,14.96,,1013,0.000,2540,496,0
2017/3/17,18:14:30,1.12e3,36468,14.96,,1013,0.000,2548,500,0
2017/3/17,18:14:45,1.12e3,36667,14.96,,1013,0.000,2567,451,0
2017/3/17,18:15:00,1.11e3,36255,14.96,,1013,0.000,2564,450,0
2017/3/17,18:15:15,1.09e3,35425,14.96,,1013,0.000,2598,433,0
2017/3/17,18:15:30,1.07e3,34890,14.96,,1013,0.000,2615,395,0
2017/3/17,18:15:45,1.06e3,34510,14.96,,1013,0.000,2563,484,0
2017/3/17,18:16:00,1.04e3,33981,14.96,,1013,0.000,2553,460,0
2017/3/17,18:16:15,1.04e3,33855,14.96,,1013,0.000,2586,441,0
2017/3/17,18:16:30,1.03e3,33540,14.96,,1013,0.000,2579,434,0
2017/3/17,18:16:45,1.00e3,32654,14.97,,1013,0.000,2576,443,0
2017/3/17,18:17:00,1.00e3,32804,14.96,,1013,0.000,2591,430,0
2017/3/17,18:17:15,974,31676,14.97,,1013,0.000,2574,462,0
2017/3/17,18:17:30,963,31316,14.97,,1013,0.000,2573,445,0
2017/3/17,18:17:45,956,31083,14.97,,1013,0.000,2584,440,0
2017/3/17,18:18:00,950,30899,14.97,,1013,0.000,2597,416,0
2017/3/17,18:18:15,945,30731,14.97,,1013,0.000,2574,461,0
2017/3/17,18:18:30,920,29924,14.97,,1013,0.000,2600,423,0
2017/3/17,18:18:45,917,29826,14.97,,1013,0.000,2578,461,0
2017/3/17,18:19:00,911,29632,14.97,,1013,0.000,2563,480,0
2017/3/17,18:19:15,884,28754,14.97,,1013,0.000,2590,422,0
2017/3/17,18:19:30,868,28240,14.97,,1013,0.000,2596,438,0
2017/3/17,18:19:45,867,28199,14.97,,1013,0.000,2601,412,0
2017/3/17,18:20:00,864,28089,14.97,,1013,0.000,2583,434,0
2017/3/17,18:20:15,853,27728,14.97,,1013,0.000,2593,429,0
2017/3/17,18:20:30,842,27376,14.97,,1013,0.000,2579,452,0
2017/3/17,18:20:45,844,27430,14.97,,1013,0.000,2591,426,0
2017/3/17,18:21:00,849,27617,14.97,,1013,0.000,2596,411,0
