TSI CPC DATA VERSION 3
1490883868,2017/3/30,14:24:28
15
1.08,130
Model 3783 Ver 1.27 S/N 3783111302
"Date","Time","Concentration","Count"," Live-Time","Blank","Abs Press"," Analog In","Pulse Height"," Pulse STD","Status Flags"
2017/3/30,14:24:21,6.17e3,128143,9.565,,1015,0.000,2543,472,0
2017/3/30,14:24:30,6.09e3,195754,14.79,,1014,0.000,2565,447,0
2017/3/30,14:24:45,6.04e3,194199,14.79,,1015,0.000,2567,450,0
2017/3/30,14:25:00,6.17e3,198379,14.79,,1015,0.000,2580,429,0
2017/3/30,14:25:15,6.23e3,200100,14.79,,1014,0.000,2563,428,0
2017/3/30,14:25:30,5.93e3,190793,14.79,,1015,0.000,2572,439,0
2017/3/30,14:25:45,6.01e3,193089,14.79,,1015,0.000,2586,415,0
2017/3/30,14:26:00,5.92e3,190280,14.8,,1015,0.000,2543,455,0
2017/3/30,14:26:15,6.05e3,194564,14.79,,1015,0.000,2568,426,0
2017/3/30,14:26:30,5.93e3,190501,14.8,,1015,0.000,2574,440,0
2017/3/30,14:26:45,5.87e3,188633,14.8,,1015,0.000,2572,449,0
2017/3/30,14:27:00,5.75e3,184866,14.8,,1015,0.000,2553,447,0
2017/3/30,14:27:15,5.60e3,180099,14.81,,1015,0.000,2597,406,0
2017/3/30,14:27:30,5.64e3,181511,14.8,,1015,0.000,2575,422,0
2017/3/30,14:27:45,5.63e3,181097,14.81,,1015,0.000,2572,430,0
2017/3/30,14:28:00,5.27e3,169746,14.82,,1015,0.000,2604,404,0
2017/3/30,14:28:15,5.56e3,178938,14.81,,1015,0.000,2547,468,0
2017/3/30,14:28:30,5.51e3,177487,14.81,,1015,0.000,2572,443,0
2017/3/30,14:28:45,5.49e3,176761,14.81,,1015,0.000,2587,445,0
2017/3/30,14:29:00,5.44e3,175291,14.81,,1015,0.000,2572,439,0
2017/3/30,14:29:15,5.36e3,172495,14.81,,1015,0.000,2552,461,0
2017/3/30,14:29:30,5.31e3,170969,14.82,,1014,0.000,2559,460,0
2017/3/30,14:29:45,5.24e3,168941,14.82,,1015,0.000,2568,440,0
2017/3/30,14:30:00,5.32e3,171387,14.82,,1015,0.000,2536,468,0
2017/3/30,14:30:15,5.30e3,170836,14.82,,1014,0.000,2557,439,0
2017/3/30,14:30:30,5.28e3,169937,14.82,,1015,0.000,2540,469,0
2017/3/30,14:30:45,1.08e4,340508,14.65,,1014,0.000,2524,455,0
2017/3/30,14:31:00,2.69e4,827643,14.17,,1014,0.000,2344,451,0
2017/3/30,14:31:15,3.51e4,1061518,13.94,,1015,0.000,2301,427,0
2017/3/30,14:31:30,5.43e4,1577461,13.44,,1014,0.000,2144,417,0
2017/3/30,14:31:45,5.97e4,1718943,13.3,,1015,0.000,2113,435,0
2017/3/30,14:32:00,6.93e4,1924045,13.08,,1015,0.000,2098,478,0
2017/3/30,14:32:15,9.64e4,2578686,12.41,,1014,0.000,1931,441,0
2017/3/30,14:32:30,1.19e5,3060575,11.86,,1015,0.000,1878,450,0
2017/3/30,14:32:45,1.19e5,3061461,11.87,,1014,0.000,1884,445,0
2017/3/30,14:33:00,1.26e5,3126367,11.75,,1014,0.000,1879,490,0
2017/3/30,14:33:15,1.72e5,3990651,10.74,,1015,0.000,1765,466,0
2017/3/30,14:33:30,1.86e5,4208116,10.45,,1015,0.000,1729,494,0
2017/3/30,14:33:45,1.53e5,3691924,11.12,,1014,0.000,1804,450,0
2017/3/30,14:34:00,1.37e5,3414412,11.46,,1014,0.000,1816,471,0
2017/3/30,14:34:15,1.32e5,3321768,11.58,,1015,0.000,1849,438,0
2017/3/30,14:34:30,1.51e5,3655945,11.17,,1015,0.000,1794,478,0
2017/3/30,14:34:45,1.71e5,3990775,10.75,,1014,0.000,1737,469,0
2017/3/30,14:35:00,1.62e5,3839193,10.94,,1014,0.000,1828,472,0
2017/3/30,14:35:15,1.66e5,3914406,10.85,,1015,0.000,1746,468,0
2017/3/30,14:35:30,1.74e5,4028321,10.69,,1014,0.000,1756,489,0
2017/3/30,14:35:45,1.71e5,3982651,10.75,,1015,0.000,1750,501,0
2017/3/30,14:36:00,2.03e5,4445935,10.12,,1014,0.000,1694,506,0
2017/3/30,14:36:15,2.13e5,4570794,9.935,,1014,0.000,1694,485,0
2017/3/30,14:36:30,2.39e5,4886178,9.447,,1015,0.000,1628,510,0
2017/3/30,14:36:45,2.22e5,4687413,9.767,,1015,0.000,1655,527,0
2017/3/30,14:37:00,2.32e5,4808518,9.571,,1015,0.000,1636,515,0
2017/3/30,14:37:15,2.43e5,4934680,9.372,,1014,0.000,1668,521,0
2017/3/30,14:37:30,2.76e5,5262204,8.81,,1014,0.000,1607,516,0
2017/3/30,14:37:45,2.77e5,5267443,8.782,,1014,0.000,1602,515,0
2017/3/30,14:38:00,2.76e5,5258850,8.798,,1014,0.000,1564,507,0
2017/3/30,14:38:15,2.89e5,5379412,8.574,,1014,0.000,1590,535,0
2017/3/30,14:38:30,2.96e5,5425158,8.458,,1014,0.000,1566,539,0
2017/3/30,14:38:45,3.16e5,5584552,8.15,,1014,0.000,1561,572,0
2017/3/30,14:39:00,3.16e5,5590155,8.164,,1014,0.000,1556,545,0
2017/3/30,14:39:15,3.41e5,5750377,7.779,,1014,0.000,1534,568,0
2017/3/30,14:39:30,3.33e5,5697450,7.897,,1015,0.000,1569,562,0
2017/3/30,14:39:45,3.53e5,5811343,7.6,,1015,0.000,1510,545,0
2017/3/30,14:40:00,3.55e5,5824138,7.564,,1015,0.000,1534,568,0
2017/3/30,14:40:15,3.63e5,5875366,7.456,,1014,0.000,1550,578,0
2017/3/30,14:40:30,3.84e5,5971768,7.173,,1014,0.000,1520,573,0
2017/3/30,14:40:45,4.08e5,6067253,6.859,,1014,0.000,1431,577,0
2017/3/30,14:41:00,4.20e5,6104441,6.701,,1015,0.000,1484,565,0
2017/3/30,14:41:15,4.32e5,6138960,6.547,,1014,0.000,1483,577,0
2017/3/30,14:41:30,4.44e5,6173713,6.415,,1015,0.000,1470,600,0
2017/3/30,14:41:45,4.63e5,6198154,6.177,,1014,0.000,1461,570,0
2017/3/30,14:42:00,4.68e5,6215897,6.124,,1015,0.000,1427,589,0
2017/3/30,14:42:15,4.70e5,6221864,6.109,,1014,0.000,1464,587,0
2017/3/30,14:42:30,4.86e5,6241204,5.923,,1014,0.000,1442,572,0
2017/3/30,14:42:45,4.94e5,6252981,5.844,,1014,0.000,1409,560,0
2017/3/30,14:43:00,5.43e5,6274780,5.342,,1014,0.000,1420,574,0
2017/3/30,14:43:15,5.59e5,6283666,5.187,,1014,0.000,1434,596,0
2017/3/30,14:43:30,5.33e5,6269886,5.432,,1014,0.000,1412,606,0
2017/3/30,14:43:45,5.18e5,6268939,5.587,,1014,0.000,1383,571,0
2017/3/30,14:44:00,4.97e5,6249697,5.806,,1014,0.000,1425,594,0
2017/3/30,14:44:15,5.06e5,6261450,5.714,,1014,0.000,1466,629,0
2017/3/30,14:44:30,5.15e5,6259623,5.614,,1014,0.000,1417,579,0
2017/3/30,14:44:45,5.36e5,6271091,5.396,,1014,0.000,1441,593,0
2017/3/30,14:45:00,5.43e5,6272768,5.327,,1014,0.000,1441,607,0
2017/3/30,14:45:15,5.50e5,6281074,5.268,,1014,0.000,1423,632,0
2017/3/30,14:45:30,5.45e5,6274300,5.313,,1014,0.000,1425,607,0
2017/3/30,14:45:45,5.70e5,6273129,5.082,,1014,0.000,1422,610,0
2017/3/30,14:46:00,5.67e5,6276954,5.109,,1014,0.000,1428,593,0
2017/3/30,14:46:15,5.52e5,6287292,5.254,,1014,0.000,1413,581,0
2017/3/30,14:46:30,5.69e5,6275166,5.093,,1014,0.000,1453,611,0
2017/3/30,14:46:45,5.91e5,6266363,4.897,,1014,0.000,1375,601,0
2017/3/30,14:47:00,5.71e5,6277729,5.072,,1014,0.000,1406,621,0
2017/3/30,14:47:15,5.71e5,6290122,5.082,,1014,0.000,1430,623,0
2017/3/30,14:47:30,5.63e5,6280947,5.15,,1014,0.000,1398,610,0
2017/3/30,14:47:45,5.62e5,6283301,5.159,,1014,0.000,1444,607,0
2017/3/30,14:48:00,5.95e5,6263298,4.87,,1014,0.000,1391,604,0
2017/3/30,14:48:15,5.83e5,6270704,4.979,,1014,0.000,1440,629,0
2017/3/30,14:48:30,5.70e5,6280174,5.087,,1014,0.000,1379,620,0
2017/3/30,14:48:45,5.40e5,6278898,5.37,,1014,0.000,1419,577,0
2017/3/30,14:49:00,5.42e5,6280940,5.348,,1014,0.000,1431,599,0
2017/3/30,14:49:15,5.39e5,6286382,5.386,,1014,0.000,1418,615,0
2017/3/30,14:49:30,5.34e5,6274503,5.424,,1014,0.000,1403,592,0
2017/3/30,14:49:45,5.36e5,6281952,5.407,,1014,0.000,1436,601,0
2017/3/30,14:50:00,5.54e5,6278182,5.232,,1014,0.000,1375,579,0
2017/3/30,14:50:15,5.67e5,6279379,5.126,,1014,0.000,1394,614,0
2017/3/30,14:50:30,5.60e5,6282999,5.179,,1014,0.000,1446,609,0
2017/3/30,14:50:45,5.56e5,6283334,5.209,,1014,0.000,1474,609,0
2017/3/30,14:51:00,5.50e5,6282110,5.272,,1014,0.000,1414,577,0
2017/3/30,14:51:15,5.38e5,6295911,5.399,,1014,0.000,1428,579,0
2017/3/30,14:51:30,5.36e5,6280842,5.402,,1014,0.000,1408,585,0
2017/3/30,14:51:45,5.30e5,6282136,5.469,,1014,0.000,1400,600,0
2017/3/30,14:52:00,5.32e5,6277257,5.445,,1014,0.000,1383,603,0
2017/3/30,14:52:15,5.25e5,6285524,5.523,,1014,0.000,1463,606,0
2017/3/30,14:52:30,5.11e5,6247653,5.721,,1014,0.000,1419,615,0
2017/3/30,14:52:45,5.04e5,6263827,5.728,,1014,0.000,1423,598,0
2017/3/30,14:53:00,5.03e5,6258686,5.74,,1014,0.000,1435,605,0
2017/3/30,14:53:15,5.26e5,6284747,5.517,,1014,0.000,1424,605,0
2017/3/30,14:53:30,5.27e5,6284009,5.499,,1014,0.000,1446,620,0
2017/3/30,14:53:45,5.28e5,6280827,5.485,,1014,0.000,1411,589,0
2017/3/30,14:54:00,5.34e5,6281144,5.429,,1014,0.000,1453,600,0
2017/3/30,14:54:15,5.34e5,6286963,5.439,,1014,0.000,1437,603,0
2017/3/30,14:54:30,5.40e5,6279677,5.37,,1014,0.000,1420,610,0
2017/3/30,14:54:45,5.52e5,6291883,5.261,,1014,0.000,1413,609,0
2017/3/30,14:55:00,5.33e5,6281088,5.437,,1014,0.000,1430,607,0
2017/3/30,14:55:15,5.16e5,6280656,5.614,,1014,0.000,1466,587,0
2017/3/30,14:55:30,5.11e5,6256307,5.676,,1014,0.000,1447,618,0
2017/3/30,14:55:45,5.02e5,6267035,5.763,,1014,0.000,1457,605,0
2017/3/30,14:56:00,5.11e5,6272065,5.664,,1014,0.000,1431,596,0
2017/3/30,14:56:15,5.14e5,6288039,5.646,,1014,0.000,1422,600,0
2017/3/30,14:56:30,5.11e5,6276501,5.662,,1014,0.000,1427,601,0
2017/3/30,14:56:45,5.04e5,6267487,5.746,,1014,0.000,1429,578,0
2017/3/30,14:57:00,5.24e5,6285698,5.537,,1014,0.000,1416,604,0
2017/3/30,14:57:15,5.01e5,6280141,5.781,,1014,0.000,1445,582,0
2017/3/30,14:57:30,4.94e5,6266495,5.854,,1014,0.000,1491,609,0
2017/3/30,14:57:45,4.88e5,6253683,5.907,,1014,0.000,1440,593,0
2017/3/30,14:58:00,4.98e5,6255828,5.804,,1014,0.000,1427,570,0
2017/3/30,14:58:15,5.24e5,6295955,5.563,,1014,0.000,1414,567,0
2017/3/30,14:58:30,5.24e5,6292278,5.542,,1014,0.000,1441,560,0
2017/3/30,14:58:45,4.92e5,6262399,5.873,,1014,0.000,1431,566,0
2017/3/30,14:59:00,4.93e5,6263257,5.863,,1014,0.000,1434,609,0
2017/3/30,14:59:15,4.78e5,6245811,6.031,,1015,0.000,1467,576,0
2017/3/30,14:59:30,4.89e5,6260353,5.91,,1015,0.000,1413,628,0
2017/3/30,14:59:45,5.13e5,6282081,5.654,,1014,0.000,1420,603,0
2017/3/30,15:00:00,4.97e5,6269737,5.823,,1014,0.000,1457,605,0
2017/3/30,15:00:15,4.76e5,6252083,6.057,,1014,0.000,1439,607,0
2017/3/30,15:00:30,4.69e5,6236161,6.14,,1014,0.000,1440,584,0
2017/3/30,15:00:45,4.77e5,6243150,6.047,,1014,0.000,1430,596,0
2017/3/30,15:01:00,4.77e5,6241197,6.034,,1014,0.000,1459,554,0
2017/3/30,15:01:15,4.85e5,6268564,5.971,,1014,0.000,1402,581,0
2017/3/30,15:01:30,4.80e5,6251839,6.011,,1014,0.000,1437,598,0
2017/3/30,15:01:45,4.80e5,6253941,6.022,,1014,0.000,1445,603,0
2017/3/30,15:02:00,4.72e5,6250244,6.102,,1014,0.000,1462,590,0
2017/3/30,15:02:15,4.83e5,6264948,5.991,,1015,0.000,1433,579,0
2017/3/30,15:02:30,4.66e5,6236520,6.177,,1015,0.000,1445,584,0
2017/3/30,15:02:45,4.66e5,6233256,6.173,,1015,0.000,1470,584,0
2017/3/30,15:03:00,4.53e5,6208937,6.326,,1015,0.000,1483,609,0
2017/3/30,15:03:15,4.73e5,6245134,6.089,,1015,0.000,1441,565,0
2017/3/30,15:03:30,4.58e5,6214550,6.264,,1015,0.000,1450,598,0
2017/3/30,15:03:45,4.24e5,6135240,6.668,,1014,0.000,1484,554,0
2017/3/30,15:04:00,4.36e5,6167879,6.523,,1015,0.000,1445,600,0
2017/3/30,15:04:15,4.59e5,6227463,6.258,,1014,0.000,1462,573,0
2017/3/30,15:04:30,4.52e5,6212164,6.334,,1014,0.000,1464,579,0
2017/3/30,15:04:45,4.34e5,6168679,6.557,,1015,0.000,1450,583,0
2017/3/30,15:05:00,4.18e5,6116927,6.756,,1014,0.000,1462,557,0
2017/3/30,15:05:15,4.06e5,6079044,6.902,,1015,0.000,1475,582,0
2017/3/30,15:05:30,4.31e5,6161527,6.602,,1014,0.000,1473,585,0
2017/3/30,15:05:45,4.23e5,6137228,6.69,,1014,0.000,1474,577,0
2017/3/30,15:06:00,4.22e5,6131063,6.706,,1014,0.000,1473,544,0
2017/3/30,15:06:15,4.23e5,6139922,6.696,,1014,0.000,1477,589,0
2017/3/30,15:06:30,4.26e5,6137633,6.645,,1015,0.000,1464,590,0
2017/3/30,15:06:45,4.34e5,6169802,6.552,,1015,0.000,1490,577,0
2017/3/30,15:07:00,4.35e5,6169903,6.542,,1014,0.000,1446,562,0
2017/3/30,15:07:15,4.24e5,6142110,6.689,,1014,0.000,1450,579,0
2017/3/30,15:07:30,4.28e5,6132050,6.637,,1015,0.000,1470,585,0
2017/3/30,15:07:45,4.20e5,6120990,6.717,,1014,0.000,1481,583,0
2017/3/30,15:08:00,4.16e5,6112782,6.781,,1014,0.000,1474,587,0
2017/3/30,15:08:15,4.12e5,6081706,6.884,,1014,0.000,1439,579,0
2017/3/30,15:08:30,4.03e5,6074576,6.953,,1015,0.000,1448,574,0
2017/3/30,15:08:45,3.86e5,5996472,7.174,,1014,0.000,1517,548,0
2017/3/30,15:09:00,4.06e5,6078210,6.913,,1015,0.000,1445,598,0
2017/3/30,15:09:15,4.03e5,6075586,6.947,,1014,0.000,1441,578,0
2017/3/30,15:09:30,4.05e5,6077073,6.92,,1014,0.000,1427,590,0
2017/3/30,15:09:45,3.90e5,6019790,7.12,,1014,0.000,1492,605,0
2017/3/30,15:10:00,3.85e5,5996456,7.176,,1014,0.000,1491,600,0
2017/3/30,15:10:15,3.89e5,6024482,7.136,,1014,0.000,1483,576,0
2017/3/30,15:10:30,3.81e5,5972653,7.232,,1014,0.000,1497,589,0
2017/3/30,15:10:45,3.69e5,5922548,7.39,,1014,0.000,1499,567,0
2017/3/30,15:11:00,3.71e5,5928927,7.363,,1014,0.000,1513,587,0
2017/3/30,15:11:15,3.73e5,5943399,7.348,,1014,0.000,1479,557,0
2017/3/30,15:11:30,3.66e5,5901266,7.43,,1015,0.000,1494,587,0
2017/3/30,15:11:45,3.49e5,5814444,7.688,,1015,0.000,1502,572,0
2017/3/30,15:12:00,3.60e5,5872531,7.528,,1014,0.000,1525,565,0
2017/3/30,15:12:15,3.65e5,5902250,7.464,,1014,0.000,1446,598,0
2017/3/30,15:12:30,3.56e5,5855685,7.593,,1014,0.000,1561,583,0
2017/3/30,15:12:45,3.52e5,5830898,7.641,,1014,0.000,1490,557,0
2017/3/30,15:13:00,3.38e5,5750266,7.837,,1014,0.000,1531,546,0
2017/3/30,15:13:15,3.36e5,5739297,7.874,,1015,0.000,1550,557,0
2017/3/30,15:13:30,3.38e5,5757447,7.842,,1015,0.000,1544,562,0
2017/3/30,15:13:45,3.37e5,5744967,7.868,,1015,0.000,1530,565,0
2017/3/30,15:14:00,3.36e5,5741711,7.888,,1014,0.000,1503,574,0
2017/3/30,15:14:15,3.37e5,5750409,7.871,,1015,0.000,1539,587,0
2017/3/30,15:14:30,3.38e5,5751361,7.833,,1015,0.000,1528,572,0
2017/3/30,15:14:45,3.22e5,5649719,8.08,,1015,0.000,1517,577,0
2017/3/30,15:15:00,3.18e5,5619404,8.138,,1015,0.000,1557,570,0
2017/3/30,15:15:15,3.75e5,5925588,7.375,,1015,0.000,1500,570,0
2017/3/30,15:15:30,3.02e5,5496931,8.399,,1015,0.000,1589,572,0
2017/3/30,15:15:45,3.00e5,5488544,8.436,,1014,0.000,1561,588,0
2017/3/30,15:16:00,2.70e5,5217804,8.924,,1015,0.000,1557,562,0
2017/3/30,15:16:15,2.65e5,5168591,9.008,,1014,0.000,1605,559,0
2017/3/30,15:16:30,2.49e5,5012914,9.269,,1014,0.000,1607,546,0
2017/3/30,15:16:45,2.34e5,4848354,9.536,,1015,0.000,1639,556,0
2017/3/30,15:17:00,2.13e5,4582149,9.92,,1015,0.000,1676,540,0
2017/3/30,15:17:15,2.04e5,4477375,10.1,,1015,0.000,1650,546,0
2017/3/30,15:17:30,1.97e5,4380050,10.23,,1015,0.000,1682,550,0
2017/3/30,15:17:45,1.89e5,4267091,10.38,,1015,0.000,1711,541,0
2017/3/30,15:18:00,1.82e5,4163527,10.52,,1015,0.000,1741,538,0
2017/3/30,15:18:15,1.81e5,4147152,10.55,,1015,0.000,1735,548,0
2017/3/30,15:18:30,1.66e5,3917105,10.84,,1015,0.000,1740,548,0
2017/3/30,15:18:45,1.57e5,3762526,11.04,,1015,0.000,1737,552,0
2017/3/30,15:19:00,1.53e5,3708588,11.13,,1015,0.000,1771,528,0
2017/3/30,15:19:15,1.51e5,3672934,11.17,,1015,0.000,1789,540,0
2017/3/30,15:19:30,1.46e5,3583474,11.27,,1015,0.000,1795,546,0
2017/3/30,15:19:45,1.36e5,3405611,11.49,,1015,0.000,1817,549,0
2017/3/30,15:20:00,1.28e5,3257254,11.67,,1015,0.000,1850,522,0
2017/3/30,15:20:15,1.22e5,3141900,11.81,,1014,0.000,1833,531,0
2017/3/30,15:20:30,1.10e5,2893813,12.08,,1014,0.000,1865,552,0
2017/3/30,15:20:45,1.10e5,2894691,12.08,,1015,0.000,1857,543,0
2017/3/30,15:21:00,1.06e5,2812992,12.17,,1015,0.000,1862,543,0
2017/3/30,15:21:15,1.05e5,2795486,12.19,,1015,0.000,1909,544,0
2017/3/30,15:21:30,9.30e4,2518911,12.49,,1015,0.000,1945,545,0
2017/3/30,15:21:45,8.83e4,2413351,12.6,,1014,0.000,1945,554,0
2017/3/30,15:22:00,8.83e4,2411887,12.6,,1015,0.000,1903,546,0
2017/3/30,15:22:15,8.01e4,2224354,12.8,,1015,0.000,1979,512,0
2017/3/30,15:22:30,8.10e4,2243351,12.78,,1015,0.000,2008,532,0
2017/3/30,15:22:45,7.81e4,2176179,12.85,,1014,0.000,1978,540,0
2017/3/30,15:23:00,7.28e4,2048102,12.98,,1015,0.000,1972,556,0
2017/3/30,15:23:15,7.19e4,2026421,13.0,,1015,0.000,1999,543,0
2017/3/30,15:23:30,6.84e4,1940190,13.09,,1014,0.000,2011,540,0
2017/3/30,15:23:45,6.54e4,1865847,13.16,,1015,0.000,2032,560,0
2017/3/30,15:24:00,6.27e4,1799259,13.23,,1015,0.000,2049,556,0
2017/3/30,15:24:15,6.04e4,1741710,13.29,,1015,0.000,2064,557,0
2017/3/30,15:24:30,5.93e4,1712494,13.31,,1014,0.000,2108,535,0
2017/3/30,15:24:45,5.53e4,1608170,13.41,,1015,0.000,2102,571,0
2017/3/30,15:25:00,5.35e4,1561663,13.46,,1014,0.000,2145,560,0
2017/3/30,15:25:15,5.28e4,1544545,13.48,,1014,0.000,2144,578,0
2017/3/30,15:25:30,4.96e4,1458549,13.56,,1014,0.000,2177,548,0
2017/3/30,15:25:45,4.66e4,1378299,13.64,,1014,0.000,2181,556,0
2017/3/30,15:26:00,4.55e4,1348618,13.67,,1014,0.000,2152,572,0
2017/3/30,15:26:15,4.31e4,1283238,13.73,,1014,0.000,2208,540,0
2017/3/30,15:26:30,4.18e4,1249451,13.76,,1014,0.000,2226,552,0
2017/3/30,15:26:45,4.00e4,1198718,13.81,,1015,0.000,2260,528,0
2017/3/30,15:27:00,3.77e4,1134638,13.88,,1015,0.000,2266,524,0
2017/3/30,15:27:15,3.58e4,1081403,13.93,,1014,0.000,2203,582,0
2017/3/30,15:27:30,3.48e4,1054371,13.95,,1015,0.000,2281,550,0
2017/3/30,15:27:45,3.38e4,1025865,13.98,,1014,0.000,2299,513,0
2017/3/30,15:28:00,3.26e4,992458,14.01,,1015,0.000,2291,549,0
2017/3/30,15:28:15,3.06e4,934700,14.07,,1015,0.000,2313,537,0
2017/3/30,15:28:30,3.13e4,955089,14.05,,1014,0.000,2299,523,0
2017/3/30,15:28:45,2.84e4,872837,14.13,,1015,0.000,2330,556,0
2017/3/30,15:29:00,2.84e4,871020,14.13,,1015,0.000,2316,556,0
2017/3/30,15:29:15,2.73e4,839858,14.16,,1015,0.000,2347,541,0
2017/3/30,15:29:30,2.57e4,792087,14.21,,1014,0.000,2359,539,0
2017/3/30,15:29:45,2.48e4,765846,14.23,,1015,0.000,2375,505,0
2017/3/30,15:30:00,2.48e4,765457,14.23,,1015,0.000,2355,557,0
2017/3/30,15:30:15,2.39e4,741103,14.26,,1015,0.000,2375,538,0
2017/3/30,15:30:30,2.22e4,690641,14.31,,1015,0.000,2371,534,0
2017/3/30,15:30:45,2.14e4,667717,14.33,,1015,0.000,2359,560,0
2017/3/30,15:31:00,2.13e4,663960,14.33,,1015,0.000,2363,555,0
2017/3/30,15:31:15,1.97e4,616751,14.38,,1015,0.000,2402,537,0
2017/3/30,15:31:30,1.95e4,610425,14.38,,1015,0.000,2390,543,0
2017/3/30,15:31:45,1.81e4,566742,14.43,,1014,0.000,2410,521,0
2017/3/30,15:32:00,1.75e4,549733,14.44,,1015,0.000,2438,528,0
2017/3/30,15:32:15,1.67e4,526267,14.47,,1014,0.000,2410,523,0
2017/3/30,15:32:30,1.69e4,530520,14.46,,1015,0.000,2425,522,0
2017/3/30,15:32:45,1.63e4,514161,14.48,,1015,0.000,2443,523,0
2017/3/30,15:33:00,1.55e4,490474,14.5,,1015,0.000,2453,512,0
2017/3/30,15:33:15,1.52e4,479468,14.51,,1014,0.000,2471,491,0
2017/3/30,15:33:30,1.44e4,455801,14.54,,1014,0.000,2431,520,0
2017/3/30,15:33:45,1.45e4,459963,14.53,,1014,0.000,2486,499,0
2017/3/30,15:34:00,1.40e4,444723,14.55,,1015,0.000,2440,531,0
2017/3/30,15:34:15,1.35e4,429527,14.56,,1014,0.000,2443,520,0
2017/3/30,15:34:30,1.29e4,409963,14.58,,1015,0.000,2449,522,0
2017/3/30,15:34:45,1.28e4,406280,14.58,,1015,0.000,2468,493,0
2017/3/30,15:35:00,1.22e4,388876,14.6,,1015,0.000,2468,507,0
2017/3/30,15:35:15,1.15e4,364880,14.62,,1014,0.000,2492,493,0
2017/3/30,15:35:30,1.12e4,358015,14.63,,1015,0.000,2501,483,0
2017/3/30,15:35:45,1.12e4,358063,14.63,,1015,0.000,2476,513,0
2017/3/30,15:36:00,1.06e4,338600,14.65,,1015,0.000,2492,489,0
2017/3/30,15:36:15,1.00e4,318532,14.67,,1015,0.000,2519,482,0
2017/3/30,15:36:30,1.00e4,321416,14.67,,1014,0.000,2486,512,0
2017/3/30,15:36:45,9.69e3,308882,14.68,,1015,0.000,2501,494,0
2017/3/30,15:37:00,9.00e3,287341,14.7,,1014,0.000,2496,499,0
2017/3/30,15:37:15,9.00e3,287203,14.7,,1015,0.000,2520,487,0
2017/3/30,15:37:30,8.49e3,271427,14.72,,1014,0.000,2496,511,0
2017/3/30,15:37:45,8.54e3,272873,14.72,,1014,0.000,2485,516,0
2017/3/30,15:38:00,8.08e3,258463,14.73,,1014,0.000,2515,501,0
2017/3/30,15:38:15,8.13e3,260145,14.73,,1014,0.000,2493,523,0
2017/3/30,15:38:30,7.85e3,251210,14.74,,1014,0.000,2513,494,0
2017/3/30,15:38:45,7.30e3,234009,14.76,,1014,0.000,2518,493,0
2017/3/30,15:39:00,7.47e3,239296,14.75,,1014,0.000,2548,457,0
2017/3/30,15:39:15,7.04e3,225845,14.76,,1014,0.000,2519,500,0
2017/3/30,15:39:30,6.78e3,217532,14.77,,1014,0.000,2535,487,0
2017/3/30,15:39:45,6.62e3,212503,14.78,,1014,0.000,2507,515,0
2017/3/30,15:40:00,6.70e3,215060,14.77,,1014,0.000,2510,523,0
2017/3/30,15:40:15,6.21e3,199621,14.79,,1014,0.000,2529,482,0
2017/3/30,15:40:30,6.03e3,193944,14.8,,1014,0.000,2530,513,0
2017/3/30,15:40:45,5.81e3,187027,14.8,,1014,0.000,2512,513,0
2017/3/30,15:41:00,5.69e3,182977,14.81,,1014,0.000,2548,488,0
2017/3/30,15:41:15,5.49e3,176769,14.81,,1014,0.000,2541,500,0
2017/3/30,15:41:30,5.44e3,175317,14.82,,1014,0.000,2532,473,0
2017/3/30,15:41:45,5.23e3,168413,14.82,,1014,0.000,2531,490,0
2017/3/30,15:42:00,4.97e3,160330,14.83,,1014,0.000,2532,489,0
2017/3/30,15:42:15,4.80e3,154980,14.84,,1014,0.000,2517,501,0
2017/3/30,15:42:30,4.66e3,150378,14.84,,1014,0.000,2563,463,0
2017/3/30,15:42:45,4.48e3,144601,14.85,,1014,0.000,2541,480,0
2017/3/30,15:43:00,4.36e3,140898,14.85,,1014,0.000,2521,521,0
2017/3/30,15:43:15,4.31e3,139435,14.85,,1014,0.000,2558,491,0
2017/3/30,15:43:30,4.08e3,131913,14.86,,1014,0.000,2597,452,0
2017/3/30,15:43:45,4.10e3,132522,14.86,,1014,0.000,2515,523,0
2017/3/30,15:44:00,3.96e3,128202,14.86,,1015,0.000,2540,506,0
2017/3/30,15:44:15,3.84e3,124374,14.87,,1014,0.000,2553,484,0
2017/3/30,15:44:30,3.69e3,119251,14.87,,1014,0.000,2551,458,0
2017/3/30,15:44:45,3.61e3,116771,14.88,,1015,0.000,2568,499,0
2017/3/30,15:45:00,3.52e3,113844,14.88,,1014,0.000,2543,491,0
2017/3/30,15:45:15,3.36e3,108775,14.88,,1014,0.000,2553,465,0
2017/3/30,15:45:30,3.37e3,109284,14.88,,1015,0.000,2575,467,0
2017/3/30,15:45:45,3.20e3,103908,14.89,,1015,0.000,2550,476,0
2017/3/30,15:46:00,3.28e3,106377,14.89,,1015,0.000,2583,471,0
2017/3/30,15:46:15,3.09e3,100372,14.89,,1014,0.000,2565,482,0
2017/3/30,15:46:30,2.96e3,96263,14.9,,1015,0.000,2562,472,0
2017/3/30,15:46:45,2.94e3,95642,14.9,,1014,0.000,2612,433,0
2017/3/30,15:47:00,2.71e3,88208,14.9,,1014,0.000,2581,467,0
2017/3/30,15:47:15,2.72e3,88385,14.9,,1014,0.000,2572,484,0
2017/3/30,15:47:30,2.63e3,85716,14.91,,1014,0.000,2572,462,0
2017/3/30,15:47:45,2.63e3,85538,14.91,,1015,0.000,2559,479,0
2017/3/30,15:48:00,2.52e3,82138,14.91,,1014,0.000,2569,478,0
2017/3/30,15:48:15,2.44e3,79617,14.91,,1014,0.000,2587,472,0
2017/3/30,15:48:30,2.37e3,77331,14.92,,1014,0.000,2586,447,0
2017/3/30,15:48:45,2.38e3,77579,14.92,,1014,0.000,2609,415,0
2017/3/30,15:49:00,2.30e3,74934,14.92,,1014,0.000,2591,456,0
2017/3/30,15:49:15,2.29e3,74662,14.92,,1014,0.000,2608,434,0
2017/3/30,15:49:30,2.07e3,67546,14.93,,1014,0.000,2565,473,0
2017/3/30,15:49:45,2.10e3,68528,14.93,,1014,0.000,2589,477,0
2017/3/30,15:50:00,2.01e3,65491,14.93,,1014,0.000,2623,423,0
2017/3/30,15:50:15,2.02e3,65765,14.93,,1014,0.000,2592,460,0
2017/3/30,15:50:30,1.89e3,61442,14.93,,1015,0.000,2612,435,0
2017/3/30,15:50:45,1.89e3,61713,14.93,,1014,0.000,2581,468,0
2017/3/30,15:51:00,1.82e3,59283,14.94,,1014,0.000,2585,467,0
2017/3/30,15:51:15,1.85e3,60158,14.93,,1014,0.000,2598,446,0
2017/3/30,15:51:30,1.77e3,57761,14.94,,1014,0.000,2585,483,0
2017/3/30,15:51:45,1.69e3,55005,14.94,,1014,0.000,2579,460,0
2017/3/30,15:52:00,1.70e3,55257,14.94,,1014,0.000,2618,413,0
2017/3/30,15:52:15,1.61e3,52406,14.94,,1014,0.000,2598,450,0
2017/3/30,15:52:30,1.56e3,50957,14.94,,1014,0.000,2608,469,0
2017/3/30,15:52:45,1.55e3,50472,14.94,,1014,0.000,2584,480,0
2017/3/30,15:53:00,1.51e3,49144,14.95,,1014,0.000,2611,439,0
2017/3/30,15:53:15,1.44e3,46987,14.95,,1014,0.000,2603,441,0
2017/3/30,15:53:30,1.45e3,47195,14.95,,1014,0.000,2620,421,0
2017/3/30,15:53:45,1.38e3,44918,14.95,,1014,0.000,2600,446,0
2017/3/30,15:54:00,1.35e3,44061,14.95,,1014,0.000,2597,432,0
2017/3/30,15:54:15,1.26e3,41098,14.95,,1014,0.000,2567,520,0
2017/3/30,15:54:30,1.28e3,41808,14.95,,1014,0.000,2614,429,0
2017/3/30,15:54:45,1.22e3,39746,14.96,,1014,0.000,2583,473,0
2017/3/30,15:55:00,1.22e3,39777,14.96,,1014,0.000,2607,440,0
2017/3/30,15:55:15,1.17e3,38293,14.96,,1014,0.000,2622,430,0
2017/3/30,15:55:30,1.15e3,37522,14.96,,1014,0.000,2591,465,0
2017/3/30,15:55:45,1.14e3,37224,14.96,,1014,0.000,2612,439,0
2017/3/30,15:56:00,1.10e3,35960,14.96,,1014,0.000,2602,441,0
2017/3/30,15:56:15,1.04e3,34114,14.96,,1014,0.000,2600,458,0
2017/3/30,15:56:30,1.04e3,33843,14.96,,1014,0.000,2574,488,0
2017/3/30,15:56:45,1.01e3,33100,14.96,,1014,0.000,2596,461,0
2017/3/30,15:57:00,976,31720,14.96,,1014,0.000,2593,474,0
2017/3/30,15:57:15,982,31928,14.96,,1014,0.000,2584,469,0
2017/3/30,15:57:30,942,30645,14.97,,1014,0.000,2612,437,0
2017/3/30,15:57:45,929,30206,14.97,,1014,0.000,2625,413,0
2017/3/30,15:58:00,897,29164,14.97,,1014,0.000,2598,455,0
2017/3/30,15:58:15,883,28715,14.97,,1014,0.000,2618,438,0
2017/3/30,15:58:30,887,28854,14.97,,1014,0.000,2591,456,0
2017/3/30,15:58:45,877,28523,14.97,,1014,0.000,2584,469,0
2017/3/30,15:59:00,856,27824,14.97,,1014,0.000,2615,439,0
2017/3/30,15:59:15,863,28071,14.97,,1014,0.000,2589,465,0
2017/3/30,15:59:30,843,27401,14.97,,1014,0.000,2590,450,0
2017/3/30,15:59:45,804,26131,14.97,,1014,0.000,2583,478,0
2017/3/30,16:00:00,806,26226,14.97,,1014,0.000,2608,430,0
2017/3/30,16:00:15,781,25393,14.97,,1014,0.000,2612,437,0
2017/3/30,16:00:30,756,24589,14.97,,1014,0.000,2589,483,0
2017/3/30,16:00:45,732,23790,14.97,,1014,0.000,2625,428,0
2017/3/30,16:01:00,766,24925,14.97,,1014,0.000,2645,416,0
2017/3/30,16:01:15,737,23983,14.97,,1014,0.000,2602,444,0
2017/3/30,16:01:30,712,23172,14.97,,1014,0.000,2606,454,0
2017/3/30,16:01:45,723,23522,14.97,,1014,0.000,2620,427,0
2017/3/30,16:02:00,678,22067,14.97,,1014,0.000,2602,462,0
2017/3/30,16:02:15,681,22147,14.97,,1014,0.000,2598,471,0
2017/3/30,16:02:30,667,21681,14.98,,1014,0.000,2587,463,0
2017/3/30,16:02:45,632,20571,14.98,,1014,0.000,2606,480,0
2017/3/30,16:03:00,640,20830,14.98,,1014,0.000,2598,461,0
2017/3/30,16:03:15,611,19882,14.98,,1014,0.000,2604,463,0
2017/3/30,16:03:30,607,19757,14.98,,1014,0.000,2600,460,0
2017/3/30,16:03:45,594,19332,14.98,,1014,0.000,2626,416,0
2017/3/30,16:04:00,589,19170,14.98,,1014,0.000,2618,449,0
2017/3/30,16:04:15,577,18770,14.98,,1014,0.000,2611,443,0
2017/3/30,16:04:30,568,18490,14.98,,1014,0.000,2597,467,0
2017/3/30,16:04:45,563,18298,14.98,,1014,0.000,2603,446,0
2017/3/30,16:05:00,547,17787,14.98,,1014,0.000,2589,450,0
2017/3/30,16:05:15,539,17543,14.98,,1014,0.000,2628,417,0
2017/3/30,16:05:30,547,17787,14.98,,1014,0.000,2595,468,0
2017/3/30,16:05:45,523,16999,14.98,,1014,0.000,2620,443,0
2017/3/30,16:06:00,511,16610,14.98,,1014,0.000,2630,407,0
2017/3/30,16:06:15,510,16589,14.98,,1015,0.000,2615,433,0
2017/3/30,16:06:30,500,16265,14.98,,1014,0.000,2598,463,0
2017/3/30,16:06:45,480,15618,14.98,,1014,0.000,2587,480,0
2017/3/30,16:07:00,471,15326,14.98,,1014,0.000,2596,465,0
2017/3/30,16:07:15,492,15999,14.98,,1015,0.000,2608,446,0
2017/3/30,16:07:30,467,15205,14.98,,1015,0.000,2591,458,0
2017/3/30,16:07:45,482,15665,14.98,,1014,0.000,2592,451,0
2017/3/30,16:08:00,466,15151,14.98,,1014,0.000,2613,440,0
2017/3/30,16:08:15,466,15159,14.98,,1014,0.000,2611,460,0
2017/3/30,16:08:30,450,14640,14.98,,1014,0.000,2601,447,0
2017/3/30,16:08:45,445,14479,14.98,,1014,0.000,2607,447,0
2017/3/30,16:09:00,441,14341,14.98,,1014,0.000,2600,471,0
2017/3/30,16:09:15,428,13916,14.98,,1015,0.000,2613,443,0
2017/3/30,16:09:30,419,13640,14.98,,1015,0.000,2586,471,0
2017/3/30,16:09:45,410,13344,14.98,,1014,0.000,2625,444,0
2017/3/30,16:10:00,399,12968,14.98,,1014,0.000,2624,426,0
2017/3/30,16:10:15,413,13454,14.98,,1015,0.000,2618,441,0
2017/3/30,16:10:30,398,12966,14.98,,1015,0.000,2608,447,0
2017/3/30,16:10:45,384,12486,14.99,,1014,0.000,2596,466,0
2017/3/30,16:11:00,385,12540,14.99,,1015,0.000,2608,424,0
2017/3/30,16:11:15,376,12242,14.99,,1014,0.000,2592,479,0
2017/3/30,16:11:30,377,12272,14.99,,1014,0.000,2592,452,0
2017/3/30,16:11:45,367,11959,14.99,,1014,0.000,2597,477,0
2017/3/30,16:12:00,367,11930,14.99,,1014,0.000,2602,454,0
2017/3/30,16:12:15,364,11830,14.99,,1015,0.000,2587,477,0
2017/3/30,16:12:30,341,11104,14.99,,1014,0.000,2611,439,0
2017/3/30,16:12:45,340,11069,14.99,,1015,0.000,2580,471,0
2017/3/30,16:13:00,351,11432,14.99,,1015,0.000,2595,456,0
2017/3/30,16:13:15,338,10994,14.99,,1015,0.000,2585,489,0
2017/3/30,16:13:30,335,10912,14.99,,1015,0.000,2636,404,0
2017/3/30,16:13:45,343,11177,14.99,,1015,0.000,2609,440,0
2017/3/30,16:14:00,332,10790,14.99,,1014,0.000,2568,491,0
2017/3/30,16:14:15,325,10565,14.99,,1014,0.000,2567,483,0
2017/3/30,16:14:30,328,10685,14.99,,1014,0.000,2634,419,0
2017/3/30,16:14:45,334,10865,14.99,,1014,0.000,2608,463,0
2017/3/30,16:15:00,330,10754,14.99,,1014,0.000,2607,461,0
2017/3/30,16:15:15,315,10256,14.99,,1014,0.000,2604,447,0
2017/3/30,16:15:30,320,10414,14.99,,1014,0.000,2634,421,0
2017/3/30,16:15:45,313,10176,14.99,,1014,0.000,2609,408,0
2017/3/30,16:16:00,322,10497,14.99,,1014,0.000,2579,477,0
2017/3/30,16:16:15,319,10383,14.99,,1014,0.000,2596,469,0
2017/3/30,16:16:30,314,10208,14.99,,1014,0.000,2614,446,0
2017/3/30,16:16:45,299,9730,14.99,,1014,0.000,2607,450,0
2017/3/30,16:17:00,300,9761,14.99,,1014,0.000,2617,432,0
2017/3/30,16:17:15,302,9830,14.99,,1014,0.000,2604,438,0
2017/3/30,16:17:30,291,9475,14.99,,1014,0.000,2597,474,0
2017/3/30,16:17:45,286,9300,14.99,,1014,0.000,2608,437,0
2017/3/30,16:18:00,293,9540,14.99,,1014,0.000,2628,422,0
2017/3/30,16:18:15,278,9042,14.99,,1014,0.000,2617,430,0
2017/3/30,16:18:30,279,9083,14.99,,1014,0.000,2628,412,0
2017/3/30,16:18:45,280,9124,14.99,,1014,0.000,2624,424,0
2017/3/30,16:19:00,273,8880,14.99,,1014,0.000,2606,456,0
2017/3/30,16:19:15,276,8993,14.99,,1014,0.000,2591,471,0
2017/3/30,16:19:30,277,9012,14.99,,1014,0.000,2611,447,0
2017/3/30,16:19:45,271,8823,14.99,,1014,0.000,2614,443,0
2017/3/30,16:20:00,263,8565,14.99,,1014,0.000,2574,478,0
2017/3/30,16:20:15,267,8703,14.99,,1014,0.000,2618,443,0
2017/3/30,16:20:30,263,8549,14.99,,1014,0.000,2578,474,0
2017/3/30,16:20:45,275,8963,14.99,,1014,0.000,2609,447,0
2017/3/30,16:21:00,274,8925,14.99,,1014,0.000,2628,427,0
2017/3/30,16:21:15,270,8800,14.99,,1014,0.000,2612,438,0
2017/3/30,16:21:30,266,8670,14.99,,1014,0.000,2600,462,0
2017/3/30,16:21:45,261,8504,14.99,,1014,0.000,2589,461,0
2017/3/30,16:22:00,265,8620,14.99,,1014,0.000,2620,424,0
2017/3/30,16:22:15,261,8493,14.99,,1014,0.000,2608,446,0
2017/3/30,16:22:30,250,8151,14.99,,1014,0.000,2554,499,0
2017/3/30,16:22:45,266,8664,14.99,,1014,0.000,2615,450,0
2017/3/30,16:23:00,257,8372,14.99,,1014,0.000,2604,441,0
2017/3/30,16:23:15,248,8067,14.99,,1014,0.000,2624,447,0
2017/3/30,16:23:30,241,7838,14.99,,1014,0.000,2624,451,0
2017/3/30,16:23:45,245,7976,14.99,,1014,0.000,2576,482,0
2017/3/30,16:24:00,239,7779,14.99,,1014,0.000,2587,478,0
2017/3/30,16:24:15,249,8115,14.99,,1014,0.000,2608,455,0
2017/3/30,16:24:30,248,8089,14.99,,1014,0.000,2626,437,0
2017/3/30,16:24:45,244,7940,14.99,,1014,0.000,2576,467,0
2017/3/30,16:25:00,231,7529,14.99,,1014,0.000,2602,457,0
2017/3/30,16:25:15,243,7918,14.99,,1014,0.000,2601,455,0
2017/3/30,16:25:30,244,7962,14.99,,1014,0.000,2592,461,0
2017/3/30,16:25:45,234,7632,14.99,,1014,0.000,2630,427,0
2017/3/30,16:26:00,238,7735,14.99,,1014,0.000,2612,456,0
2017/3/30,16:26:15,237,7720,14.99,,1014,0.000,2591,468,0
2017/3/30,16:26:30,236,7672,14.99,,1014,0.000,2628,429,0
2017/3/30,16:26:45,221,7193,14.99,,1014,0.000,2608,466,0
2017/3/30,16:27:00,228,7428,14.99,,1014,0.000,2596,454,0
2017/3/30,16:27:15,229,7444,14.99,,1014,0.000,2642,400,0
2017/3/30,16:27:30,216,7041,14.99,,1014,0.000,2596,465,0
2017/3/30,16:27:45,219,7131,14.99,,1014,0.000,2609,452,0
2017/3/30,16:28:00,212,6921,14.99,,1014,0.000,2584,468,0
2017/3/30,16:28:15,216,7052,14.99,,1014,0.000,2593,450,0
2017/3/30,16:28:30,217,7058,14.99,,1014,0.000,2583,471,0
2017/3/30,16:28:45,218,7092,14.99,,1014,0.000,2603,466,0
2017/3/30,16:29:00,217,7065,14.99,,1014,0.000,2609,440,0
2017/3/30,16:29:15,210,6851,14.99,,1014,0.000,2617,428,0
2017/3/30,16:29:30,207,6745,14.99,,1014,0.000,2573,495,0
2017/3/30,16:29:45,204,6658,14.99,,1014,0.000,2613,461,0
2017/3/30,16:30:00,201,6538,14.99,,1014,0.000,2596,458,0
