TSI CPC DATA VERSION 3
1490891562,2017/3/30,16:32:42
15
1.08,130
Model 3783 Ver 1.27 S/N 3783111302
"Date","Time","Concentration","Count"," Live-Time","Blank","Abs Press"," Analog In","Pulse Height"," Pulse STD","Status Flags"
2017/3/30,16:32:30,467,14901,14.68,,1014,0.000,2602,439,0
2017/3/30,16:32:45,460,14952,14.98,,1014,0.000,2635,412,0
2017/3/30,16:33:00,462,15028,14.98,,1014,0.000,2613,438,0
2017/3/30,16:33:15,521,16950,14.98,,1014,0.000,2596,461,0
2017/3/30,16:33:30,529,17194,14.98,,1014,0.000,2595,463,0
2017/3/30,16:33:45,493,16032,14.98,,1014,0.000,2598,440,0
2017/3/30,16:34:00,506,16474,14.98,,1014,0.000,2611,455,0
2017/3/30,16:34:15,520,16905,14.98,,1014,0.000,2622,416,0
2017/3/30,16:34:30,518,16857,14.98,,1014,0.000,2614,454,0
2017/3/30,16:34:45,511,16616,14.98,,1014,0.000,2618,441,0
2017/3/30,16:35:00,512,16649,14.98,,1014,0.000,2578,483,0
2017/3/30,16:35:15,513,16677,14.98,,1014,0.000,2607,456,0
2017/3/30,16:35:30,522,16995,14.98,,1014,0.000,2612,433,0
2017/3/30,16:35:45,521,16937,14.98,,1014,0.000,2622,395,0
2017/3/30,16:36:00,526,17114,14.98,,1014,0.000,2606,440,0
2017/3/30,16:36:15,547,17779,14.98,,1014,0.000,2615,434,0
2017/3/30,16:36:30,546,17774,14.98,,1014,0.000,2600,455,0
2017/3/30,16:36:45,551,17927,14.98,,1014,0.000,2608,440,0
2017/3/30,16:37:00,559,18186,14.98,,1014,0.000,2622,435,0
2017/3/30,16:37:15,531,17279,14.98,,1014,0.000,2602,462,0
2017/3/30,16:37:30,542,17641,14.98,,1014,0.000,2584,476,0
2017/3/30,16:37:45,546,17745,14.98,,1014,0.000,2609,468,0
2017/3/30,16:38:00,549,17869,14.98,,1014,0.000,2625,426,0
2017/3/30,16:38:15,677,22008,14.98,,1014,0.000,2585,480,0
2017/3/30,16:38:30,1.75e3,56894,14.94,,1014,0.000,2592,450,0
2017/3/30,16:38:45,1.14e4,354743,14.64,,1014,0.000,2487,495,0
2017/3/30,16:39:00,6.67e4,1871679,13.15,,1014,0.000,2042,550,0
2017/3/30,16:39:15,1.62e5,3810656,10.98,,1014,0.000,1756,543,0
2017/3/30,16:39:30,1.87e5,4232561,10.44,,1014,0.000,1699,549,0
2017/3/30,16:39:45,1.54e5,3698065,11.12,,1014,0.000,1756,557,0
2017/3/30,16:40:00,2.01e5,4380378,10.2,,1014,0.000,1647,535,0
2017/3/30,16:40:15,2.95e5,5406989,8.569,,1014,0.000,1531,572,0
2017/3/30,16:40:30,2.63e5,5111941,9.093,,1014,0.000,1577,551,0
2017/3/30,16:40:45,2.68e5,5151809,9.019,,1014,0.000,1575,598,0
2017/3/30,16:41:00,3.90e5,5982441,7.205,,1014,0.000,1514,606,0
2017/3/30,16:41:15,4.06e5,6083893,6.971,,1014,0.000,1427,554,0
2017/3/30,16:41:30,3.55e5,5858476,7.656,,1014,0.000,1497,561,0
2017/3/30,16:41:45,3.40e5,5790068,7.851,,1014,0.000,1494,527,0
2017/3/30,16:42:00,3.73e5,5970108,7.401,,1014,0.000,1502,559,0
2017/3/30,16:42:15,3.93e5,6077571,7.135,,1014,0.000,1496,584,0
2017/3/30,16:42:30,3.99e5,6101950,7.046,,1014,0.000,1469,566,0
2017/3/30,16:42:45,4.11e5,6140303,6.911,,1014,0.000,1459,582,0
2017/3/30,16:43:00,4.27e5,6180032,6.717,,1014,0.000,1436,585,0
2017/3/30,16:43:15,4.70e5,6308257,6.214,,1014,0.000,1429,568,0
2017/3/30,16:43:30,4.75e5,6322401,6.148,,1014,0.000,1428,589,0
2017/3/30,16:43:45,5.35e5,6379891,5.54,,1014,0.000,1444,606,0
2017/3/30,16:44:00,5.39e5,6397512,5.481,,1014,0.000,1423,596,0
2017/3/30,16:44:15,5.31e5,6401011,5.561,,1014,0.000,1376,609,0
2017/3/30,16:44:30,6.41e5,6339959,4.634,,1014,0.000,1361,604,0
2017/3/30,16:44:45,6.18e5,6375366,4.78,,1014,0.000,1373,583,0
2017/3/30,16:45:00,5.67e5,6404731,5.213,,1014,0.000,1387,585,0
2017/3/30,16:45:15,5.59e5,6404665,5.288,,1014,0.000,1405,587,0
2017/3/30,16:45:30,5.66e5,6362009,5.277,,1014,0.000,1397,599,0
2017/3/30,16:45:45,5.60e5,6405883,5.272,,1014,0.000,1425,592,0
2017/3/30,16:46:00,6.02e5,6394172,4.905,,1014,0.000,1362,594,0
2017/3/30,16:46:15,5.65e5,6405466,5.237,,1014,0.000,1390,572,0
2017/3/30,16:46:30,5.87e5,6393337,5.033,,1014,0.000,1395,589,0
2017/3/30,16:46:45,5.70e5,6405978,5.188,,1014,0.000,1363,577,0
2017/3/30,16:47:00,5.70e5,6400209,5.181,,1014,0.000,1373,587,0
2017/3/30,16:47:15,5.63e5,6408019,5.265,,1014,0.000,1387,577,0
2017/3/30,16:47:30,5.74e5,6400878,5.145,,1014,0.000,1387,579,0
2017/3/30,16:47:45,5.69e5,6395787,5.187,,1014,0.000,1333,562,0
2017/3/30,16:48:00,5.61e5,6399511,5.271,,1014,0.000,1365,573,0
2017/3/30,16:48:15,5.50e5,6403161,5.376,,1014,0.000,1392,576,0
2017/3/30,16:48:30,5.32e5,6396422,5.542,,1014,0.000,1400,577,0
2017/3/30,16:48:45,5.27e5,6394532,5.591,,1014,0.000,1406,585,0
2017/3/30,16:49:00,5.14e5,6379606,5.729,,1014,0.000,1447,595,0
2017/3/30,16:49:15,5.09e5,6370830,5.772,,1014,0.000,1455,601,0
2017/3/30,16:49:30,5.00e5,6351707,5.866,,1014,0.000,1405,570,0
2017/3/30,16:49:45,4.98e5,6357363,5.883,,1014,0.000,1430,568,0
2017/3/30,16:50:00,4.95e5,6344778,5.908,,1014,0.000,1402,582,0
2017/3/30,16:50:15,4.96e5,6360721,5.92,,1014,0.000,1409,603,0
2017/3/30,16:50:30,4.86e5,6340615,6.012,,1014,0.000,1445,576,0
2017/3/30,16:50:45,4.83e5,6329568,6.051,,1014,0.000,1435,583,0
2017/3/30,16:51:00,4.90e5,6339006,5.97,,1014,0.000,1407,568,0
2017/3/30,16:51:15,4.75e5,6316531,6.141,,1014,0.000,1455,609,0
2017/3/30,16:51:30,4.80e5,6321744,6.074,,1014,0.000,1463,584,0
2017/3/30,16:51:45,4.79e5,6314890,6.081,,1014,0.000,1435,571,0
2017/3/30,16:52:00,4.66e5,6296939,6.227,,1014,0.000,1423,554,0
2017/3/30,16:52:15,4.67e5,6303398,6.232,,1014,0.000,1436,600,0
2017/3/30,16:52:30,4.57e5,6287404,6.34,,1014,0.000,1456,614,0
2017/3/30,16:52:45,4.49e5,6263830,6.439,,1014,0.000,1451,587,0
2017/3/30,16:53:00,4.28e5,6204403,6.689,,1014,0.000,1439,560,0
2017/3/30,16:53:15,4.38e5,6238458,6.573,,1014,0.000,1446,554,0
2017/3/30,16:53:30,4.27e5,6201876,6.7,,1014,0.000,1491,594,0
2017/3/30,16:53:45,4.17e5,6166515,6.819,,1014,0.000,1469,561,0
2017/3/30,16:54:00,4.07e5,6134077,6.953,,1014,0.000,1502,596,0
2017/3/30,16:54:15,4.05e5,6130455,6.989,,1014,0.000,1481,560,0
2017/3/30,16:54:30,3.98e5,6100851,7.074,,1014,0.000,1464,578,0
2017/3/30,16:54:45,3.89e5,6060730,7.19,,1014,0.000,1488,567,0
2017/3/30,16:55:00,3.92e5,6080262,7.148,,1014,0.000,1505,570,0
2017/3/30,16:55:15,3.83e5,6035434,7.267,,1014,0.000,1486,565,0
2017/3/30,16:55:30,3.70e5,5975149,7.437,,1014,0.000,1483,570,0
2017/3/30,16:55:45,3.71e5,5974681,7.433,,1014,0.000,1481,574,0
2017/3/30,16:56:00,3.68e5,5956127,7.457,,1014,0.000,1505,571,0
2017/3/30,16:56:15,3.67e5,5951610,7.484,,1014,0.000,1502,572,0
2017/3/30,16:56:30,3.61e5,5921700,7.553,,1014,0.000,1510,574,0
2017/3/30,16:56:45,3.50e5,5858572,7.717,,1014,0.000,1480,571,0
2017/3/30,16:57:00,3.50e5,5857607,7.722,,1014,0.000,1540,572,0
2017/3/30,16:57:15,3.48e5,5845256,7.744,,1014,0.000,1500,568,0
2017/3/30,16:57:30,3.37e5,5781545,7.909,,1014,0.000,1541,570,0
2017/3/30,16:57:45,3.35e5,5763373,7.939,,1014,0.000,1550,555,0
2017/3/30,16:58:00,3.36e5,5775147,7.915,,1014,0.000,1510,567,0
2017/3/30,16:58:15,3.30e5,5733973,8.005,,1014,0.000,1528,561,0
2017/3/30,16:58:30,3.19e5,5655739,8.173,,1014,0.000,1540,594,0
2017/3/30,16:58:45,3.12e5,5610036,8.279,,1014,0.000,1564,594,0
2017/3/30,16:59:00,3.09e5,5589005,8.323,,1014,0.000,1555,565,0
2017/3/30,16:59:15,3.14e5,5624327,8.252,,1014,0.000,1589,587,0
2017/3/30,16:59:30,3.07e5,5565098,8.368,,1014,0.000,1549,595,0
2017/3/30,16:59:45,3.08e5,5571693,8.342,,1014,0.000,1566,563,0
2017/3/30,17:00:00,2.97e5,5488960,8.512,,1014,0.000,1610,571,0
2017/3/30,17:00:15,2.92e5,5451061,8.592,,1014,0.000,1551,552,0
2017/3/30,17:00:30,2.93e5,5458960,8.576,,1014,0.000,1564,574,0
2017/3/30,17:00:45,2.92e5,5445712,8.603,,1014,0.000,1591,559,0
2017/3/30,17:01:00,2.85e5,5383967,8.72,,1014,0.000,1591,544,0
2017/3/30,17:01:15,2.79e5,5330968,8.808,,1014,0.000,1600,552,0
2017/3/30,17:01:30,2.82e5,5348725,8.78,,1014,0.000,1555,559,0
2017/3/30,17:01:45,2.81e5,5357257,8.781,,1014,0.000,1584,563,0
2017/3/30,17:02:00,2.79e5,5332878,8.806,,1014,0.000,1580,560,0
2017/3/30,17:02:15,2.79e5,5335820,8.8,,1014,0.000,1571,576,0
2017/3/30,17:02:30,2.76e5,5302450,8.857,,1014,0.000,1555,571,0
2017/3/30,17:02:45,2.69e5,5240538,8.972,,1014,0.000,1622,557,0
2017/3/30,17:03:00,2.61e5,5158257,9.106,,1014,0.000,1551,567,0
2017/3/30,17:03:15,2.67e5,5213234,9.014,,1014,0.000,1591,550,0
2017/3/30,17:03:30,2.67e5,5218197,8.998,,1014,0.000,1555,554,0
2017/3/30,17:03:45,2.69e5,5238121,8.972,,1014,0.000,1595,568,0
2017/3/30,17:04:00,2.66e5,5203630,9.017,,1014,0.000,1589,579,0
2017/3/30,17:04:15,2.64e5,5184876,9.061,,1014,0.000,1619,568,0
2017/3/30,17:04:30,2.60e5,5147947,9.123,,1014,0.000,1636,551,0
2017/3/30,17:04:45,2.64e5,5187658,9.063,,1014,0.000,1569,535,0
2017/3/30,17:05:00,2.55e5,5097298,9.212,,1014,0.000,1599,541,0
2017/3/30,17:05:15,2.49e5,5039715,9.312,,1014,0.000,1612,540,0
2017/3/30,17:05:30,2.51e5,5058879,9.279,,1014,0.000,1625,551,0
2017/3/30,17:05:45,2.51e5,5065288,9.288,,1014,0.000,1617,552,0
2017/3/30,17:06:00,2.50e5,5042967,9.302,,1014,0.000,1613,557,0
2017/3/30,17:06:15,2.45e5,4997638,9.379,,1014,0.000,1636,538,0
2017/3/30,17:06:30,2.47e5,5017477,9.351,,1014,0.000,1583,559,0
2017/3/30,17:06:45,2.42e5,4955370,9.451,,1014,0.000,1600,541,0
2017/3/30,17:07:00,2.45e5,4990904,9.39,,1014,0.000,1638,556,0
2017/3/30,17:07:15,2.44e5,4985505,9.407,,1014,0.000,1619,548,0
2017/3/30,17:07:30,2.45e5,4988120,9.397,,1014,0.000,1629,550,0
2017/3/30,17:07:45,2.47e5,5021307,9.356,,1014,0.000,1612,527,0
2017/3/30,17:08:00,2.43e5,4975789,9.42,,1014,0.000,1597,513,0
2017/3/30,17:08:15,2.40e5,4933890,9.486,,1014,0.000,1630,543,0
2017/3/30,17:08:30,2.36e5,4894945,9.547,,1014,0.000,1616,554,0
2017/3/30,17:08:45,2.38e5,4911487,9.522,,1014,0.000,1627,566,0
2017/3/30,17:09:00,2.37e5,4896024,9.532,,1014,0.000,1657,559,0
2017/3/30,17:09:15,2.34e5,4871463,9.586,,1014,0.000,1647,546,0
2017/3/30,17:09:30,2.29e5,4809126,9.666,,1014,0.000,1654,550,0
2017/3/30,17:09:45,2.33e5,4856103,9.61,,1014,0.000,1614,540,0
2017/3/30,17:10:00,2.33e5,4855788,9.606,,1014,0.000,1646,544,0
2017/3/30,17:10:15,2.27e5,4782893,9.713,,1014,0.000,1618,563,0
2017/3/30,17:10:30,2.23e5,4740105,9.777,,1014,0.000,1610,548,0
2017/3/30,17:10:45,2.27e5,4787158,9.705,,1014,0.000,1633,561,0
2017/3/30,17:11:00,2.18e5,4670636,9.885,,1014,0.000,1643,526,0
2017/3/30,17:11:15,2.27e5,4783510,9.727,,1014,0.000,1658,543,0
2017/3/30,17:11:30,2.25e5,4766384,9.742,,1014,0.000,1636,516,0
2017/3/30,17:11:45,2.19e5,4685915,9.865,,1014,0.000,1625,561,0
2017/3/30,17:12:00,2.20e5,4701521,9.846,,1014,0.000,1677,529,0
2017/3/30,17:12:15,2.18e5,4678875,9.87,,1014,0.000,1643,554,0
2017/3/30,17:12:30,2.13e5,4612942,9.965,,1014,0.000,1644,563,0
2017/3/30,17:12:45,2.12e5,4598962,9.998,,1014,0.000,1636,557,0
2017/3/30,17:13:00,2.13e5,4617751,9.969,,1014,0.000,1672,532,0
2017/3/30,17:13:15,2.06e5,4520793,10.11,,1014,0.000,1687,543,0
2017/3/30,17:13:30,2.06e5,4514881,10.11,,1014,0.000,1727,541,0
2017/3/30,17:13:45,2.09e5,4557405,10.05,,1014,0.000,1638,532,0
2017/3/30,17:14:00,2.04e5,4499774,10.14,,1014,0.000,1702,523,0
2017/3/30,17:14:15,2.09e5,4562864,10.05,,1014,0.000,1632,563,0
2017/3/30,17:14:30,2.09e5,4555467,10.06,,1014,0.000,1704,521,0
2017/3/30,17:14:45,2.08e5,4552524,10.06,,1014,0.000,1647,517,0
2017/3/30,17:15:00,2.03e5,4485695,10.16,,1014,0.000,1691,537,0
2017/3/30,17:15:15,2.08e5,4544742,10.07,,1014,0.000,1696,537,0
2017/3/30,17:15:30,2.07e5,4543014,10.08,,1014,0.000,1669,587,0
2017/3/30,17:15:45,2.04e5,4494116,10.14,,1014,0.000,1677,540,0
2017/3/30,17:16:00,2.02e5,4466384,10.19,,1014,0.000,1684,521,0
2017/3/30,17:16:15,2.03e5,4480672,10.17,,1014,0.000,1674,515,0
2017/3/30,17:16:30,2.07e5,4534085,10.09,,1014,0.000,1636,535,0
2017/3/30,17:16:45,2.03e5,4481838,10.16,,1014,0.000,1679,545,0
2017/3/30,17:17:00,2.05e5,4504758,10.14,,1014,0.000,1705,531,0
2017/3/30,17:17:15,2.00e5,4443592,10.22,,1014,0.000,1691,567,0
2017/3/30,17:17:30,2.01e5,4455617,10.21,,1014,0.000,1649,555,0
2017/3/30,17:17:45,1.97e5,4393786,10.29,,1014,0.000,1658,566,0
2017/3/30,17:18:00,2.00e5,4442588,10.22,,1014,0.000,1688,540,0
2017/3/30,17:18:15,2.01e5,4453933,10.22,,1014,0.000,1687,507,0
2017/3/30,17:18:30,1.98e5,4413692,10.26,,1014,0.000,1679,523,0
2017/3/30,17:18:45,2.03e5,4478722,10.17,,1014,0.000,1635,548,0
2017/3/30,17:19:00,2.03e5,4488452,10.16,,1014,0.000,1652,524,0
2017/3/30,17:19:15,2.02e5,4467033,10.2,,1014,0.000,1679,529,0
2017/3/30,17:19:30,2.03e5,4479693,10.17,,1014,0.000,1677,545,0
2017/3/30,17:19:45,2.01e5,4458752,10.2,,1014,0.000,1652,537,0
2017/3/30,17:20:00,2.05e5,4515987,10.13,,1014,0.000,1695,521,0
2017/3/30,17:20:15,2.17e5,4672834,9.904,,1014,0.000,1687,518,0
2017/3/30,17:20:30,2.13e5,4611953,9.971,,1014,0.000,1645,543,0
2017/3/30,17:20:45,2.05e5,4506413,10.13,,1014,0.000,1685,488,0
2017/3/30,17:21:00,2.07e5,4541587,10.09,,1014,0.000,1674,504,0
2017/3/30,17:21:15,2.05e5,4511078,10.13,,1014,0.000,1695,555,0
2017/3/30,17:21:30,2.05e5,4505271,10.13,,1014,0.000,1669,549,0
2017/3/30,17:21:45,2.10e5,4583837,10.03,,1014,0.000,1673,509,0
2017/3/30,17:22:00,1.99e5,4435542,10.25,,1014,0.000,1726,515,0
2017/3/30,17:22:15,2.01e5,4461797,10.22,,1014,0.000,1680,546,0
2017/3/30,17:22:30,2.08e5,4548872,10.09,,1014,0.000,1688,518,0
2017/3/30,17:22:45,2.04e5,4502602,10.15,,1014,0.000,1685,495,0
2017/3/30,17:23:00,2.05e5,4510566,10.15,,1014,0.000,1654,551,0
2017/3/30,17:23:15,2.06e5,4524823,10.13,,1014,0.000,1672,515,0
2017/3/30,17:23:30,2.14e5,4631646,9.984,,1014,0.000,1694,538,0
2017/3/30,17:23:45,2.06e5,4524421,10.13,,1014,0.000,1694,539,0
2017/3/30,17:24:00,2.01e5,4462679,10.22,,1014,0.000,1707,524,0
2017/3/30,17:24:15,2.09e5,4566981,10.08,,1014,0.000,1677,513,0
2017/3/30,17:24:30,1.98e5,4418701,10.28,,1014,0.000,1734,515,0
2017/3/30,17:24:45,2.06e5,4523157,10.13,,1014,0.000,1650,505,0
2017/3/30,17:25:00,2.10e5,4576500,10.05,,1014,0.000,1701,523,0
2017/3/30,17:25:15,2.06e5,4536407,10.12,,1014,0.000,1678,520,0
2017/3/30,17:25:30,2.01e5,4464425,10.22,,1014,0.000,1668,494,0
2017/3/30,17:25:45,2.00e5,4447367,10.24,,1014,0.000,1684,557,0
2017/3/30,17:26:00,2.02e5,4480451,10.19,,1014,0.000,1684,532,0
2017/3/30,17:26:15,2.01e5,4465870,10.22,,1014,0.000,1667,541,0
2017/3/30,17:26:30,2.00e5,4453612,10.23,,1014,0.000,1690,529,0
2017/3/30,17:26:45,2.18e5,4680544,9.922,,1014,0.000,1630,506,0
2017/3/30,17:27:00,1.90e5,4299975,10.43,,1014,0.000,1722,531,0
2017/3/30,17:27:15,1.79e5,4140531,10.65,,1014,0.000,1741,522,0
2017/3/30,17:27:30,1.63e5,3885476,10.97,,1014,0.000,1778,531,0
2017/3/30,17:27:45,1.55e5,3752464,11.14,,1014,0.000,1809,524,0
2017/3/30,17:28:00,1.48e5,3623296,11.29,,1014,0.000,1790,507,0
2017/3/30,17:28:15,1.50e5,3666369,11.24,,1014,0.000,1779,535,0
2017/3/30,17:28:30,1.43e5,3546877,11.38,,1014,0.000,1806,509,0
2017/3/30,17:28:45,1.34e5,3369848,11.59,,1014,0.000,1812,510,0
2017/3/30,17:29:00,1.32e5,3342969,11.62,,1014,0.000,1839,513,0
2017/3/30,17:29:15,1.30e5,3294032,11.68,,1014,0.000,1823,500,0
2017/3/30,17:29:30,1.33e5,3353243,11.6,,1014,0.000,1820,495,0
2017/3/30,17:29:45,1.23e5,3172828,11.81,,1014,0.000,1850,502,0
2017/3/30,17:30:00,1.15e5,2995205,12.01,,1014,0.000,1855,522,0
2017/3/30,17:30:15,1.13e5,2972607,12.04,,1014,0.000,1839,521,0
2017/3/30,17:30:30,1.09e5,2879736,12.14,,1014,0.000,1877,500,0
2017/3/30,17:30:45,1.03e5,2744337,12.29,,1014,0.000,1911,515,0
2017/3/30,17:31:00,1.03e5,2753850,12.28,,1014,0.000,1864,517,0
2017/3/30,17:31:15,9.82e4,2640560,12.4,,1014,0.000,1888,479,0
2017/3/30,17:31:30,9.54e4,2578722,12.46,,1014,0.000,1884,517,0
2017/3/30,17:31:45,9.03e4,2463808,12.59,,1014,0.000,1949,483,0
2017/3/30,17:32:00,8.96e4,2448566,12.6,,1014,0.000,1921,534,0
2017/3/30,17:32:15,8.73e4,2397043,12.66,,1014,0.000,1970,493,0
2017/3/30,17:32:30,8.30e4,2296360,12.76,,1014,0.000,1967,491,0
2017/3/30,17:32:45,8.22e4,2276920,12.78,,1014,0.000,1995,500,0
2017/3/30,17:33:00,7.72e4,2160217,12.9,,1014,0.000,1999,498,0
2017/3/30,17:33:15,7.73e4,2161123,12.9,,1014,0.000,1994,512,0
2017/3/30,17:33:30,7.28e4,2053645,13.01,,1014,0.000,2009,495,0
2017/3/30,17:33:45,7.07e4,2001411,13.06,,1014,0.000,2001,515,0
2017/3/30,17:34:00,6.93e4,1968350,13.09,,1014,0.000,1993,531,0
2017/3/30,17:34:15,6.74e4,1919464,13.14,,1014,0.000,2044,491,0
2017/3/30,17:34:30,6.72e4,1914225,13.14,,1014,0.000,2010,513,0
2017/3/30,17:34:45,6.29e4,1807391,13.25,,1014,0.000,2097,499,0
2017/3/30,17:35:00,6.02e4,1738103,13.31,,1014,0.000,2062,502,0
2017/3/30,17:35:15,5.76e4,1671948,13.38,,1014,0.000,2100,531,0
2017/3/30,17:35:30,5.76e4,1671063,13.38,,1014,0.000,2122,524,0
2017/3/30,17:35:45,5.51e4,1606673,13.44,,1014,0.000,2121,513,0
2017/3/30,17:36:00,5.43e4,1584930,13.46,,1014,0.000,2130,543,0
2017/3/30,17:36:15,5.35e4,1565015,13.48,,1014,0.000,2132,545,0
2017/3/30,17:36:30,5.26e4,1541584,13.5,,1014,0.000,2154,538,0
2017/3/30,17:36:45,4.94e4,1455421,13.59,,1014,0.000,2170,537,0
2017/3/30,17:37:00,4.84e4,1429781,13.61,,1014,0.000,2197,496,0
2017/3/30,17:37:15,4.61e4,1366661,13.67,,1014,0.000,2221,523,0
2017/3/30,17:37:30,4.58e4,1360522,13.68,,1014,0.000,2167,528,0
2017/3/30,17:37:45,4.44e4,1321908,13.71,,1014,0.000,2211,500,0
2017/3/30,17:38:00,4.35e4,1298166,13.74,,1014,0.000,2202,550,0
2017/3/30,17:38:15,4.16e4,1244932,13.79,,1014,0.000,2258,480,0
2017/3/30,17:38:30,4.10e4,1228215,13.8,,1014,0.000,2198,529,0
2017/3/30,17:38:45,3.93e4,1181884,13.85,,1014,0.000,2258,507,0
2017/3/30,17:39:00,3.74e4,1129044,13.9,,1014,0.000,2259,501,0
2017/3/30,17:39:15,3.66e4,1105125,13.92,,1014,0.000,2249,537,0
2017/3/30,17:39:30,3.55e4,1075261,13.95,,1014,0.000,2257,523,0
2017/3/30,17:39:45,3.42e4,1038886,13.98,,1014,0.000,2303,509,0
2017/3/30,17:40:00,3.29e4,1001958,14.02,,1014,0.000,2288,522,0
2017/3/30,17:40:15,3.37e4,1023877,14.0,,1014,0.000,2257,540,0
2017/3/30,17:40:30,3.21e4,979336,14.04,,1014,0.000,2305,501,0
2017/3/30,17:40:45,3.18e4,968955,14.05,,1014,0.000,2275,544,0
2017/3/30,17:41:00,3.09e4,944671,14.07,,1014,0.000,2258,555,0
2017/3/30,17:41:15,2.95e4,904521,14.11,,1014,0.000,2337,499,0
2017/3/30,17:41:30,2.89e4,886531,14.13,,1014,0.000,2344,529,0
2017/3/30,17:41:45,2.87e4,880308,14.13,,1014,0.000,2337,537,0
2017/3/30,17:42:00,2.74e4,841810,14.17,,1014,0.000,2324,544,0
2017/3/30,17:42:15,2.67e4,822361,14.19,,1014,0.000,2336,528,0
2017/3/30,17:42:30,2.61e4,805225,14.21,,1014,0.000,2351,524,0
2017/3/30,17:42:45,2.58e4,797880,14.21,,1014,0.000,2371,491,0
2017/3/30,17:43:00,2.51e4,774903,14.23,,1014,0.000,2374,501,0
2017/3/30,17:43:15,2.38e4,737668,14.27,,1014,0.000,2364,505,0
2017/3/30,17:43:30,2.31e4,718121,14.29,,1014,0.000,2382,498,0
2017/3/30,17:43:45,2.27e4,705427,14.3,,1014,0.000,2358,535,0
2017/3/30,17:44:00,2.22e4,689177,14.32,,1014,0.000,2391,501,0
2017/3/30,17:44:15,2.11e4,659092,14.35,,1014,0.000,2382,510,0
2017/3/30,17:44:30,2.17e4,675093,14.33,,1014,0.000,2387,523,0
2017/3/30,17:44:45,2.06e4,641618,14.36,,1014,0.000,2403,498,0
2017/3/30,17:45:00,2.03e4,633586,14.37,,1014,0.000,2395,524,0
2017/3/30,17:45:15,1.90e4,594253,14.41,,1014,0.000,2440,487,0
2017/3/30,17:45:30,1.89e4,591733,14.41,,1014,0.000,2431,490,0
2017/3/30,17:45:45,1.91e4,596940,14.4,,1014,0.000,2412,496,0
2017/3/30,17:46:00,1.81e4,566774,14.43,,1014,0.000,2434,505,0
2017/3/30,17:46:15,1.84e4,577419,14.42,,1014,0.000,2397,524,0
2017/3/30,17:46:30,1.73e4,542446,14.46,,1014,0.000,2440,502,0
2017/3/30,17:46:45,1.71e4,537918,14.46,,1014,0.000,2441,493,0
2017/3/30,17:47:00,1.64e4,517865,14.48,,1014,0.000,2429,516,0
2017/3/30,17:47:15,1.63e4,512789,14.49,,1014,0.000,2434,526,0
2017/3/30,17:47:30,1.60e4,505069,14.49,,1014,0.000,2441,517,0
2017/3/30,17:47:45,1.52e4,480126,14.52,,1014,0.000,2471,479,0
2017/3/30,17:48:00,1.50e4,474112,14.52,,1014,0.000,2458,498,0
2017/3/30,17:48:15,1.44e4,455970,14.54,,1014,0.000,2476,487,0
2017/3/30,17:48:30,1.41e4,446045,14.55,,1014,0.000,2512,444,0
2017/3/30,17:48:45,1.38e4,437821,14.56,,1014,0.000,2474,483,0
2017/3/30,17:49:00,1.34e4,426323,14.57,,1014,0.000,2480,483,0
2017/3/30,17:49:15,1.34e4,425259,14.57,,1014,0.000,2474,500,0
2017/3/30,17:49:30,1.31e4,417052,14.58,,1014,0.000,2485,479,0
2017/3/30,17:49:45,1.27e4,402853,14.59,,1014,0.000,2473,500,0
2017/3/30,17:50:00,1.22e4,388751,14.6,,1014,0.000,2437,535,0
2017/3/30,17:50:15,1.22e4,387045,14.61,,1013,0.000,2462,516,0
2017/3/30,17:50:30,1.17e4,372017,14.62,,1014,0.000,2491,494,0
2017/3/30,17:50:45,1.17e4,372360,14.62,,1014,0.000,2489,500,0
2017/3/30,17:51:00,1.17e4,371732,14.62,,1014,0.000,2480,474,0
2017/3/30,17:51:15,1.11e4,354719,14.64,,1014,0.000,2491,482,0
2017/3/30,17:51:30,1.09e4,346628,14.65,,1014,0.000,2489,487,0
2017/3/30,17:51:45,1.06e4,339289,14.65,,1014,0.000,2500,480,0
2017/3/30,17:52:00,1.04e4,332920,14.66,,1014,0.000,2521,455,0
2017/3/30,17:52:15,1.02e4,324954,14.67,,1014,0.000,2508,473,0
2017/3/30,17:52:30,9.99e3,318131,14.67,,1014,0.000,2517,471,0
2017/3/30,17:52:45,9.69e3,308813,14.68,,1014,0.000,2497,489,0
2017/3/30,17:53:00,9.28e3,296025,14.7,,1014,0.000,2513,483,0
2017/3/30,17:53:15,9.26e3,295362,14.7,,1014,0.000,2524,468,0
2017/3/30,17:53:30,9.06e3,289083,14.7,,1014,0.000,2480,494,0
2017/3/30,17:53:45,8.92e3,284836,14.71,,1014,0.000,2540,465,0
2017/3/30,17:54:00,8.88e3,283467,14.71,,1014,0.000,2546,457,0
2017/3/30,17:54:15,8.41e3,268876,14.72,,1014,0.000,2543,440,0
2017/3/30,17:54:30,8.19e3,261881,14.73,,1014,0.000,2539,461,0
2017/3/30,17:54:45,8.33e3,266448,14.73,,1014,0.000,2526,476,0
2017/3/30,17:55:00,7.87e3,252036,14.74,,1014,0.000,2528,491,0
2017/3/30,17:55:15,7.86e3,251508,14.74,,1014,0.000,2552,424,0
2017/3/30,17:55:30,7.61e3,243805,14.75,,1014,0.000,2501,504,0
2017/3/30,17:55:45,7.46e3,238962,14.75,,1014,0.000,2504,511,0
2017/3/30,17:56:00,7.33e3,234787,14.76,,1014,0.000,2508,483,0
2017/3/30,17:56:15,7.41e3,237454,14.75,,1014,0.000,2517,491,0
2017/3/30,17:56:30,7.12e3,228405,14.76,,1014,0.000,2537,457,0
2017/3/30,17:56:45,6.83e3,219297,14.77,,1014,0.000,2559,455,0
2017/3/30,17:57:00,6.82e3,218819,14.77,,1014,0.000,2530,482,0
2017/3/30,17:57:15,6.66e3,213700,14.78,,1014,0.000,2531,473,0
2017/3/30,17:57:30,6.39e3,205274,14.79,,1014,0.000,2503,511,0
2017/3/30,17:57:45,6.17e3,198359,14.79,,1014,0.000,2541,487,0
2017/3/30,17:58:00,6.19e3,199070,14.79,,1014,0.000,2547,474,0
2017/3/30,17:58:15,6.06e3,194979,14.8,,1014,0.000,2558,443,0
2017/3/30,17:58:30,5.71e3,183683,14.81,,1014,0.000,2536,483,0
2017/3/30,17:58:45,5.84e3,187869,14.8,,1014,0.000,2558,450,0
2017/3/30,17:59:00,5.80e3,186781,14.81,,1014,0.000,2524,501,0
2017/3/30,17:59:15,5.46e3,175916,14.82,,1014,0.000,2553,462,0
2017/3/30,17:59:30,5.37e3,172975,14.82,,1014,0.000,2554,483,0
2017/3/30,17:59:45,5.32e3,171341,14.82,,1014,0.000,2546,467,0
2017/3/30,18:00:00,5.41e3,174395,14.82,,1014,0.000,2515,501,0
2017/3/30,18:00:15,5.07e3,163523,14.83,,1014,0.000,2559,447,0
2017/3/30,18:00:30,5.02e3,161759,14.83,,1014,0.000,2545,474,0
2017/3/30,18:00:45,5.01e3,161674,14.83,,1013,0.000,2575,461,0
2017/3/30,18:01:00,4.81e3,155248,14.84,,1014,0.000,2557,473,0
2017/3/30,18:01:15,4.74e3,152987,14.84,,1014,0.000,2528,501,0
2017/3/30,18:01:30,4.65e3,150166,14.84,,1014,0.000,2551,472,0
2017/3/30,18:01:45,4.53e3,146152,14.85,,1014,0.000,2576,445,0
2017/3/30,18:02:00,4.45e3,143854,14.85,,1014,0.000,2539,479,0
2017/3/30,18:02:15,4.28e3,138486,14.85,,1014,0.000,2578,440,0
2017/3/30,18:02:30,4.25e3,137491,14.86,,1014,0.000,2543,472,0
2017/3/30,18:02:45,4.17e3,134726,14.86,,1014,0.000,2574,446,0
2017/3/30,18:03:00,4.12e3,133216,14.86,,1014,0.000,2556,473,0
2017/3/30,18:03:15,3.99e3,128994,14.86,,1014,0.000,2580,446,0
2017/3/30,18:03:30,3.96e3,128029,14.87,,1014,0.000,2580,447,0
2017/3/30,18:03:45,3.92e3,126644,14.87,,1014,0.000,2550,478,0
2017/3/30,18:04:00,3.75e3,121321,14.87,,1014,0.000,2537,506,0
2017/3/30,18:04:15,3.64e3,117859,14.88,,1014,0.000,2569,447,0
2017/3/30,18:04:30,3.65e3,118010,14.88,,1014,0.000,2554,460,0
2017/3/30,18:04:45,3.63e3,117575,14.88,,1014,0.000,2556,483,0
2017/3/30,18:05:00,3.55e3,114844,14.88,,1014,0.000,2565,473,0
2017/3/30,18:05:15,3.37e3,109346,14.88,,1014,0.000,2557,482,0
2017/3/30,18:05:30,3.37e3,109180,14.88,,1014,0.000,2551,499,0
2017/3/30,18:05:45,3.26e3,105867,14.89,,1014,0.000,2600,429,0
2017/3/30,18:06:00,3.27e3,106154,14.89,,1014,0.000,2564,465,0
2017/3/30,18:06:15,3.14e3,101934,14.89,,1014,0.000,2561,493,0
2017/3/30,18:06:30,3.17e3,103001,14.89,,1014,0.000,2559,463,0
2017/3/30,18:06:45,3.02e3,98106,14.9,,1014,0.000,2545,491,0
2017/3/30,18:07:00,2.98e3,96882,14.9,,1014,0.000,2561,477,0
2017/3/30,18:07:15,2.97e3,96492,14.9,,1014,0.000,2612,411,0
2017/3/30,18:07:30,2.88e3,93733,14.9,,1014,0.000,2579,443,0
2017/3/30,18:07:45,2.84e3,92492,14.9,,1014,0.000,2569,457,0
2017/3/30,18:08:00,2.71e3,88310,14.91,,1014,0.000,2558,472,0
2017/3/30,18:08:15,2.73e3,88730,14.91,,1014,0.000,2569,455,0
2017/3/30,18:08:30,2.63e3,85497,14.91,,1013,0.000,2553,474,0
2017/3/30,18:08:45,2.56e3,83499,14.91,,1014,0.000,2563,494,0
2017/3/30,18:09:00,2.62e3,85417,14.91,,1014,0.000,2601,454,0
2017/3/30,18:09:15,2.57e3,83741,14.91,,1014,0.000,2570,469,0
2017/3/30,18:09:30,2.54e3,82850,14.91,,1014,0.000,2561,480,0
2017/3/30,18:09:45,2.39e3,77700,14.92,,1014,0.000,2563,477,0
2017/3/30,18:10:00,2.40e3,78242,14.92,,1014,0.000,2575,478,0
2017/3/30,18:10:15,2.35e3,76515,14.92,,1014,0.000,2559,476,0
2017/3/30,18:10:30,2.29e3,74615,14.92,,1014,0.000,2558,488,0
2017/3/30,18:10:45,2.27e3,73784,14.92,,1014,0.000,2575,476,0
2017/3/30,18:11:00,2.24e3,72813,14.92,,1014,0.000,2597,417,0
2017/3/30,18:11:15,2.19e3,71188,14.92,,1014,0.000,2585,469,0
2017/3/30,18:11:30,2.17e3,70582,14.92,,1014,0.000,2592,438,0
2017/3/30,18:11:45,2.15e3,70029,14.93,,1014,0.000,2585,435,0
2017/3/30,18:12:00,2.15e3,69877,14.93,,1014,0.000,2572,461,0
2017/3/30,18:12:15,2.05e3,66934,14.93,,1014,0.000,2553,472,0
2017/3/30,18:12:30,2.02e3,65921,14.93,,1014,0.000,2570,483,0
2017/3/30,18:12:45,1.93e3,62797,14.93,,1014,0.000,2562,496,0
2017/3/30,18:13:00,1.92e3,62720,14.93,,1014,0.000,2581,454,0
2017/3/30,18:13:15,1.88e3,61184,14.93,,1014,0.000,2585,471,0
2017/3/30,18:13:30,1.87e3,60973,14.93,,1014,0.000,2581,476,0
2017/3/30,18:13:45,1.81e3,59103,14.94,,1014,0.000,2572,469,0
2017/3/30,18:14:00,1.79e3,58175,14.94,,1014,0.000,2572,479,0
2017/3/30,18:14:15,1.78e3,58159,14.94,,1014,0.000,2592,449,0
2017/3/30,18:14:30,1.71e3,55775,14.94,,1014,0.000,2558,500,0
2017/3/30,18:14:45,1.71e3,55882,14.94,,1014,0.000,2552,510,0
2017/3/30,18:15:00,1.67e3,54592,14.94,,1014,0.000,2578,489,0
2017/3/30,18:15:15,1.64e3,53431,14.94,,1014,0.000,2581,485,0
2017/3/30,18:15:30,1.64e3,53449,14.94,,1014,0.000,2580,455,0
2017/3/30,18:15:45,1.59e3,51953,14.94,,1014,0.000,2586,466,0
2017/3/30,18:16:00,1.53e3,49757,14.95,,1014,0.000,2579,465,0
2017/3/30,18:16:15,1.54e3,50131,14.95,,1014,0.000,2591,465,0
2017/3/30,18:16:30,1.53e3,49976,14.95,,1014,0.000,2600,460,0
2017/3/30,18:16:45,1.49e3,48741,14.95,,1014,0.000,2578,484,0
2017/3/30,18:17:00,1.50e3,48962,14.95,,1014,0.000,2570,473,0
2017/3/30,18:17:15,1.44e3,47052,14.95,,1014,0.000,2587,457,0
2017/3/30,18:17:30,1.43e3,46787,14.95,,1014,0.000,2575,483,0
2017/3/30,18:17:45,1.43e3,46488,14.95,,1014,0.000,2558,509,0
2017/3/30,18:18:00,1.40e3,45529,14.95,,1014,0.000,2569,457,0
2017/3/30,18:18:15,1.39e3,45205,14.95,,1014,0.000,2539,524,0
2017/3/30,18:18:30,1.35e3,44068,14.95,,1014,0.000,2607,423,0
2017/3/30,18:18:45,1.33e3,43477,14.95,,1014,0.000,2593,443,0
2017/3/30,18:19:00,1.29e3,42077,14.95,,1014,0.000,2603,458,0
2017/3/30,18:19:15,1.31e3,42838,14.95,,1014,0.000,2561,476,0
2017/3/30,18:19:30,1.25e3,40702,14.96,,1014,0.000,2575,468,0
2017/3/30,18:19:45,1.24e3,40317,14.96,,1014,0.000,2602,469,0
2017/3/30,18:20:00,1.27e3,41520,14.95,,1014,0.000,2608,438,0
2017/3/30,18:20:15,1.23e3,39997,14.96,,1014,0.000,2570,487,0
2017/3/30,18:20:30,1.23e3,39987,14.96,,1014,0.000,2604,428,0
2017/3/30,18:20:45,1.21e3,39583,14.96,,1014,0.000,2564,483,0
2017/3/30,18:21:00,1.20e3,39072,14.96,,1014,0.000,2575,488,0
2017/3/30,18:21:15,1.16e3,37849,14.96,,1014,0.000,2604,440,0
2017/3/30,18:21:30,1.13e3,37020,14.96,,1014,0.000,2584,471,0
2017/3/30,18:21:45,1.11e3,36348,14.96,,1014,0.000,2556,494,0
2017/3/30,18:22:00,1.10e3,35883,14.96,,1013,0.000,2572,480,0
2017/3/30,18:22:15,1.10e3,35863,14.96,,1014,0.000,2589,473,0
2017/3/30,18:22:30,1.08e3,35395,14.96,,1014,0.000,2615,433,0
2017/3/30,18:22:45,1.05e3,34265,14.96,,1014,0.000,2609,437,0
2017/3/30,18:23:00,1.02e3,33361,14.96,,1013,0.000,2559,506,0
2017/3/30,18:23:15,1.01e3,32849,14.96,,1014,0.000,2600,433,0
2017/3/30,18:23:30,1.01e3,33098,14.96,,1014,0.000,2576,479,0
2017/3/30,18:23:45,987,32091,14.96,,1014,0.000,2558,510,0
2017/3/30,18:24:00,969,31519,14.97,,1014,0.000,2622,424,0
2017/3/30,18:24:15,956,31099,14.97,,1014,0.000,2574,463,0
2017/3/30,18:24:30,931,30287,14.97,,1014,0.000,2590,472,0
2017/3/30,18:24:45,915,29747,14.97,,1013,0.000,2570,469,0
2017/3/30,18:25:00,924,30040,14.97,,1013,0.000,2604,452,0
2017/3/30,18:25:15,898,29215,14.97,,1013,0.000,2585,472,0
2017/3/30,18:25:30,878,28535,14.97,,1013,0.000,2600,467,0
2017/3/30,18:25:45,858,27909,14.97,,1014,0.000,2556,494,0
2017/3/30,18:26:00,852,27712,14.97,,1014,0.000,2565,498,0
2017/3/30,18:26:15,846,27510,14.97,,1014,0.000,2597,456,0
2017/3/30,18:26:30,839,27278,14.97,,1013,0.000,2606,444,0
2017/3/30,18:26:45,796,25871,14.97,,1013,0.000,2617,439,0
2017/3/30,18:27:00,776,25245,14.97,,1013,0.000,2591,471,0
2017/3/30,18:27:15,805,26186,14.97,,1014,0.000,2591,454,0
2017/3/30,18:27:30,790,25704,14.97,,1014,0.000,2584,465,0
2017/3/30,18:27:45,773,25125,14.97,,1014,0.000,2579,479,0
2017/3/30,18:28:00,760,24731,14.97,,1013,0.000,2574,466,0
2017/3/30,18:28:15,750,24385,14.97,,1014,0.000,2575,482,0
2017/3/30,18:28:30,749,24366,14.97,,1013,0.000,2623,410,0
2017/3/30,18:28:45,711,23111,14.97,,1014,0.000,2573,484,0
2017/3/30,18:29:00,739,24021,14.97,,1014,0.000,2580,476,0
2017/3/30,18:29:15,697,22675,14.97,,1014,0.000,2609,428,0
2017/3/30,18:29:30,672,21869,14.98,,1014,0.000,2535,507,0
2017/3/30,18:29:45,704,22905,14.97,,1013,0.000,2547,515,0
2017/3/30,18:30:00,690,22446,14.97,,1013,0.000,2589,456,0
2017/3/30,18:30:15,664,21583,14.98,,1013,0.000,2604,443,0
2017/3/30,18:30:30,644,20941,14.98,,1013,0.000,2611,440,0
2017/3/30,18:30:45,648,21076,14.98,,1013,0.000,2613,461,0
2017/3/30,18:31:00,644,20943,14.98,,1013,0.000,2592,466,0
2017/3/30,18:31:15,635,20657,14.98,,1014,0.000,2598,454,0
2017/3/30,18:31:30,608,19784,14.98,,1013,0.000,2581,490,0
2017/3/30,18:31:45,620,20182,14.98,,1014,0.000,2604,413,0
2017/3/30,18:32:00,595,19355,14.98,,1014,0.000,2581,477,0
2017/3/30,18:32:15,603,19606,14.98,,1014,0.000,2563,515,0
2017/3/30,18:32:30,580,18852,14.98,,1014,0.000,2565,512,0
2017/3/30,18:32:45,595,19350,14.98,,1014,0.000,2620,424,0
2017/3/30,18:33:00,566,18419,14.98,,1014,0.000,2581,473,0
2017/3/30,18:33:15,563,18299,14.98,,1013,0.000,2608,447,0
2017/3/30,18:33:30,560,18203,14.98,,1014,0.000,2613,437,0
2017/3/30,18:33:45,540,17570,14.98,,1014,0.000,2602,460,0
2017/3/30,18:34:00,549,17868,14.98,,1014,0.000,2575,491,0
2017/3/30,18:34:15,543,17662,14.98,,1014,0.000,2622,428,0
2017/3/30,18:34:30,530,17245,14.98,,1014,0.000,2574,480,0
2017/3/30,18:34:45,541,17601,14.98,,1014,0.000,2615,423,0
2017/3/30,18:35:00,523,17005,14.98,,1014,0.000,2611,422,0
2017/3/30,18:35:15,513,16673,14.98,,1013,0.000,2567,495,0
2017/3/30,18:35:30,502,16340,14.98,,1014,0.000,2564,493,0
2017/3/30,18:35:45,507,16495,14.98,,1014,0.000,2572,480,0
2017/3/30,18:36:00,496,16136,14.98,,1014,0.000,2614,446,0
2017/3/30,18:36:15,492,16014,14.98,,1014,0.000,2570,476,0
2017/3/30,18:36:30,482,15665,14.98,,1014,0.000,2624,419,0
2017/3/30,18:36:45,475,15456,14.98,,1014,0.000,2567,479,0
2017/3/30,18:37:00,464,15084,14.98,,1014,0.000,2604,460,0
2017/3/30,18:37:15,466,15167,14.98,,1014,0.000,2593,443,0
2017/3/30,18:37:30,466,15151,14.98,,1014,0.000,2572,504,0
2017/3/30,18:37:45,457,14877,14.98,,1014,0.000,2602,457,0
2017/3/30,18:38:00,451,14663,14.98,,1013,0.000,2593,472,0
2017/3/30,18:38:15,446,14512,14.98,,1014,0.000,2581,488,0
2017/3/30,18:38:30,429,13967,14.98,,1014,0.000,2603,443,0
2017/3/30,18:38:45,446,14523,14.98,,1014,0.000,2597,472,0
2017/3/30,18:39:00,438,14240,14.98,,1014,0.000,2570,489,0
2017/3/30,18:39:15,443,14423,14.98,,1014,0.000,2574,482,0
2017/3/30,18:39:30,427,13886,14.98,,1014,0.000,2580,473,0
2017/3/30,18:39:45,410,13335,14.98,,1013,0.000,2569,493,0
2017/3/30,18:40:00,416,13531,14.98,,1014,0.000,2611,441,0
2017/3/30,18:40:15,414,13477,14.98,,1014,0.000,2586,441,0
2017/3/30,18:40:30,404,13153,14.98,,1014,0.000,2634,418,0
2017/3/30,18:40:45,398,12950,14.99,,1014,0.000,2570,479,0
