TSI CPC DATA VERSION 3
1490180401,2017/3/22,11:00:01
15
1.08,130
Model 3783 Ver 1.27 S/N 3783111302
"Date","Time","Concentration","Count"," Live-Time","Blank","Abs Press"," Analog In","Pulse Height"," Pulse STD","Status Flags"
2017/3/22,11:00:00,635,20504,14.88,,1006,0.000,2606,427,0
2017/3/22,11:00:15,646,20996,14.98,,1006,0.000,2589,445,0
2017/3/22,11:00:30,614,19985,14.98,,1006,0.000,2593,460,0
2017/3/22,11:00:45,601,19539,14.98,,1006,0.000,2604,416,0
2017/3/22,11:01:00,613,19945,14.98,,1006,0.000,2600,428,0
2017/3/22,11:01:15,598,19460,14.98,,1006,0.000,2608,438,0
2017/3/22,11:01:30,590,19177,14.98,,1006,0.000,2596,444,0
2017/3/22,11:01:45,628,20414,14.98,,1006,0.000,2598,456,0
2017/3/22,11:02:00,634,20608,14.98,,1006,0.000,2572,458,0
2017/3/22,11:02:15,625,20341,14.98,,1006,0.000,2586,451,0
2017/3/22,11:02:30,647,21031,14.98,,1006,0.000,2617,419,0
2017/3/22,11:02:45,630,20507,14.98,,1006,0.000,2630,407,0
2017/3/22,11:03:00,633,20603,14.98,,1006,0.000,2619,415,0
2017/3/22,11:03:15,623,20259,14.98,,1006,0.000,2550,495,0
2017/3/22,11:03:30,616,20022,14.98,,1006,0.000,2589,440,0
2017/3/22,11:03:45,595,19361,14.98,,1006,0.000,2559,460,0
2017/3/22,11:04:00,603,19628,14.98,,1006,0.000,2569,447,0
2017/3/22,11:04:15,627,20409,14.98,,1006,0.000,2550,471,0
2017/3/22,11:04:30,1.84e3,58985,14.94,,1006,0.000,2559,468,0
2017/3/22,11:04:45,8.75e3,278827,14.72,,1006,0.000,2492,413,0
2017/3/22,11:05:00,6.77e3,217042,14.78,,1006,0.000,2542,394,0
2017/3/22,11:05:15,7.26e3,232871,14.77,,1006,0.000,2523,406,0
2017/3/22,11:05:30,9.40e3,300018,14.7,,1006,0.000,2475,424,0
2017/3/22,11:05:45,1.16e4,368737,14.64,,1006,0.000,2456,449,0
2017/3/22,11:06:00,7.73e3,247523,14.75,,1006,0.000,2482,428,0
2017/3/22,11:06:15,1.06e4,337499,14.67,,1006,0.000,2467,443,0
2017/3/22,11:06:30,1.90e4,589618,14.43,,1006,0.000,2426,411,0
2017/3/22,11:06:45,1.53e4,483209,14.53,,1006,0.000,2457,416,0
2017/3/22,11:07:00,2.86e4,877016,14.17,,1006,0.000,2324,388,0
2017/3/22,11:07:15,4.37e4,1296863,13.77,,1006,0.000,2171,417,0
2017/3/22,11:07:30,8.54e4,2330908,12.75,,1006,0.000,1976,417,0
2017/3/22,11:07:45,6.61e4,1871878,13.21,,1006,0.000,2045,428,0
2017/3/22,11:08:00,5.89e4,1706248,13.38,,1006,0.000,2064,397,0
2017/3/22,11:08:15,1.02e5,2673014,12.36,,1006,0.000,1893,456,0
2017/3/22,11:08:30,8.74e4,2389401,12.68,,1006,0.000,1932,415,0
2017/3/22,11:08:45,9.86e4,2648722,12.42,,1006,0.000,1885,451,0
2017/3/22,11:09:00,1.22e5,3140503,11.87,,1006,0.000,1811,437,0
2017/3/22,11:09:15,1.36e5,3411222,11.57,,1006,0.000,1799,457,0
2017/3/22,11:09:30,1.35e5,3389666,11.59,,1006,0.000,1798,466,0
2017/3/22,11:09:45,1.44e5,3559240,11.4,,1006,0.000,1741,452,0
2017/3/22,11:10:00,1.71e5,4016127,10.84,,1006,0.000,1690,477,0
2017/3/22,11:10:15,1.57e5,3791256,11.11,,1006,0.000,1729,477,0
2017/3/22,11:10:30,1.59e5,3825157,11.08,,1006,0.000,1719,465,0
2017/3/22,11:10:45,1.64e5,3915053,10.97,,1006,0.000,1745,456,0
2017/3/22,11:11:00,1.83e5,4207193,10.6,,1006,0.000,1660,489,0
2017/3/22,11:11:15,1.98e5,4417772,10.31,,1006,0.000,1655,510,0
2017/3/22,11:11:30,2.20e5,4714304,9.901,,1006,0.000,1595,473,0
2017/3/22,11:11:45,2.34e5,4886324,9.648,,1006,0.000,1607,518,0
2017/3/22,11:12:00,2.22e5,4745105,9.872,,1006,0.000,1622,499,0
2017/3/22,11:12:15,2.48e5,5052026,9.402,,1006,0.000,1553,509,0
2017/3/22,11:12:30,2.59e5,5172869,9.208,,1006,0.000,1593,518,0
2017/3/22,11:12:45,3.14e5,5658246,8.312,,1006,0.000,1453,501,0
2017/3/22,11:13:00,3.34e5,5744834,8.062,,1006,0.000,1488,567,0
2017/3/22,11:13:15,3.39e5,5836322,7.935,,1006,0.000,1439,545,0
2017/3/22,11:13:30,3.29e5,5765971,8.09,,1006,0.000,1481,539,0
2017/3/22,11:13:45,3.14e5,5649572,8.33,,1006,0.000,1479,537,0
2017/3/22,11:14:00,3.61e5,5962143,7.63,,1006,0.000,1479,560,0
2017/3/22,11:14:15,3.44e5,5868387,7.878,,1007,0.000,1473,531,0
2017/3/22,11:14:30,3.36e5,5817213,7.98,,1006,0.000,1441,528,0
2017/3/22,11:14:45,3.51e5,5900869,7.767,,1006,0.000,1436,515,0
2017/3/22,11:15:00,3.46e5,5881546,7.842,,1006,0.000,1457,541,0
2017/3/22,11:15:15,3.39e5,5826250,7.933,,1006,0.000,1485,559,0
2017/3/22,11:15:30,3.89e5,6105734,7.238,,1006,0.000,1450,565,0
2017/3/22,11:15:45,3.93e5,6117388,7.186,,1006,0.000,1419,555,0
2017/3/22,11:16:00,3.77e5,6054824,7.397,,1006,0.000,1457,563,0
2017/3/22,11:16:15,3.74e5,6033123,7.429,,1006,0.000,1436,550,0
2017/3/22,11:16:30,3.76e5,6042428,7.414,,1007,0.000,1452,554,0
2017/3/22,11:16:45,3.88e5,6096331,7.253,,1007,0.000,1436,557,0
2017/3/22,11:17:00,3.77e5,6022702,7.446,,1006,0.000,1417,559,0
2017/3/22,11:17:15,3.67e5,5998233,7.545,,1007,0.000,1425,524,0
2017/3/22,11:17:30,3.49e5,5901144,7.789,,1007,0.000,1499,534,0
2017/3/22,11:17:45,3.54e5,5924239,7.715,,1007,0.000,1494,543,0
2017/3/22,11:18:00,3.55e5,5932561,7.704,,1007,0.000,1446,537,0
2017/3/22,11:18:15,3.53e5,5922893,7.737,,1007,0.000,1456,552,0
2017/3/22,11:18:30,3.47e5,5887245,7.812,,1006,0.000,1475,533,0
2017/3/22,11:18:45,3.62e5,5967411,7.607,,1006,0.000,1444,550,0
2017/3/22,11:19:00,3.83e5,6075239,7.324,,1007,0.000,1484,538,0
2017/3/22,11:19:15,3.57e5,5937793,7.665,,1007,0.000,1447,538,0
2017/3/22,11:19:30,3.51e5,5905835,7.763,,1007,0.000,1452,526,0
2017/3/22,11:19:45,3.57e5,5939258,7.669,,1007,0.000,1455,537,0
2017/3/22,11:20:00,3.53e5,5923700,7.735,,1007,0.000,1483,543,0
2017/3/22,11:20:15,3.65e5,5982717,7.564,,1007,0.000,1466,532,0
2017/3/22,11:20:30,3.71e5,6017867,7.486,,1007,0.000,1448,545,0
2017/3/22,11:20:45,3.72e5,6030517,7.467,,1007,0.000,1462,521,0
2017/3/22,11:21:00,3.63e5,5984037,7.604,,1007,0.000,1453,538,0
2017/3/22,11:21:15,3.53e5,5920904,7.734,,1007,0.000,1473,537,0
2017/3/22,11:21:30,3.48e5,5890602,7.807,,1007,0.000,1473,549,0
2017/3/22,11:21:45,3.30e5,5777211,8.066,,1007,0.000,1513,532,0
2017/3/22,11:22:00,3.31e5,5785634,8.056,,1007,0.000,1491,516,0
2017/3/22,11:22:15,3.31e5,5784845,8.049,,1007,0.000,1479,533,0
2017/3/22,11:22:30,3.28e5,5761815,8.088,,1007,0.000,1463,544,0
2017/3/22,11:22:45,3.15e5,5671641,8.293,,1007,0.000,1480,499,0
2017/3/22,11:23:00,3.18e5,5691390,8.252,,1007,0.000,1506,538,0
2017/3/22,11:23:15,3.19e5,5698270,8.238,,1007,0.000,1492,556,0
2017/3/22,11:23:30,3.07e5,5603984,8.424,,1007,0.000,1486,523,0
2017/3/22,11:23:45,3.07e5,5608312,8.417,,1007,0.000,1510,545,0
2017/3/22,11:24:00,3.05e5,5594937,8.456,,1007,0.000,1480,515,0
2017/3/22,11:24:15,2.96e5,5514021,8.594,,1007,0.000,1530,567,0
2017/3/22,11:24:30,2.80e5,5373988,8.844,,1007,0.000,1530,538,0
2017/3/22,11:24:45,2.75e5,5330688,8.93,,1007,0.000,1512,511,0
2017/3/22,11:25:00,2.83e5,5407218,8.797,,1007,0.000,1495,512,0
2017/3/22,11:25:15,2.75e5,5331316,8.93,,1007,0.000,1527,511,0
2017/3/22,11:25:30,2.71e5,5285880,9.002,,1007,0.000,1569,527,0
2017/3/22,11:25:45,2.77e5,5352159,8.894,,1007,0.000,1542,533,0
2017/3/22,11:26:00,2.71e5,5290680,9.001,,1007,0.000,1561,539,0
2017/3/22,11:26:15,2.58e5,5161919,9.217,,1007,0.000,1563,504,0
2017/3/22,11:26:30,2.56e5,5141565,9.247,,1007,0.000,1589,513,0
2017/3/22,11:26:45,2.53e5,5114659,9.298,,1007,0.000,1566,529,0
2017/3/22,11:27:00,2.42e5,4988773,9.5,,1007,0.000,1566,510,0
2017/3/22,11:27:15,2.55e5,5131047,9.264,,1007,0.000,1579,523,0
2017/3/22,11:27:30,2.61e5,5190269,9.175,,1007,0.000,1531,494,0
2017/3/22,11:27:45,2.57e5,5153945,9.228,,1007,0.000,1594,524,0
2017/3/22,11:28:00,2.58e5,5164854,9.222,,1007,0.000,1546,531,0
2017/3/22,11:28:15,2.54e5,5120240,9.29,,1007,0.000,1586,532,0
2017/3/22,11:28:30,2.54e5,5126157,9.283,,1007,0.000,1557,521,0
2017/3/22,11:28:45,2.45e5,5021360,9.447,,1007,0.000,1586,522,0
2017/3/22,11:29:00,2.39e5,4957246,9.549,,1007,0.000,1589,496,0
2017/3/22,11:29:15,2.33e5,4885012,9.654,,1007,0.000,1625,505,0
2017/3/22,11:29:30,2.25e5,4782957,9.8,,1007,0.000,1643,517,0
2017/3/22,11:29:45,2.28e5,4822788,9.742,,1007,0.000,1601,501,0
2017/3/22,11:30:00,2.21e5,4739366,9.866,,1007,0.000,1625,518,0
2017/3/22,11:30:15,2.24e5,4771135,9.826,,1007,0.000,1618,526,0
2017/3/22,11:30:30,2.15e5,4659647,9.982,,1007,0.000,1643,499,0
2017/3/22,11:30:45,2.13e5,4630202,10.02,,1007,0.000,1594,498,0
2017/3/22,11:31:00,2.15e5,4664236,9.989,,1007,0.000,1632,495,0
2017/3/22,11:31:15,2.09e5,4584756,10.09,,1007,0.000,1634,515,0
2017/3/22,11:31:30,2.04e5,4519324,10.18,,1007,0.000,1633,517,0
2017/3/22,11:31:45,2.10e5,4597415,10.08,,1007,0.000,1607,491,0
2017/3/22,11:32:00,2.08e5,4575207,10.11,,1007,0.000,1673,502,0
2017/3/22,11:32:15,2.07e5,4550073,10.13,,1007,0.000,1665,510,0
2017/3/22,11:32:30,2.13e5,4641143,10.01,,1007,0.000,1623,511,0
2017/3/22,11:32:45,2.13e5,4633648,10.03,,1007,0.000,1621,517,0
2017/3/22,11:33:00,2.10e5,4601590,10.08,,1007,0.000,1649,506,0
2017/3/22,11:33:15,2.04e5,4518545,10.19,,1007,0.000,1655,501,0
2017/3/22,11:33:30,2.06e5,4542818,10.15,,1007,0.000,1621,483,0
2017/3/22,11:33:45,1.92e5,4334511,10.44,,1007,0.000,1669,504,0
2017/3/22,11:34:00,1.94e5,4383956,10.38,,1007,0.000,1667,506,0
2017/3/22,11:34:15,1.91e5,4329026,10.45,,1007,0.000,1666,478,0
2017/3/22,11:34:30,1.96e5,4402395,10.35,,1007,0.000,1662,504,0
2017/3/22,11:34:45,1.99e5,4440324,10.29,,1007,0.000,1644,494,0
2017/3/22,11:35:00,1.97e5,4413956,10.33,,1007,0.000,1655,507,0
2017/3/22,11:35:15,1.94e5,4370810,10.39,,1007,0.000,1674,501,0
2017/3/22,11:35:30,1.88e5,4295159,10.49,,1007,0.000,1665,512,0
2017/3/22,11:35:45,2.00e5,4455695,10.28,,1007,0.000,1693,500,0
2017/3/22,11:36:00,2.09e5,4584602,10.1,,1007,0.000,1633,480,0
2017/3/22,11:36:15,2.28e5,4827312,9.758,,1007,0.000,1617,515,0
2017/3/22,11:36:30,2.13e5,4646293,10.02,,1007,0.000,1616,483,0
2017/3/22,11:36:45,2.10e5,4589073,10.1,,1007,0.000,1628,476,0
2017/3/22,11:37:00,1.88e5,4292625,10.5,,1007,0.000,1674,485,0
2017/3/22,11:37:15,1.80e5,4162733,10.67,,1007,0.000,1711,495,0
2017/3/22,11:37:30,1.70e5,4012807,10.85,,1007,0.000,1701,512,0
2017/3/22,11:37:45,1.68e5,3973201,10.9,,1007,0.000,1719,465,0
2017/3/22,11:38:00,1.64e5,3920508,10.97,,1007,0.000,1719,468,0
2017/3/22,11:38:15,1.56e5,3783829,11.14,,1007,0.000,1749,494,0
2017/3/22,11:38:30,1.50e5,3679897,11.26,,1007,0.000,1761,487,0
2017/3/22,11:38:45,1.44e5,3559774,11.41,,1007,0.000,1774,499,0
2017/3/22,11:39:00,1.36e5,3415713,11.57,,1007,0.000,1811,472,0
2017/3/22,11:39:15,1.31e5,3330254,11.67,,1007,0.000,1824,493,0
2017/3/22,11:39:30,1.25e5,3213016,11.8,,1007,0.000,1799,489,0
2017/3/22,11:39:45,1.20e5,3103658,11.93,,1007,0.000,1829,468,0
2017/3/22,11:40:00,1.15e5,3013775,12.03,,1007,0.000,1840,446,0
2017/3/22,11:40:15,1.07e5,2852427,12.2,,1007,0.000,1846,461,0
2017/3/22,11:40:30,1.04e5,2771640,12.29,,1007,0.000,1892,472,0
2017/3/22,11:40:45,9.91e4,2664548,12.4,,1007,0.000,1871,473,0
2017/3/22,11:41:00,9.49e4,2572131,12.5,,1007,0.000,1878,473,0
2017/3/22,11:41:15,9.03e4,2469486,12.61,,1007,0.000,1916,458,0
2017/3/22,11:41:30,8.67e4,2386774,12.69,,1007,0.000,1903,456,0
2017/3/22,11:41:45,8.22e4,2281670,12.8,,1007,0.000,1928,451,0
2017/3/22,11:42:00,8.04e4,2239498,12.84,,1007,0.000,1943,457,0
2017/3/22,11:42:15,7.82e4,2187019,12.89,,1007,0.000,1933,471,0
2017/3/22,11:42:30,7.04e4,1998196,13.08,,1007,0.000,2010,445,0
2017/3/22,11:42:45,7.12e4,2017543,13.06,,1007,0.000,1975,462,0
2017/3/22,11:43:00,7.15e4,2024997,13.06,,1007,0.000,1975,441,0
2017/3/22,11:43:15,6.93e4,1970119,13.11,,1007,0.000,1999,451,0
2017/3/22,11:43:30,6.40e4,1838281,13.24,,1007,0.000,1983,450,0
2017/3/22,11:43:45,5.93e4,1717697,13.36,,1007,0.000,2031,474,0
2017/3/22,11:44:00,5.67e4,1650769,13.42,,1007,0.000,2081,467,0
2017/3/22,11:44:15,5.40e4,1581027,13.49,,1007,0.000,2064,466,0
2017/3/22,11:44:30,5.19e4,1524196,13.54,,1007,0.000,2108,452,0
2017/3/22,11:44:45,4.99e4,1472306,13.59,,1007,0.000,2149,460,0
2017/3/22,11:45:00,4.87e4,1440222,13.62,,1007,0.000,2133,454,0
2017/3/22,11:45:15,4.64e4,1377941,13.68,,1007,0.000,2136,457,0
2017/3/22,11:45:30,4.39e4,1308619,13.75,,1007,0.000,2161,454,0
2017/3/22,11:45:45,4.40e4,1311057,13.74,,1007,0.000,2204,439,0
2017/3/22,11:46:00,4.06e4,1220092,13.83,,1007,0.000,2226,462,0
2017/3/22,11:46:15,3.91e4,1178441,13.87,,1007,0.000,2215,457,0
2017/3/22,11:46:30,3.95e4,1188191,13.86,,1007,0.000,2213,449,0
2017/3/22,11:46:45,3.71e4,1119937,13.92,,1007,0.000,2232,472,0
2017/3/22,11:47:00,3.51e4,1065432,13.98,,1007,0.000,2275,466,0
2017/3/22,11:47:15,3.38e4,1028154,14.01,,1007,0.000,2275,467,0
2017/3/22,11:47:30,3.21e4,980156,14.06,,1007,0.000,2294,461,0
2017/3/22,11:47:45,3.08e4,942768,14.09,,1007,0.000,2297,463,0
2017/3/22,11:48:00,3.01e4,922978,14.11,,1007,0.000,2304,458,0
2017/3/22,11:48:15,2.89e4,886601,14.14,,1007,0.000,2321,451,0
2017/3/22,11:48:30,2.73e4,841443,14.19,,1007,0.000,2335,478,0
2017/3/22,11:48:45,2.65e4,818796,14.21,,1007,0.000,2348,456,0
2017/3/22,11:49:00,2.53e4,783391,14.24,,1007,0.000,2360,461,0
2017/3/22,11:49:15,2.40e4,745893,14.28,,1007,0.000,2351,468,0
2017/3/22,11:49:30,2.24e4,698656,14.32,,1007,0.000,2374,458,0
2017/3/22,11:49:45,2.15e4,668946,14.35,,1007,0.000,2425,423,0
2017/3/22,11:50:00,2.13e4,665749,14.35,,1007,0.000,2385,461,0
2017/3/22,11:50:15,2.03e4,634019,14.38,,1007,0.000,2430,427,0
2017/3/22,11:50:30,1.91e4,599458,14.41,,1007,0.000,2415,430,0
2017/3/22,11:50:45,1.91e4,599792,14.41,,1007,0.000,2443,427,0
2017/3/22,11:51:00,1.81e4,567008,14.45,,1007,0.000,2413,435,0
2017/3/22,11:51:15,1.71e4,537535,14.47,,1007,0.000,2460,417,0
2017/3/22,11:51:30,1.64e4,517968,14.49,,1007,0.000,2469,419,0
2017/3/22,11:51:45,1.58e4,497324,14.51,,1007,0.000,2459,407,0
2017/3/22,11:52:00,1.53e4,483399,14.52,,1007,0.000,2449,441,0
2017/3/22,11:52:15,1.45e4,457570,14.55,,1007,0.000,2479,415,0
2017/3/22,11:52:30,1.37e4,435138,14.57,,1007,0.000,2473,439,0
2017/3/22,11:52:45,1.34e4,424167,14.58,,1007,0.000,2493,405,0
2017/3/22,11:53:00,1.27e4,403114,14.6,,1007,0.000,2486,418,0
2017/3/22,11:53:15,1.23e4,391324,14.61,,1007,0.000,2487,428,0
2017/3/22,11:53:30,1.18e4,374990,14.63,,1007,0.000,2508,401,0
2017/3/22,11:53:45,1.12e4,357643,14.64,,1007,0.000,2473,446,0
2017/3/22,11:54:00,1.08e4,345995,14.66,,1007,0.000,2513,412,0
2017/3/22,11:54:15,1.04e4,331639,14.67,,1007,0.000,2497,439,0
2017/3/22,11:54:30,9.98e3,317939,14.68,,1007,0.000,2519,412,0
2017/3/22,11:54:45,9.82e3,312981,14.69,,1007,0.000,2502,429,0
2017/3/22,11:55:00,9.34e3,298105,14.7,,1007,0.000,2539,383,0
2017/3/22,11:55:15,8.69e3,277872,14.72,,1007,0.000,2528,395,0
2017/3/22,11:55:30,8.38e3,267992,14.73,,1007,0.000,2541,385,0
2017/3/22,11:55:45,7.91e3,253378,14.74,,1007,0.000,2548,401,0
2017/3/22,11:56:00,7.68e3,246063,14.75,,1007,0.000,2561,388,0
2017/3/22,11:56:15,7.42e3,237794,14.76,,1007,0.000,2523,446,0
2017/3/22,11:56:30,6.98e3,223964,14.77,,1007,0.000,2559,383,0
2017/3/22,11:56:45,6.80e3,218213,14.78,,1007,0.000,2564,382,0
2017/3/22,11:57:00,6.60e3,212094,14.79,,1008,0.000,2572,391,0
2017/3/22,11:57:15,6.31e3,202925,14.79,,1007,0.000,2575,399,0
2017/3/22,11:57:30,6.06e3,194863,14.8,,1007,0.000,2535,435,0
2017/3/22,11:57:45,5.70e3,183578,14.81,,1007,0.000,2568,391,0
2017/3/22,11:58:00,5.59e3,180074,14.82,,1007,0.000,2573,380,0
2017/3/22,11:58:15,5.27e3,169888,14.83,,1007,0.000,2595,386,0
2017/3/22,11:58:30,5.04e3,162483,14.83,,1007,0.000,2592,356,0
2017/3/22,11:58:45,4.95e3,159692,14.84,,1008,0.000,2546,433,0
2017/3/22,11:59:00,4.73e3,152618,14.84,,1008,0.000,2585,388,0
2017/3/22,11:59:15,4.42e3,142843,14.85,,1008,0.000,2587,399,0
2017/3/22,11:59:30,4.27e3,138217,14.86,,1007,0.000,2608,366,0
2017/3/22,11:59:45,4.19e3,135472,14.86,,1007,0.000,2580,418,0
2017/3/22,12:00:00,3.99e3,129221,14.87,,1007,0.000,2584,380,0
2017/3/22,12:00:15,3.73e3,120544,14.88,,1008,0.000,2591,375,0
2017/3/22,12:00:30,3.56e3,115103,14.88,,1007,0.000,2591,380,0
2017/3/22,12:00:45,3.40e3,110111,14.89,,1007,0.000,2609,374,0
2017/3/22,12:01:00,3.43e3,111285,14.89,,1007,0.000,2584,389,0
2017/3/22,12:01:15,3.35e3,108507,14.89,,1007,0.000,2586,407,0
2017/3/22,12:01:30,3.13e3,101742,14.89,,1007,0.000,2591,388,0
2017/3/22,12:01:45,3.07e3,99692,14.9,,1007,0.000,2634,335,0
2017/3/22,12:02:00,2.89e3,94130,14.9,,1007,0.000,2589,402,0
2017/3/22,12:02:15,2.70e3,87787,14.91,,1007,0.000,2602,384,0
2017/3/22,12:02:30,2.57e3,83532,14.91,,1008,0.000,2612,366,0
2017/3/22,12:02:45,2.47e3,80316,14.92,,1007,0.000,2635,354,0
2017/3/22,12:03:00,2.38e3,77539,14.92,,1008,0.000,2609,384,0
2017/3/22,12:03:15,2.30e3,74853,14.92,,1007,0.000,2591,396,0
2017/3/22,12:03:30,2.26e3,73525,14.92,,1007,0.000,2622,364,0
2017/3/22,12:03:45,2.11e3,68859,14.93,,1008,0.000,2624,349,0
2017/3/22,12:04:00,2.08e3,67795,14.93,,1008,0.000,2625,360,0
2017/3/22,12:04:15,1.90e3,61937,14.93,,1008,0.000,2640,357,0
2017/3/22,12:04:30,1.84e3,59990,14.94,,1007,0.000,2628,360,0
2017/3/22,12:04:45,1.80e3,58786,14.94,,1007,0.000,2612,371,0
2017/3/22,12:05:00,1.73e3,56307,14.94,,1008,0.000,2592,416,0
2017/3/22,12:05:15,1.66e3,54248,14.94,,1008,0.000,2634,361,0
2017/3/22,12:05:30,1.59e3,51948,14.95,,1008,0.000,2619,386,0
2017/3/22,12:05:45,1.57e3,51306,14.95,,1008,0.000,2609,385,0
2017/3/22,12:06:00,1.47e3,47780,14.95,,1008,0.000,2593,421,0
2017/3/22,12:06:15,1.46e3,47556,14.95,,1008,0.000,2612,386,0
2017/3/22,12:06:30,1.36e3,44363,14.95,,1008,0.000,2619,363,0
2017/3/22,12:06:45,1.34e3,43665,14.95,,1008,0.000,2613,386,0
2017/3/22,12:07:00,1.28e3,41735,14.96,,1008,0.000,2586,418,0
2017/3/22,12:07:15,1.25e3,40866,14.96,,1007,0.000,2598,402,0
2017/3/22,12:07:30,1.21e3,39567,14.96,,1008,0.000,2631,352,0
2017/3/22,12:07:45,1.19e3,38993,14.96,,1008,0.000,2600,408,0
2017/3/22,12:08:00,1.16e3,37721,14.96,,1008,0.000,2593,408,0
2017/3/22,12:08:15,1.12e3,36582,14.96,,1008,0.000,2628,367,0
2017/3/22,12:08:30,1.10e3,36066,14.96,,1008,0.000,2613,407,0
2017/3/22,12:08:45,1.03e3,33550,14.96,,1008,0.000,2622,377,0
2017/3/22,12:09:00,1.01e3,33100,14.96,,1008,0.000,2593,408,0
2017/3/22,12:09:15,993,32281,14.97,,1008,0.000,2606,400,0
2017/3/22,12:09:30,980,31868,14.97,,1008,0.000,2608,404,0
2017/3/22,12:09:45,932,30306,14.97,,1008,0.000,2604,411,0
2017/3/22,12:10:00,940,30563,14.97,,1007,0.000,2590,418,0
2017/3/22,12:10:15,913,29680,14.97,,1008,0.000,2601,393,0
2017/3/22,12:10:30,903,29374,14.97,,1008,0.000,2584,452,0
2017/3/22,12:10:45,847,27544,14.97,,1008,0.000,2618,377,0
2017/3/22,12:11:00,859,27919,14.97,,1008,0.000,2623,397,0
2017/3/22,12:11:15,840,27309,14.97,,1008,0.000,2595,419,0
2017/3/22,12:11:30,768,24984,14.97,,1008,0.000,2606,404,0
2017/3/22,12:11:45,804,26159,14.97,,1008,0.000,2584,416,0
2017/3/22,12:12:00,744,24187,14.97,,1008,0.000,2583,432,0
2017/3/22,12:12:15,705,22937,14.98,,1008,0.000,2583,416,0
2017/3/22,12:12:30,672,21860,14.98,,1008,0.000,2612,413,0
2017/3/22,12:12:45,660,21451,14.98,,1008,0.000,2592,416,0
2017/3/22,12:13:00,659,21418,14.98,,1008,0.000,2587,447,0
2017/3/22,12:13:15,643,20927,14.98,,1008,0.000,2576,441,0
2017/3/22,12:13:30,618,20087,14.98,,1008,0.000,2589,427,0
2017/3/22,12:13:45,595,19362,14.98,,1008,0.000,2622,396,0
2017/3/22,12:14:00,563,18317,14.98,,1008,0.000,2611,386,0
2017/3/22,12:14:15,542,17621,14.98,,1008,0.000,2593,437,0
2017/3/22,12:14:30,530,17235,14.98,,1008,0.000,2583,441,0
2017/3/22,12:14:45,529,17206,14.98,,1008,0.000,2597,437,0
2017/3/22,12:15:00,508,16518,14.98,,1008,0.000,2565,456,0
2017/3/22,12:15:15,483,15712,14.98,,1008,0.000,2564,458,0
2017/3/22,12:15:30,476,15474,14.98,,1008,0.000,2564,449,0
2017/3/22,12:15:45,460,14958,14.98,,1008,0.000,2628,386,0
2017/3/22,12:16:00,446,14523,14.98,,1008,0.000,2581,441,0
2017/3/22,12:16:15,431,14012,14.98,,1008,0.000,2613,415,0
2017/3/22,12:16:30,411,13369,14.98,,1008,0.000,2587,428,0
2017/3/22,12:16:45,399,12974,14.99,,1008,0.000,2573,450,0
2017/3/22,12:17:00,397,12930,14.99,,1008,0.000,2584,447,0
2017/3/22,12:17:15,387,12599,14.99,,1008,0.000,2579,456,0
2017/3/22,12:17:30,372,12109,14.99,,1008,0.000,2596,418,0
2017/3/22,12:17:45,368,11971,14.99,,1008,0.000,2584,446,0
2017/3/22,12:18:00,358,11651,14.99,,1008,0.000,2597,440,0
2017/3/22,12:18:15,342,11118,14.99,,1008,0.000,2572,469,0
2017/3/22,12:18:30,328,10681,14.99,,1008,0.000,2590,433,0
2017/3/22,12:18:45,322,10478,14.99,,1008,0.000,2581,430,0
2017/3/22,12:19:00,315,10253,14.99,,1008,0.000,2576,434,0
2017/3/22,12:19:15,309,10070,14.99,,1008,0.000,2567,477,0
2017/3/22,12:19:30,292,9492,14.99,,1008,0.000,2589,433,0
2017/3/22,12:19:45,285,9291,14.99,,1008,0.000,2585,469,0
2017/3/22,12:20:00,285,9292,14.99,,1008,0.000,2557,480,0
2017/3/22,12:20:15,281,9136,14.99,,1008,0.000,2589,467,0
2017/3/22,12:20:30,271,8815,14.99,,1009,0.000,2595,415,0
2017/3/22,12:20:45,271,8835,14.99,,1008,0.000,2590,413,0
2017/3/22,12:21:00,268,8712,14.99,,1008,0.000,2579,446,0
2017/3/22,12:21:15,260,8473,14.99,,1008,0.000,2535,493,0
2017/3/22,12:21:30,250,8134,14.99,,1008,0.000,2573,482,0
2017/3/22,12:21:45,241,7861,14.99,,1008,0.000,2593,449,0
2017/3/22,12:22:00,242,7882,14.99,,1008,0.000,2573,479,0
2017/3/22,12:22:15,244,7950,14.99,,1008,0.000,2552,479,0
2017/3/22,12:22:30,236,7670,14.99,,1008,0.000,2570,465,0
2017/3/22,12:22:45,222,7235,14.99,,1008,0.000,2558,491,0
2017/3/22,12:23:00,215,7000,14.99,,1008,0.000,2559,479,0
2017/3/22,12:23:15,218,7085,14.99,,1008,0.000,2576,460,0
2017/3/22,12:23:30,214,6958,14.99,,1008,0.000,2551,491,0
2017/3/22,12:23:45,212,6910,14.99,,1008,0.000,2574,466,0
2017/3/22,12:24:00,204,6640,14.99,,1008,0.000,2602,419,0
2017/3/22,12:24:15,202,6585,14.99,,1008,0.000,2545,484,0
2017/3/22,12:24:30,194,6314,14.99,,1008,0.000,2567,467,0
2017/3/22,12:24:45,196,6400,14.99,,1008,0.000,2542,498,0
2017/3/22,12:25:00,198,6438,14.99,,1008,0.000,2562,504,0
2017/3/22,12:25:15,190,6195,14.99,,1008,0.000,2561,479,0
2017/3/22,12:25:30,179,5843,14.99,,1008,0.000,2554,494,0
2017/3/22,12:25:45,178,5796,14.99,,1008,0.000,2573,469,0
2017/3/22,12:26:00,177,5783,14.99,,1008,0.000,2579,461,0
2017/3/22,12:26:15,172,5590,14.99,,1008,0.000,2558,500,0
2017/3/22,12:26:30,168,5464,14.99,,1009,0.000,2563,472,0
2017/3/22,12:26:45,169,5521,14.99,,1008,0.000,2542,499,0
2017/3/22,12:27:00,168,5469,14.99,,1008,0.000,2575,447,0
2017/3/22,12:27:15,172,5615,14.99,,1008,0.000,2562,474,0
2017/3/22,12:27:30,167,5447,14.99,,1008,0.000,2545,490,0
2017/3/22,12:27:45,161,5237,14.99,,1008,0.000,2557,494,0
2017/3/22,12:28:00,158,5167,14.99,,1008,0.000,2574,458,0
2017/3/22,12:28:15,159,5177,14.99,,1008,0.000,2547,504,0
2017/3/22,12:28:30,154,5033,14.99,,1008,0.000,2548,505,0
2017/3/22,12:28:45,153,4983,14.99,,1008,0.000,2564,473,0
2017/3/22,12:29:00,152,4949,14.99,,1008,0.000,2552,498,0
2017/3/22,12:29:15,150,4884,14.99,,1008,0.000,2589,476,0
2017/3/22,12:29:30,145,4740,14.99,,1008,0.000,2532,511,0
2017/3/22,12:29:45,141,4596,14.99,,1008,0.000,2576,450,0
2017/3/22,12:30:00,141,4603,14.99,,1008,0.000,2564,487,0
2017/3/22,12:30:15,142,4641,14.99,,1008,0.000,2559,490,0
2017/3/22,12:30:30,143,4673,14.99,,1008,0.000,2557,516,0
2017/3/22,12:30:45,135,4394,14.99,,1008,0.000,2545,488,0
2017/3/22,12:31:00,134,4384,14.99,,1008,0.000,2520,501,0
2017/3/22,12:31:15,133,4348,14.99,,1008,0.000,2556,484,0
2017/3/22,12:31:30,137,4462,14.99,,1008,0.000,2554,490,0
2017/3/22,12:31:45,138,4507,14.99,,1008,0.000,2514,538,0
2017/3/22,12:32:00,132,4309,14.99,,1008,0.000,2540,504,0
2017/3/22,12:32:15,134,4384,14.99,,1008,0.000,2559,501,0
2017/3/22,12:32:30,131,4287,14.99,,1008,0.000,2553,468,0
2017/3/22,12:32:45,150,4904,14.99,,1008,0.000,2530,516,0
2017/3/22,12:33:00,147,4792,14.99,,1009,0.000,2542,504,0
2017/3/22,12:33:15,157,5108,14.99,,1008,0.000,2573,457,0
2017/3/22,12:33:30,162,5286,14.99,,1009,0.000,2567,495,0
2017/3/22,12:33:45,171,5561,14.99,,1008,0.000,2542,511,0
2017/3/22,12:34:00,192,6268,14.99,,1008,0.000,2553,483,0
2017/3/22,12:34:15,204,6636,14.99,,1009,0.000,2552,471,0
2017/3/22,12:34:30,210,6852,14.99,,1009,0.000,2536,474,0
2017/3/22,12:34:45,208,6788,14.99,,1008,0.000,2556,480,0
2017/3/22,12:35:00,215,7013,14.99,,1009,0.000,2536,524,0
2017/3/22,12:35:15,223,7257,14.99,,1009,0.000,2554,487,0
2017/3/22,12:35:30,251,8164,14.99,,1009,0.000,2531,511,0
2017/3/22,12:35:45,257,8376,14.99,,1009,0.000,2590,426,0
2017/3/22,12:36:00,263,8562,14.99,,1009,0.000,2579,434,0
2017/3/22,12:36:15,289,9413,14.99,,1009,0.000,2574,447,0
2017/3/22,12:36:30,270,8793,14.99,,1009,0.000,2567,487,0
2017/3/22,12:36:45,282,9175,14.99,,1009,0.000,2569,458,0
2017/3/22,12:37:00,306,9964,14.99,,1009,0.000,2569,495,0
2017/3/22,12:37:15,303,9851,14.99,,1009,0.000,2590,458,0
2017/3/22,12:37:30,308,10031,14.99,,1009,0.000,2600,428,0
2017/3/22,12:37:45,308,10037,14.99,,1009,0.000,2593,439,0
2017/3/22,12:38:00,304,9902,14.99,,1008,0.000,2575,467,0
2017/3/22,12:38:15,313,10199,14.99,,1008,0.000,2607,422,0
2017/3/22,12:38:30,328,10682,14.99,,1009,0.000,2591,443,0
2017/3/22,12:38:45,339,11036,14.99,,1009,0.000,2574,490,0
2017/3/22,12:39:00,347,11283,14.99,,1008,0.000,2592,437,0
2017/3/22,12:39:15,319,10392,14.99,,1009,0.000,2551,489,0
2017/3/22,12:39:30,317,10322,14.99,,1009,0.000,2587,462,0
2017/3/22,12:39:45,312,10158,14.99,,1009,0.000,2562,461,0
2017/3/22,12:40:00,296,9638,14.99,,1009,0.000,2589,468,0
2017/3/22,12:40:15,291,9459,14.99,,1009,0.000,2586,449,0
2017/3/22,12:40:30,286,9320,14.99,,1009,0.000,2559,487,0
2017/3/22,12:40:45,272,8861,14.99,,1009,0.000,2591,449,0
2017/3/22,12:41:00,271,8834,14.99,,1009,0.000,2585,435,0
2017/3/22,12:41:15,259,8422,14.99,,1009,0.000,2587,449,0
2017/3/22,12:41:30,263,8557,14.99,,1009,0.000,2572,468,0
2017/3/22,12:41:45,254,8262,14.99,,1009,0.000,2564,446,0
2017/3/22,12:42:00,249,8100,14.99,,1009,0.000,2609,439,0
2017/3/22,12:42:15,240,7800,14.99,,1009,0.000,2565,466,0
2017/3/22,12:42:30,243,7902,14.99,,1009,0.000,2552,487,0
2017/3/22,12:42:45,229,7472,14.99,,1009,0.000,2572,451,0
2017/3/22,12:43:00,233,7603,14.99,,1009,0.000,2542,489,0
2017/3/22,12:43:15,234,7627,14.99,,1009,0.000,2572,471,0
2017/3/22,12:43:30,224,7281,14.99,,1009,0.000,2587,444,0
2017/3/22,12:43:45,225,7344,14.99,,1009,0.000,2540,506,0
2017/3/22,12:44:00,224,7311,14.99,,1009,0.000,2562,480,0
2017/3/22,12:44:15,209,6816,14.99,,1009,0.000,2525,501,0
2017/3/22,12:44:30,206,6708,14.99,,1009,0.000,2596,437,0
2017/3/22,12:44:45,207,6755,14.99,,1009,0.000,2575,476,0
2017/3/22,12:45:00,201,6555,14.99,,1009,0.000,2557,489,0
2017/3/22,12:45:15,192,6243,14.99,,1009,0.000,2536,501,0
2017/3/22,12:45:30,200,6524,14.99,,1009,0.000,2568,472,0
2017/3/22,12:45:45,188,6134,14.99,,1009,0.000,2587,422,0
2017/3/22,12:46:00,192,6246,14.99,,1009,0.000,2537,509,0
2017/3/22,12:46:15,183,5967,14.99,,1009,0.000,2572,491,0
2017/3/22,12:46:30,185,6035,14.99,,1009,0.000,2600,416,0
2017/3/22,12:46:45,178,5808,14.99,,1009,0.000,2581,430,0
2017/3/22,12:47:00,186,6065,14.99,,1009,0.000,2541,524,0
2017/3/22,12:47:15,178,5815,14.99,,1009,0.000,2553,485,0
2017/3/22,12:47:30,172,5604,14.99,,1009,0.000,2561,472,0
2017/3/22,12:47:45,172,5613,14.99,,1009,0.000,2562,489,0
2017/3/22,12:48:00,169,5503,14.99,,1009,0.000,2556,507,0
2017/3/22,12:48:15,167,5442,14.99,,1009,0.000,2574,462,0
2017/3/22,12:48:30,164,5361,14.99,,1009,0.000,2537,491,0
2017/3/22,12:48:45,159,5192,14.99,,1009,0.000,2565,487,0
2017/3/22,12:49:00,161,5245,14.99,,1009,0.000,2573,485,0
2017/3/22,12:49:15,161,5264,14.99,,1009,0.000,2561,511,0
2017/3/22,12:49:30,162,5278,14.99,,1009,0.000,2543,488,0
2017/3/22,12:49:45,152,4960,14.99,,1009,0.000,2562,478,0
2017/3/22,12:50:00,146,4776,14.99,,1009,0.000,2558,478,0
2017/3/22,12:50:15,144,4685,14.99,,1009,0.000,2561,491,0
2017/3/22,12:50:30,144,4702,14.99,,1009,0.000,2584,466,0
2017/3/22,12:50:45,145,4744,14.99,,1009,0.000,2581,455,0
2017/3/22,12:51:00,143,4666,14.99,,1009,0.000,2579,480,0
2017/3/22,12:51:15,149,4851,14.99,,1009,0.000,2553,491,0
2017/3/22,12:51:30,139,4538,14.99,,1009,0.000,2551,501,0
2017/3/22,12:51:45,139,4528,14.99,,1009,0.000,2563,498,0
2017/3/22,12:52:00,136,4422,14.99,,1009,0.000,2554,513,0
2017/3/22,12:52:15,135,4414,14.99,,1009,0.000,2530,534,0
2017/3/22,12:52:30,132,4290,14.99,,1009,0.000,2519,548,0
2017/3/22,12:52:45,138,4485,14.99,,1009,0.000,2572,480,0
2017/3/22,12:53:00,133,4324,14.99,,1009,0.000,2576,447,0
2017/3/22,12:53:15,128,4181,14.99,,1009,0.000,2579,460,0
2017/3/22,12:53:30,132,4291,14.99,,1009,0.000,2578,452,0
2017/3/22,12:53:45,127,4134,14.99,,1009,0.000,2542,505,0
2017/3/22,12:54:00,126,4105,14.99,,1009,0.000,2532,535,0
2017/3/22,12:54:15,127,4153,14.99,,1009,0.000,2564,456,0
2017/3/22,12:54:30,122,3980,14.99,,1009,0.000,2553,477,0
2017/3/22,12:54:45,123,4015,14.99,,1009,0.000,2507,559,0
2017/3/22,12:55:00,126,4107,14.99,,1009,0.000,2576,469,0
2017/3/22,12:55:15,125,4092,14.99,,1009,0.000,2541,507,0
2017/3/22,12:55:30,122,3991,14.99,,1009,0.000,2596,444,0
2017/3/22,12:55:45,131,4271,14.99,,1009,0.000,2540,496,0
