TSI CPC DATA VERSION 3
1490210723,2017/3/22,19:25:23
15
1.08,130
Model 3783 Ver 1.27 S/N 3783111302
"Date","Time","Concentration","Count"," Live-Time","Blank","Abs Press"," Analog In","Pulse Height"," Pulse STD","Status Flags"
2017/3/22,19:25:15,2.42e3,78911,14.92,,1016,0.000,2581,474,0
2017/3/22,19:25:30,2.42e3,78652,14.92,,1016,0.000,2589,472,0
2017/3/22,19:25:45,2.40e3,78249,14.92,,1016,0.000,2591,437,0
2017/3/22,19:26:00,2.37e3,77279,14.92,,1016,0.000,2606,422,0
2017/3/22,19:26:15,2.38e3,77389,14.92,,1016,0.000,2596,441,0
2017/3/22,19:26:30,2.35e3,76451,14.92,,1016,0.000,2601,426,0
2017/3/22,19:26:45,2.33e3,75988,14.92,,1016,0.000,2587,437,0
2017/3/22,19:27:00,2.33e3,75906,14.92,,1016,0.000,2576,441,0
2017/3/22,19:27:15,2.31e3,75129,14.92,,1016,0.000,2601,447,0
2017/3/22,19:27:30,2.26e3,73574,14.92,,1016,0.000,2595,422,0
2017/3/22,19:27:45,2.25e3,73447,14.92,,1016,0.000,2586,438,0
2017/3/22,19:28:00,2.28e3,74188,14.92,,1016,0.000,2614,399,0
2017/3/22,19:28:15,2.24e3,73093,14.92,,1016,0.000,2596,443,0
2017/3/22,19:28:30,2.26e3,73758,14.92,,1016,0.000,2585,454,0
2017/3/22,19:28:45,2.23e3,72711,14.92,,1016,0.000,2615,395,0
2017/3/22,19:29:00,2.21e3,72045,14.92,,1016,0.000,2600,413,0
2017/3/22,19:29:15,2.16e3,70448,14.93,,1016,0.000,2609,407,0
2017/3/22,19:29:30,2.16e3,70453,14.93,,1016,0.000,2606,428,0
2017/3/22,19:29:45,2.17e3,70788,14.93,,1016,0.000,2601,449,0
2017/3/22,19:30:00,2.14e3,69851,14.93,,1016,0.000,2609,404,0
2017/3/22,19:30:15,2.11e3,68741,14.93,,1016,0.000,2590,433,0
2017/3/22,19:30:30,2.13e3,69271,14.93,,1016,0.000,2597,434,0
2017/3/22,19:30:45,1.15e4,351845,14.66,,1016,0.000,2486,504,0
2017/3/22,19:31:00,7.04e4,1905605,13.15,,1016,0.000,2033,637,0
2017/3/22,19:31:15,2.36e4,721628,14.3,,1016,0.000,2368,533,0
2017/3/22,19:31:30,3.28e4,998227,14.04,,1016,0.000,2305,546,0
2017/3/22,19:31:45,3.82e4,1146430,13.9,,1016,0.000,2220,563,0
2017/3/22,19:32:00,4.48e4,1330698,13.73,,1016,0.000,2160,566,0
2017/3/22,19:32:15,6.56e4,1873601,13.22,,1016,0.000,2059,504,0
2017/3/22,19:32:30,6.82e4,1945947,13.15,,1016,0.000,2011,505,0
2017/3/22,19:32:45,8.55e4,2360385,12.75,,1016,0.000,1959,494,0
2017/3/22,19:33:00,1.08e5,2869856,12.22,,1016,0.000,1881,483,0
2017/3/22,19:33:15,1.12e5,2960366,12.13,,1016,0.000,1866,485,0
2017/3/22,19:33:30,1.02e5,2729300,12.38,,1016,0.000,1916,466,0
2017/3/22,19:33:45,1.26e5,3232159,11.84,,1016,0.000,1806,502,0
2017/3/22,19:34:00,1.58e5,3800873,11.18,,1016,0.000,1743,487,0
2017/3/22,19:34:15,1.81e5,4189965,10.7,,1016,0.000,1701,456,0
2017/3/22,19:34:30,2.09e5,4608587,10.16,,1016,0.000,1687,465,0
2017/3/22,19:34:45,2.07e5,4578924,10.2,,1016,0.000,1652,516,0
2017/3/22,19:35:00,2.35e5,4907095,9.717,,1016,0.000,1585,499,0
2017/3/22,19:35:15,2.92e5,5526587,8.729,,1016,0.000,1545,511,0
2017/3/22,19:35:30,2.85e5,5459870,8.841,,1016,0.000,1540,546,0
2017/3/22,19:35:45,2.72e5,5338350,9.052,,1016,0.000,1567,515,0
2017/3/22,19:36:00,3.09e5,5669077,8.471,,1016,0.000,1553,517,0
2017/3/22,19:36:15,3.10e5,5674997,8.449,,1016,0.000,1540,554,0
2017/3/22,19:36:30,2.78e5,5386668,8.972,,1016,0.000,1563,548,0
2017/3/22,19:36:45,2.90e5,5516473,8.762,,1016,0.000,1579,522,0
2017/3/22,19:37:00,3.06e5,5646662,8.519,,1016,0.000,1540,549,0
2017/3/22,19:37:15,3.20e5,5746696,8.308,,1016,0.000,1527,539,0
2017/3/22,19:37:30,3.10e5,5678178,8.441,,1016,0.000,1496,546,0
2017/3/22,19:37:45,3.03e5,5625440,8.559,,1016,0.000,1564,535,0
2017/3/22,19:38:00,3.08e5,5663641,8.482,,1016,0.000,1511,521,0
2017/3/22,19:38:15,3.04e5,5631987,8.536,,1016,0.000,1499,509,0
2017/3/22,19:38:30,3.02e5,5614862,8.576,,1016,0.000,1520,512,0
2017/3/22,19:38:45,3.01e5,5611908,8.583,,1016,0.000,1540,546,0
2017/3/22,19:39:00,2.89e5,5509054,8.774,,1016,0.000,1523,515,0
2017/3/22,19:39:15,2.95e5,5560416,8.681,,1016,0.000,1535,551,0
2017/3/22,19:39:30,3.02e5,5619076,8.579,,1016,0.000,1534,523,0
2017/3/22,19:39:45,3.04e5,5636757,8.538,,1016,0.000,1501,529,0
2017/3/22,19:40:00,3.05e5,5644290,8.536,,1016,0.000,1540,498,0
2017/3/22,19:40:15,2.92e5,5534071,8.734,,1016,0.000,1542,496,0
2017/3/22,19:40:30,3.01e5,5610013,8.59,,1016,0.000,1556,540,0
2017/3/22,19:40:45,3.07e5,5660512,8.501,,1016,0.000,1516,532,0
2017/3/22,19:41:00,3.11e5,5691498,8.446,,1016,0.000,1503,513,0
2017/3/22,19:41:15,3.27e5,5805634,8.189,,1016,0.000,1524,560,0
2017/3/22,19:41:30,3.28e5,5815382,8.181,,1016,0.000,1501,529,0
2017/3/22,19:41:45,3.19e5,5751448,8.318,,1016,0.000,1480,551,0
2017/3/22,19:42:00,3.16e5,5730166,8.363,,1016,0.000,1534,532,0
2017/3/22,19:42:15,3.24e5,5792157,8.24,,1016,0.000,1469,531,0
2017/3/22,19:42:30,3.20e5,5753681,8.305,,1016,0.000,1539,517,0
2017/3/22,19:42:45,3.05e5,5642850,8.523,,1016,0.000,1529,518,0
2017/3/22,19:43:00,3.06e5,5653747,8.513,,1016,0.000,1528,526,0
2017/3/22,19:43:15,3.01e5,5608080,8.592,,1016,0.000,1555,528,0
2017/3/22,19:43:30,2.91e5,5523530,8.737,,1016,0.000,1531,515,0
2017/3/22,19:43:45,2.88e5,5496118,8.789,,1016,0.000,1547,521,0
2017/3/22,19:44:00,2.84e5,5463054,8.854,,1016,0.000,1563,518,0
2017/3/22,19:44:15,2.94e5,5543526,8.692,,1016,0.000,1545,539,0
2017/3/22,19:44:30,3.01e5,5610045,8.584,,1016,0.000,1557,517,0
2017/3/22,19:44:45,2.92e5,5529086,8.735,,1016,0.000,1517,557,0
2017/3/22,19:45:00,2.90e5,5516348,8.756,,1016,0.000,1568,566,0
2017/3/22,19:45:15,2.96e5,5561480,8.664,,1016,0.000,1544,535,0
2017/3/22,19:45:30,2.98e5,5580616,8.634,,1016,0.000,1529,509,0
2017/3/22,19:45:45,3.00e5,5594498,8.611,,1016,0.000,1535,516,0
2017/3/22,19:46:00,2.90e5,5490419,8.795,,1016,0.000,1547,546,0
2017/3/22,19:46:15,2.89e5,5500846,8.77,,1016,0.000,1547,521,0
2017/3/22,19:46:30,2.76e5,5383602,8.985,,1016,0.000,1540,532,0
2017/3/22,19:46:45,2.73e5,5349112,9.034,,1016,0.000,1561,516,0
2017/3/22,19:47:00,2.65e5,5271025,9.164,,1016,0.000,1575,505,0
2017/3/22,19:47:15,2.78e5,5395017,8.95,,1016,0.000,1580,522,0
2017/3/22,19:47:30,2.73e5,5346323,9.023,,1016,0.000,1566,511,0
2017/3/22,19:47:45,2.76e5,5379785,8.979,,1016,0.000,1575,507,0
2017/3/22,19:48:00,2.79e5,5405549,8.945,,1016,0.000,1567,533,0
2017/3/22,19:48:15,2.91e5,5519572,8.75,,1016,0.000,1531,515,0
2017/3/22,19:48:30,3.01e5,5613355,8.584,,1016,0.000,1514,534,0
2017/3/22,19:48:45,2.87e5,5491638,8.817,,1016,0.000,1556,528,0
2017/3/22,19:49:00,2.86e5,5478933,8.831,,1016,0.000,1546,523,0
2017/3/22,19:49:15,2.68e5,5303851,9.122,,1016,0.000,1580,516,0
2017/3/22,19:49:30,2.64e5,5267712,9.177,,1016,0.000,1536,487,0
2017/3/22,19:49:45,2.57e5,5186146,9.306,,1016,0.000,1601,533,0
2017/3/22,19:50:00,2.44e5,5040536,9.529,,1016,0.000,1602,524,0
2017/3/22,19:50:15,2.39e5,4979007,9.615,,1016,0.000,1596,511,0
2017/3/22,19:50:30,2.31e5,4891052,9.744,,1016,0.000,1618,523,0
2017/3/22,19:50:45,2.27e5,4848140,9.815,,1016,0.000,1638,500,0
2017/3/22,19:51:00,2.27e5,4841996,9.83,,1016,0.000,1639,511,0
2017/3/22,19:51:15,2.22e5,4777439,9.912,,1016,0.000,1623,509,0
2017/3/22,19:51:30,2.16e5,4697103,10.02,,1016,0.000,1689,506,0
2017/3/22,19:51:45,2.13e5,4652471,10.07,,1016,0.000,1654,489,0
2017/3/22,19:52:00,2.05e5,4549777,10.22,,1016,0.000,1697,520,0
2017/3/22,19:52:15,1.99e5,4468724,10.32,,1016,0.000,1679,531,0
2017/3/22,19:52:30,1.98e5,4446474,10.35,,1016,0.000,1682,485,0
2017/3/22,19:52:45,1.93e5,4384497,10.43,,1016,0.000,1689,509,0
2017/3/22,19:53:00,1.89e5,4315542,10.53,,1016,0.000,1651,526,0
2017/3/22,19:53:15,1.84e5,4249240,10.61,,1016,0.000,1721,513,0
2017/3/22,19:53:30,1.79e5,4175028,10.71,,1016,0.000,1718,505,0
2017/3/22,19:53:45,1.75e5,4105577,10.79,,1016,0.000,1759,506,0
2017/3/22,19:54:00,1.82e5,4208415,10.67,,1016,0.000,1719,520,0
2017/3/22,19:54:15,1.91e5,4354212,10.48,,1016,0.000,1691,528,0
2017/3/22,19:54:30,1.87e5,4294525,10.57,,1016,0.000,1700,507,0
2017/3/22,19:54:45,1.85e5,4264179,10.6,,1016,0.000,1708,500,0
2017/3/22,19:55:00,1.89e5,4327681,10.52,,1016,0.000,1719,498,0
2017/3/22,19:55:15,1.90e5,4339664,10.51,,1016,0.000,1739,526,0
2017/3/22,19:55:30,1.83e5,4236926,10.64,,1016,0.000,1694,528,0
2017/3/22,19:55:45,1.80e5,4181550,10.71,,1016,0.000,1716,515,0
2017/3/22,19:56:00,1.75e5,4105710,10.8,,1016,0.000,1716,501,0
2017/3/22,19:56:15,1.73e5,4077978,10.84,,1016,0.000,1757,515,0
2017/3/22,19:56:30,1.70e5,4032549,10.89,,1016,0.000,1732,478,0
2017/3/22,19:56:45,1.63e5,3915201,11.03,,1016,0.000,1724,510,0
2017/3/22,19:57:00,1.59e5,3846768,11.12,,1016,0.000,1778,491,0
2017/3/22,19:57:15,1.55e5,3783399,11.2,,1016,0.000,1779,513,0
2017/3/22,19:57:30,1.56e5,3792679,11.18,,1016,0.000,1773,504,0
2017/3/22,19:57:45,1.54e5,3761996,11.22,,1016,0.000,1750,485,0
2017/3/22,19:58:00,1.52e5,3721751,11.27,,1016,0.000,1800,473,0
2017/3/22,19:58:15,1.61e5,3878902,11.08,,1016,0.000,1718,493,0
2017/3/22,19:58:30,1.69e5,4005848,10.93,,1016,0.000,1749,516,0
2017/3/22,19:58:45,1.64e5,3930211,11.02,,1016,0.000,1755,495,0
2017/3/22,19:59:00,1.64e5,3939366,11.02,,1016,0.000,1746,523,0
2017/3/22,19:59:15,1.61e5,3874071,11.09,,1016,0.000,1763,489,0
2017/3/22,19:59:30,1.63e5,3909512,11.05,,1016,0.000,1750,489,0
2017/3/22,19:59:45,1.57e5,3815025,11.16,,1016,0.000,1765,499,0
2017/3/22,20:00:00,1.52e5,3717050,11.28,,1016,0.000,1789,478,0
2017/3/22,20:00:15,1.51e5,3706479,11.29,,1016,0.000,1759,513,0
2017/3/22,20:00:30,1.48e5,3645814,11.36,,1016,0.000,1798,484,0
2017/3/22,20:00:45,1.43e5,3560208,11.46,,1016,0.000,1787,532,0
2017/3/22,20:01:00,1.36e5,3435937,11.61,,1016,0.000,1818,482,0
2017/3/22,20:01:15,1.31e5,3331309,11.72,,1017,0.000,1840,455,0
2017/3/22,20:01:30,1.32e5,3354745,11.69,,1017,0.000,1809,498,0
2017/3/22,20:01:45,1.33e5,3370708,11.68,,1016,0.000,1833,476,0
2017/3/22,20:02:00,1.31e5,3331403,11.72,,1017,0.000,1846,471,0
2017/3/22,20:02:15,1.28e5,3275040,11.78,,1016,0.000,1829,506,0
2017/3/22,20:02:30,1.27e5,3261840,11.8,,1016,0.000,1856,482,0
2017/3/22,20:02:45,1.25e5,3223927,11.84,,1017,0.000,1833,511,0
2017/3/22,20:03:00,1.29e5,3294082,11.77,,1017,0.000,1811,480,0
2017/3/22,20:03:15,1.33e5,3385037,11.67,,1016,0.000,1827,477,0
2017/3/22,20:03:30,1.38e5,3474633,11.57,,1016,0.000,1815,482,0
2017/3/22,20:03:45,1.47e5,3642498,11.38,,1017,0.000,1813,473,0
2017/3/22,20:04:00,1.54e5,3758552,11.24,,1016,0.000,1767,477,0
2017/3/22,20:04:15,1.63e5,3921218,11.05,,1017,0.000,1763,484,0
2017/3/22,20:04:30,1.63e5,3910498,11.06,,1017,0.000,1750,463,0
2017/3/22,20:04:45,1.53e5,3746349,11.26,,1017,0.000,1774,474,0
2017/3/22,20:05:00,1.53e5,3738637,11.27,,1017,0.000,1802,454,0
2017/3/22,20:05:15,1.45e5,3604853,11.42,,1017,0.000,1794,463,0
2017/3/22,20:05:30,1.45e5,3604028,11.42,,1017,0.000,1806,452,0
2017/3/22,20:05:45,1.53e5,3741453,11.26,,1016,0.000,1763,461,0
2017/3/22,20:06:00,1.42e5,3545869,11.49,,1017,0.000,1806,465,0
2017/3/22,20:06:15,1.29e5,3297145,11.77,,1017,0.000,1795,473,0
2017/3/22,20:06:30,1.19e5,3107937,11.98,,1017,0.000,1861,454,0
2017/3/22,20:06:45,1.11e5,2933844,12.17,,1017,0.000,1871,477,0
2017/3/22,20:07:00,1.09e5,2895247,12.21,,1017,0.000,1856,460,0
2017/3/22,20:07:15,1.01e5,2715457,12.4,,1017,0.000,1923,465,0
2017/3/22,20:07:30,9.72e4,2630934,12.49,,1017,0.000,1904,478,0
2017/3/22,20:07:45,9.42e4,2564067,12.55,,1017,0.000,1920,439,0
2017/3/22,20:08:00,8.58e4,2371689,12.75,,1017,0.000,1932,462,0
2017/3/22,20:08:15,8.28e4,2301014,12.82,,1017,0.000,1984,443,0
2017/3/22,20:08:30,7.86e4,2202169,12.92,,1017,0.000,1962,440,0
2017/3/22,20:08:45,7.18e4,2037043,13.08,,1017,0.000,2004,483,0
2017/3/22,20:09:00,6.91e4,1971282,13.14,,1017,0.000,2004,454,0
2017/3/22,20:09:15,6.46e4,1856563,13.25,,1017,0.000,2041,494,0
2017/3/22,20:09:30,6.16e4,1781563,13.33,,1017,0.000,2075,452,0
2017/3/22,20:09:45,5.73e4,1669554,13.43,,1017,0.000,2105,473,0
2017/3/22,20:10:00,5.27e4,1548235,13.55,,1017,0.000,2154,456,0
2017/3/22,20:10:15,4.98e4,1472324,13.62,,1017,0.000,2175,452,0
2017/3/22,20:10:30,4.78e4,1417699,13.67,,1017,0.000,2153,500,0
2017/3/22,20:10:45,4.58e4,1362135,13.72,,1017,0.000,2210,483,0
2017/3/22,20:11:00,4.49e4,1338947,13.74,,1017,0.000,2226,458,0
2017/3/22,20:11:15,4.14e4,1241525,13.83,,1017,0.000,2237,484,0
2017/3/22,20:11:30,3.78e4,1141572,13.92,,1017,0.000,2255,495,0
2017/3/22,20:11:45,3.58e4,1085982,13.97,,1017,0.000,2252,502,0
2017/3/22,20:12:00,3.48e4,1058769,14.0,,1017,0.000,2279,479,0
2017/3/22,20:12:15,3.32e4,1012545,14.04,,1017,0.000,2292,483,0
2017/3/22,20:12:30,3.01e4,924020,14.12,,1017,0.000,2330,496,0
2017/3/22,20:12:45,2.92e4,897554,14.15,,1017,0.000,2344,485,0
2017/3/22,20:13:00,2.71e4,837158,14.2,,1017,0.000,2363,461,0
2017/3/22,20:13:15,2.64e4,815584,14.22,,1017,0.000,2374,454,0
2017/3/22,20:13:30,2.53e4,783570,14.25,,1017,0.000,2397,471,0
2017/3/22,20:13:45,2.39e4,741781,14.29,,1017,0.000,2364,502,0
2017/3/22,20:14:00,2.26e4,704085,14.32,,1017,0.000,2363,496,0
2017/3/22,20:14:15,2.13e4,663932,14.36,,1017,0.000,2404,450,0
2017/3/22,20:14:30,2.00e4,627269,14.4,,1017,0.000,2434,469,0
2017/3/22,20:14:45,1.92e4,602622,14.42,,1017,0.000,2437,468,0
2017/3/22,20:15:00,1.77e4,556848,14.46,,1017,0.000,2463,444,0
2017/3/22,20:15:15,1.67e4,526575,14.49,,1017,0.000,2449,460,0
2017/3/22,20:15:30,1.61e4,507318,14.51,,1017,0.000,2462,452,0
2017/3/22,20:15:45,1.54e4,485621,14.53,,1017,0.000,2468,457,0
2017/3/22,20:16:00,1.52e4,479867,14.53,,1017,0.000,2498,422,0
2017/3/22,20:16:15,1.38e4,439211,14.57,,1017,0.000,2495,455,0
2017/3/22,20:16:30,1.29e4,410789,14.6,,1017,0.000,2506,443,0
2017/3/22,20:16:45,1.24e4,395631,14.61,,1017,0.000,2525,428,0
2017/3/22,20:17:00,1.17e4,373407,14.63,,1017,0.000,2535,417,0
2017/3/22,20:17:15,1.11e4,353115,14.65,,1017,0.000,2502,467,0
2017/3/22,20:17:30,1.07e4,341991,14.66,,1017,0.000,2504,474,0
2017/3/22,20:17:45,1.02e4,324942,14.68,,1017,0.000,2528,450,0
2017/3/22,20:18:00,9.94e3,317018,14.69,,1017,0.000,2529,434,0
2017/3/22,20:18:15,9.53e3,304250,14.7,,1017,0.000,2503,461,0
2017/3/22,20:18:30,8.87e3,283561,14.72,,1017,0.000,2548,423,0
2017/3/22,20:18:45,8.43e3,269571,14.73,,1017,0.000,2535,423,0
2017/3/22,20:19:00,7.90e3,253046,14.75,,1017,0.000,2539,443,0
2017/3/22,20:19:15,7.54e3,241670,14.76,,1017,0.000,2523,449,0
2017/3/22,20:19:30,7.19e3,230726,14.77,,1017,0.000,2532,441,0
2017/3/22,20:19:45,7.03e3,225492,14.77,,1017,0.000,2562,415,0
2017/3/22,20:20:00,6.39e3,205289,14.79,,1017,0.000,2565,441,0
2017/3/22,20:20:15,6.32e3,203227,14.8,,1017,0.000,2542,455,0
2017/3/22,20:20:30,6.01e3,193333,14.8,,1017,0.000,2586,426,0
2017/3/22,20:20:45,5.51e3,177622,14.82,,1017,0.000,2579,426,0
2017/3/22,20:21:00,5.33e3,171879,14.83,,1017,0.000,2569,429,0
2017/3/22,20:21:15,5.06e3,163144,14.83,,1017,0.000,2569,444,0
2017/3/22,20:21:30,4.88e3,157326,14.84,,1017,0.000,2578,408,0
2017/3/22,20:21:45,4.65e3,150132,14.85,,1017,0.000,2573,433,0
2017/3/22,20:22:00,4.43e3,143301,14.85,,1017,0.000,2576,419,0
2017/3/22,20:22:15,4.17e3,134740,14.86,,1017,0.000,2589,424,0
2017/3/22,20:22:30,4.00e3,129257,14.87,,1017,0.000,2613,375,0
2017/3/22,20:22:45,3.68e3,119147,14.88,,1017,0.000,2586,426,0
2017/3/22,20:23:00,3.73e3,120649,14.88,,1017,0.000,2606,395,0
2017/3/22,20:23:15,3.54e3,114523,14.88,,1017,0.000,2597,415,0
2017/3/22,20:23:30,3.40e3,110083,14.89,,1017,0.000,2593,415,0
2017/3/22,20:23:45,3.23e3,104786,14.89,,1017,0.000,2606,411,0
2017/3/22,20:24:00,3.04e3,98916,14.9,,1017,0.000,2615,382,0
2017/3/22,20:24:15,2.78e3,90485,14.91,,1017,0.000,2618,383,0
2017/3/22,20:24:30,2.71e3,88295,14.91,,1017,0.000,2589,435,0
2017/3/22,20:24:45,2.59e3,84197,14.91,,1017,0.000,2591,451,0
2017/3/22,20:25:00,2.51e3,81775,14.92,,1017,0.000,2615,395,0
2017/3/22,20:25:15,2.38e3,77494,14.92,,1017,0.000,2584,440,0
2017/3/22,20:25:30,2.26e3,73637,14.92,,1017,0.000,2589,417,0
2017/3/22,20:25:45,2.23e3,72645,14.92,,1017,0.000,2619,383,0
2017/3/22,20:26:00,2.09e3,68135,14.93,,1017,0.000,2583,449,0
2017/3/22,20:26:15,1.97e3,64335,14.93,,1017,0.000,2598,417,0
2017/3/22,20:26:30,1.94e3,63145,14.93,,1017,0.000,2591,426,0
2017/3/22,20:26:45,1.83e3,59738,14.94,,1017,0.000,2619,412,0
2017/3/22,20:27:00,1.77e3,57533,14.94,,1017,0.000,2613,410,0
2017/3/22,20:27:15,1.69e3,55078,14.94,,1017,0.000,2600,418,0
2017/3/22,20:27:30,1.68e3,54682,14.94,,1017,0.000,2614,426,0
2017/3/22,20:27:45,1.55e3,50585,14.95,,1017,0.000,2609,413,0
2017/3/22,20:28:00,1.42e3,46343,14.95,,1017,0.000,2620,400,0
2017/3/22,20:28:15,1.38e3,45086,14.95,,1017,0.000,2647,374,0
2017/3/22,20:28:30,1.36e3,44367,14.95,,1017,0.000,2603,428,0
2017/3/22,20:28:45,1.25e3,40931,14.96,,1017,0.000,2622,399,0
2017/3/22,20:29:00,1.26e3,41034,14.96,,1017,0.000,2622,410,0
2017/3/22,20:29:15,1.20e3,39238,14.96,,1017,0.000,2641,364,0
2017/3/22,20:29:30,1.11e3,36298,14.96,,1017,0.000,2630,408,0
2017/3/22,20:29:45,1.07e3,34979,14.96,,1017,0.000,2623,404,0
2017/3/22,20:30:00,1.05e3,34309,14.96,,1017,0.000,2624,411,0
2017/3/22,20:30:15,1.03e3,33509,14.96,,1017,0.000,2602,438,0
2017/3/22,20:30:30,983,31958,14.97,,1017,0.000,2602,422,0
2017/3/22,20:30:45,923,29999,14.97,,1017,0.000,2595,460,0
2017/3/22,20:31:00,911,29613,14.97,,1017,0.000,2608,430,0
2017/3/22,20:31:15,870,28286,14.97,,1017,0.000,2593,449,0
2017/3/22,20:31:30,813,26448,14.97,,1017,0.000,2641,390,0
2017/3/22,20:31:45,792,25752,14.97,,1017,0.000,2619,413,0
2017/3/22,20:32:00,753,24502,14.97,,1017,0.000,2639,380,0
2017/3/22,20:32:15,731,23761,14.97,,1017,0.000,2619,401,0
2017/3/22,20:32:30,717,23334,14.97,,1017,0.000,2646,382,0
2017/3/22,20:32:45,677,22013,14.98,,1017,0.000,2617,426,0
2017/3/22,20:33:00,665,21626,14.98,,1017,0.000,2646,377,0
2017/3/22,20:33:15,646,21001,14.98,,1017,0.000,2613,405,0
2017/3/22,20:33:30,613,19946,14.98,,1017,0.000,2625,434,0
2017/3/22,20:33:45,583,18962,14.98,,1017,0.000,2637,399,0
2017/3/22,20:34:00,559,18177,14.98,,1017,0.000,2644,372,0
2017/3/22,20:34:15,546,17766,14.98,,1017,0.000,2585,460,0
2017/3/22,20:34:30,528,17192,14.98,,1017,0.000,2598,446,0
2017/3/22,20:34:45,516,16794,14.98,,1017,0.000,2604,443,0
2017/3/22,20:35:00,487,15835,14.98,,1017,0.000,2602,460,0
2017/3/22,20:35:15,479,15568,14.98,,1017,0.000,2620,433,0
2017/3/22,20:35:30,469,15255,14.98,,1017,0.000,2626,416,0
2017/3/22,20:35:45,454,14765,14.98,,1017,0.000,2556,510,0
2017/3/22,20:36:00,441,14344,14.98,,1017,0.000,2624,411,0
2017/3/22,20:36:15,426,13866,14.98,,1017,0.000,2596,445,0
2017/3/22,20:36:30,393,12788,14.99,,1017,0.000,2593,443,0
2017/3/22,20:36:45,389,12648,14.99,,1017,0.000,2607,430,0
2017/3/22,20:37:00,387,12591,14.99,,1017,0.000,2624,413,0
2017/3/22,20:37:15,381,12389,14.99,,1017,0.000,2597,440,0
2017/3/22,20:37:30,364,11833,14.99,,1017,0.000,2609,433,0
2017/3/22,20:37:45,355,11557,14.99,,1017,0.000,2600,435,0
2017/3/22,20:38:00,341,11094,14.99,,1017,0.000,2611,432,0
2017/3/22,20:38:15,331,10772,14.99,,1017,0.000,2631,423,0
2017/3/22,20:38:30,320,10416,14.99,,1017,0.000,2625,410,0
2017/3/22,20:38:45,317,10317,14.99,,1017,0.000,2618,413,0
2017/3/22,20:39:00,313,10183,14.99,,1017,0.000,2612,426,0
2017/3/22,20:39:15,314,10211,14.99,,1017,0.000,2598,432,0
2017/3/22,20:39:30,299,9724,14.99,,1017,0.000,2607,417,0
2017/3/22,20:39:45,299,9748,14.99,,1017,0.000,2602,449,0
2017/3/22,20:40:00,282,9189,14.99,,1017,0.000,2598,451,0
2017/3/22,20:40:15,270,8789,14.99,,1017,0.000,2620,424,0
2017/3/22,20:40:30,266,8671,14.99,,1017,0.000,2612,416,0
2017/3/22,20:40:45,257,8370,14.99,,1017,0.000,2611,422,0
2017/3/22,20:41:00,250,8143,14.99,,1017,0.000,2609,462,0
2017/3/22,20:41:15,254,8256,14.99,,1017,0.000,2603,433,0
2017/3/22,20:41:30,250,8129,14.99,,1017,0.000,2584,443,0
2017/3/22,20:41:45,240,7808,14.99,,1017,0.000,2617,422,0
2017/3/22,20:42:00,235,7651,14.99,,1017,0.000,2602,454,0
2017/3/22,20:42:15,235,7646,14.99,,1017,0.000,2629,408,0
2017/3/22,20:42:30,226,7356,14.99,,1017,0.000,2634,406,0
2017/3/22,20:42:45,225,7337,14.99,,1017,0.000,2585,438,0
2017/3/22,20:43:00,214,6977,14.99,,1017,0.000,2618,417,0
2017/3/22,20:43:15,220,7178,14.99,,1017,0.000,2611,426,0
2017/3/22,20:43:30,208,6789,14.99,,1017,0.000,2607,433,0
2017/3/22,20:43:45,211,6874,14.99,,1017,0.000,2650,413,0
2017/3/22,20:44:00,198,6444,14.99,,1017,0.000,2623,411,0
2017/3/22,20:44:15,196,6382,14.99,,1017,0.000,2584,478,0
2017/3/22,20:44:30,199,6471,14.99,,1017,0.000,2617,429,0
2017/3/22,20:44:45,190,6199,14.99,,1017,0.000,2615,408,0
2017/3/22,20:45:00,192,6247,14.99,,1017,0.000,2612,451,0
2017/3/22,20:45:15,186,6047,14.99,,1017,0.000,2618,418,0
2017/3/22,20:45:30,183,5959,14.99,,1017,0.000,2609,458,0
2017/3/22,20:45:45,184,6011,14.99,,1017,0.000,2598,447,0
2017/3/22,20:46:00,179,5822,14.99,,1017,0.000,2590,471,0
2017/3/22,20:46:15,172,5599,14.99,,1017,0.000,2609,432,0
2017/3/22,20:46:30,180,5862,14.99,,1017,0.000,2609,454,0
2017/3/22,20:46:45,173,5653,14.99,,1017,0.000,2591,465,0
2017/3/22,20:47:00,171,5562,14.99,,1017,0.000,2600,450,0
2017/3/22,20:47:15,172,5611,14.99,,1017,0.000,2604,461,0
2017/3/22,20:47:30,171,5573,14.99,,1017,0.000,2595,450,0
2017/3/22,20:47:45,173,5648,14.99,,1017,0.000,2591,477,0
2017/3/22,20:48:00,164,5354,14.99,,1017,0.000,2583,455,0
2017/3/22,20:48:15,167,5452,14.99,,1017,0.000,2611,421,0
2017/3/22,20:48:30,162,5270,14.99,,1017,0.000,2603,438,0
2017/3/22,20:48:45,163,5315,14.99,,1017,0.000,2631,412,0
2017/3/22,20:49:00,155,5064,14.99,,1017,0.000,2578,472,0
2017/3/22,20:49:15,162,5284,14.99,,1017,0.000,2623,432,0
2017/3/22,20:49:30,157,5120,14.99,,1017,0.000,2611,454,0
2017/3/22,20:49:45,152,4962,14.99,,1017,0.000,2608,438,0
2017/3/22,20:50:00,149,4873,14.99,,1017,0.000,2570,467,0
2017/3/22,20:50:15,153,4997,14.99,,1017,0.000,2609,423,0
2017/3/22,20:50:30,144,4702,14.99,,1017,0.000,2575,494,0
2017/3/22,20:50:45,149,4856,14.99,,1017,0.000,2608,451,0
2017/3/22,20:51:00,150,4884,14.99,,1017,0.000,2584,472,0
2017/3/22,20:51:15,145,4720,14.99,,1017,0.000,2601,457,0
2017/3/22,20:51:30,142,4643,14.99,,1017,0.000,2623,437,0
2017/3/22,20:51:45,144,4690,14.99,,1017,0.000,2579,469,0
2017/3/22,20:52:00,147,4795,14.99,,1017,0.000,2603,445,0
2017/3/22,20:52:15,146,4762,14.99,,1017,0.000,2607,429,0
2017/3/22,20:52:30,144,4695,14.99,,1017,0.000,2613,438,0
2017/3/22,20:52:45,137,4458,14.99,,1017,0.000,2611,432,0
2017/3/22,20:53:00,137,4459,14.99,,1017,0.000,2576,471,0
2017/3/22,20:53:15,135,4415,14.99,,1018,0.000,2611,424,0
2017/3/22,20:53:30,140,4577,14.99,,1018,0.000,2606,474,0
2017/3/22,20:53:45,133,4328,14.99,,1018,0.000,2611,424,0
2017/3/22,20:54:00,141,4588,14.99,,1017,0.000,2611,449,0
2017/3/22,20:54:15,134,4375,14.99,,1017,0.000,2613,451,0
2017/3/22,20:54:30,131,4286,14.99,,1017,0.000,2612,430,0
2017/3/22,20:54:45,133,4330,14.99,,1017,0.000,2612,445,0
2017/3/22,20:55:00,133,4328,14.99,,1017,0.000,2590,451,0
2017/3/22,20:55:15,132,4293,14.99,,1018,0.000,2581,495,0
2017/3/22,20:55:30,127,4130,14.99,,1017,0.000,2604,454,0
2017/3/22,20:55:45,129,4205,14.99,,1018,0.000,2591,460,0
2017/3/22,20:56:00,127,4144,14.99,,1018,0.000,2620,433,0
2017/3/22,20:56:15,132,4313,14.99,,1018,0.000,2598,477,0
2017/3/22,20:56:30,123,4024,14.99,,1018,0.000,2634,423,0
2017/3/22,20:56:45,129,4206,14.99,,1018,0.000,2609,421,0
2017/3/22,20:57:00,126,4103,14.99,,1018,0.000,2596,458,0
2017/3/22,20:57:15,120,3929,14.99,,1018,0.000,2601,456,0
2017/3/22,20:57:30,125,4073,14.99,,1018,0.000,2623,419,0
2017/3/22,20:57:45,124,4030,14.99,,1018,0.000,2585,468,0
2017/3/22,20:58:00,123,4019,14.99,,1018,0.000,2602,446,0
2017/3/22,20:58:15,127,4143,14.99,,1018,0.000,2578,491,0
2017/3/22,20:58:30,123,4018,14.99,,1018,0.000,2618,432,0
2017/3/22,20:58:45,128,4187,14.99,,1018,0.000,2597,443,0
2017/3/22,20:59:00,125,4088,14.99,,1018,0.000,2580,463,0
2017/3/22,20:59:15,124,4045,14.99,,1018,0.000,2611,456,0
2017/3/22,20:59:30,124,4035,14.99,,1018,0.000,2581,478,0
2017/3/22,20:59:45,116,3798,14.99,,1018,0.000,2587,496,0
2017/3/22,21:00:00,119,3898,14.99,,1018,0.000,2592,472,0
2017/3/22,21:00:15,126,4108,14.99,,1018,0.000,2575,456,0
2017/3/22,21:00:30,124,4053,14.99,,1018,0.000,2609,426,0
2017/3/22,21:00:45,128,4182,14.99,,1018,0.000,2613,452,0
2017/3/22,21:01:00,123,4003,14.99,,1018,0.000,2591,461,0
2017/3/22,21:01:15,124,4055,14.99,,1018,0.000,2593,468,0
2017/3/22,21:01:30,124,4038,14.99,,1018,0.000,2602,441,0
2017/3/22,21:01:45,120,3919,14.99,,1018,0.000,2604,474,0
2017/3/22,21:02:00,124,4036,14.99,,1018,0.000,2580,468,0
2017/3/22,21:02:15,119,3882,14.99,,1018,0.000,2622,418,0
2017/3/22,21:02:30,117,3819,14.99,,1018,0.000,2623,426,0
2017/3/22,21:02:45,111,3633,14.99,,1018,0.000,2598,468,0
2017/3/22,21:03:00,119,3869,14.99,,1018,0.000,2569,509,0
2017/3/22,21:03:15,116,3781,14.99,,1018,0.000,2586,478,0
2017/3/22,21:03:30,115,3751,14.99,,1018,0.000,2598,473,0
2017/3/22,21:03:45,114,3707,14.99,,1018,0.000,2600,476,0
2017/3/22,21:04:00,117,3834,14.99,,1018,0.000,2597,487,0
2017/3/22,21:04:15,120,3903,14.99,,1018,0.000,2591,461,0
2017/3/22,21:04:30,111,3620,14.99,,1018,0.000,2607,450,0
2017/3/22,21:04:45,107,3487,14.99,,1018,0.000,2603,471,0
2017/3/22,21:05:00,117,3832,14.99,,1018,0.000,2578,500,0
2017/3/22,21:05:15,108,3540,14.99,,1018,0.000,2603,443,0
2017/3/22,21:05:30,110,3585,14.99,,1018,0.000,2586,478,0
2017/3/22,21:05:45,115,3755,14.99,,1018,0.000,2624,429,0
2017/3/22,21:06:00,111,3625,14.99,,1018,0.000,2590,465,0
2017/3/22,21:06:15,112,3672,14.99,,1018,0.000,2584,469,0
2017/3/22,21:06:30,112,3670,14.99,,1018,0.000,2597,466,0
2017/3/22,21:06:45,114,3712,14.99,,1018,0.000,2589,483,0
2017/3/22,21:07:00,117,3820,14.99,,1018,0.000,2591,466,0
2017/3/22,21:07:15,110,3606,14.99,,1018,0.000,2603,423,0
2017/3/22,21:07:30,115,3743,14.99,,1018,0.000,2606,440,0
2017/3/22,21:07:45,110,3594,14.99,,1018,0.000,2617,423,0
2017/3/22,21:08:00,107,3501,14.99,,1018,0.000,2585,491,0
2017/3/22,21:08:15,107,3487,14.99,,1018,0.000,2584,465,0
2017/3/22,21:08:30,106,3456,14.99,,1018,0.000,2559,511,0
2017/3/22,21:08:45,106,3471,14.99,,1018,0.000,2622,446,0
2017/3/22,21:09:00,110,3603,14.99,,1018,0.000,2576,457,0
2017/3/22,21:09:15,110,3593,14.99,,1018,0.000,2607,468,0
2017/3/22,21:09:30,110,3581,14.99,,1018,0.000,2641,413,0
2017/3/22,21:09:45,111,3631,14.99,,1018,0.000,2600,457,0
2017/3/22,21:10:00,110,3596,14.99,,1018,0.000,2590,457,0
2017/3/22,21:10:15,109,3564,14.99,,1018,0.000,2598,439,0
2017/3/22,21:10:30,106,3459,14.99,,1018,0.000,2574,479,0
2017/3/22,21:10:45,105,3440,14.99,,1018,0.000,2580,467,0
2017/3/22,21:11:00,104,3412,14.99,,1018,0.000,2584,482,0
2017/3/22,21:11:15,110,3601,14.99,,1018,0.000,2590,485,0
2017/3/22,21:11:30,112,3669,14.99,,1018,0.000,2575,495,0
2017/3/22,21:11:45,107,3488,14.99,,1018,0.000,2619,417,0
2017/3/22,21:12:00,107,3480,14.99,,1018,0.000,2572,501,0
2017/3/22,21:12:15,104,3386,14.99,,1018,0.000,2578,494,0
2017/3/22,21:12:30,108,3513,14.99,,1018,0.000,2570,510,0
2017/3/22,21:12:45,112,3665,14.99,,1018,0.000,2556,513,0
2017/3/22,21:13:00,104,3406,14.99,,1018,0.000,2598,468,0
2017/3/22,21:13:15,105,3443,14.99,,1018,0.000,2581,499,0
2017/3/22,21:13:30,105,3418,14.99,,1018,0.000,2598,474,0
2017/3/22,21:13:45,103,3356,14.99,,1018,0.000,2579,485,0
2017/3/22,21:14:00,104,3385,14.99,,1018,0.000,2572,507,0
2017/3/22,21:14:15,104,3401,14.99,,1018,0.000,2593,477,0
2017/3/22,21:14:30,107,3506,14.99,,1018,0.000,2596,447,0
2017/3/22,21:14:45,111,3625,14.99,,1018,0.000,2589,505,0
2017/3/22,21:15:00,104,3380,14.99,,1018,0.000,2601,457,0
2017/3/22,21:15:15,103,3364,14.99,,1018,0.000,2585,496,0
2017/3/22,21:15:30,105,3431,14.99,,1018,0.000,2587,487,0
2017/3/22,21:15:45,102,3339,14.99,,1018,0.000,2585,479,0
2017/3/22,21:16:00,103,3367,14.99,,1018,0.000,2596,488,0
2017/3/22,21:16:15,100,3274,14.99,,1018,0.000,2580,494,0
2017/3/22,21:16:30,103,3379,14.99,,1018,0.000,2595,469,0
2017/3/22,21:16:45,102,3324,14.99,,1018,0.000,2576,488,0
2017/3/22,21:17:00,100,3278,14.99,,1018,0.000,2604,451,0
2017/3/22,21:17:15,108,3513,14.99,,1018,0.000,2579,471,0
2017/3/22,21:17:30,106,3451,14.99,,1018,0.000,2580,494,0
2017/3/22,21:17:45,105,3414,14.99,,1018,0.000,2564,505,0
2017/3/22,21:18:00,110,3589,14.99,,1018,0.000,2584,493,0
2017/3/22,21:18:15,100,3280,14.99,,1018,0.000,2572,504,0
2017/3/22,21:18:30,100,3275,14.99,,1018,0.000,2586,484,0
2017/3/22,21:18:45,102,3334,14.99,,1018,0.000,2592,454,0
2017/3/22,21:19:00,101,3296,14.99,,1018,0.000,2604,457,0
2017/3/22,21:19:15,100,3274,14.99,,1018,0.000,2604,451,0
2017/3/22,21:19:30,103,3349,14.99,,1018,0.000,2586,474,0
2017/3/22,21:19:45,96.9,3150,14.99,,1018,0.000,2583,487,0
2017/3/22,21:20:00,102,3332,14.99,,1018,0.000,2579,495,0
2017/3/22,21:20:15,101,3298,14.99,,1018,0.000,2587,484,0
2017/3/22,21:20:30,98.5,3202,14.99,,1018,0.000,2606,466,0
2017/3/22,21:20:45,99.9,3247,14.99,,1018,0.000,2559,515,0
2017/3/22,21:21:00,106,3446,14.99,,1018,0.000,2553,521,0
2017/3/22,21:21:15,98.9,3215,14.99,,1018,0.000,2612,432,0
2017/3/22,21:21:30,102,3331,14.99,,1018,0.000,2565,520,0
2017/3/22,21:21:45,97.6,3175,14.99,,1018,0.000,2600,435,0
2017/3/22,21:22:00,103,3377,14.99,,1018,0.000,2550,516,0
2017/3/22,21:22:15,119,3884,14.99,,1018,0.000,2608,454,0
2017/3/22,21:22:30,219,7133,14.99,,1018,0.000,2618,423,0
