TSI CPC DATA VERSION 3
1491661544,2017/4/8,14:25:44
15
1.08,130
Model 3783 Ver 1.27 S/N 3783111302
"Date","Time","Concentration","Count"," Live-Time","Blank","Abs Press"," Analog In","Pulse Height"," Pulse STD","Status Flags"
2017/4/8,14:25:45,345,11244,14.99,,999,0.000,2633,404,0
2017/4/8,14:26:00,332,10811,14.99,,999,0.000,2648,372,0
2017/4/8,14:26:15,318,10343,14.99,,999,0.000,2624,423,0
2017/4/8,14:26:30,304,9898,14.99,,999,0.000,2645,371,0
2017/4/8,14:26:45,292,9507,14.99,,999,0.000,2607,445,0
2017/4/8,14:27:00,292,9504,14.99,,999,0.000,2640,393,0
2017/4/8,14:27:15,305,9920,14.99,,1000,0.000,2633,402,0
2017/4/8,14:27:30,322,10467,14.99,,999,0.000,2633,406,0
2017/4/8,14:27:45,345,11230,14.99,,999,0.000,2644,386,0
2017/4/8,14:28:00,326,10625,14.99,,999,0.000,2629,424,0
2017/4/8,14:28:15,309,10071,14.99,,999,0.000,2657,372,0
2017/4/8,14:28:30,315,10255,14.99,,999,0.000,2608,437,0
2017/4/8,14:28:45,308,10025,14.99,,999,0.000,2614,423,0
2017/4/8,14:29:00,315,10255,14.99,,999,0.000,2636,395,0
2017/4/8,14:29:15,320,10418,14.99,,1000,0.000,2650,386,0
2017/4/8,14:29:30,319,10393,14.99,,999,0.000,2625,410,0
2017/4/8,14:29:45,321,10464,14.99,,999,0.000,2647,401,0
2017/4/8,14:30:00,316,10278,14.99,,999,0.000,2607,428,0
2017/4/8,14:30:15,317,10303,14.99,,999,0.000,2607,463,0
2017/4/8,14:30:30,330,10750,14.99,,999,0.000,2629,410,0
2017/4/8,14:30:45,324,10539,14.99,,999,0.000,2651,382,0
2017/4/8,14:31:00,302,9823,14.99,,999,0.000,2620,440,0
2017/4/8,14:31:15,307,10006,14.99,,999,0.000,2604,439,0
2017/4/8,14:31:30,309,10062,14.99,,999,0.000,2626,419,0
2017/4/8,14:31:45,315,10268,14.99,,999,0.000,2651,372,0
2017/4/8,14:32:00,313,10196,14.99,,999,0.000,2639,405,0
2017/4/8,14:32:15,315,10250,14.99,,999,0.000,2626,399,0
2017/4/8,14:32:30,311,10125,14.99,,999,0.000,2650,383,0
2017/4/8,14:32:45,318,10339,14.99,,999,0.000,2619,423,0
2017/4/8,14:33:00,310,10102,14.99,,999,0.000,2636,416,0
2017/4/8,14:33:15,306,9973,14.99,,999,0.000,2611,413,0
2017/4/8,14:33:30,305,9924,14.99,,999,0.000,2613,433,0
2017/4/8,14:33:45,319,10370,14.99,,999,0.000,2608,416,0
2017/4/8,14:34:00,317,10317,14.99,,999,0.000,2619,396,0
2017/4/8,14:34:15,315,10249,14.99,,999,0.000,2644,386,0
2017/4/8,14:34:30,312,10167,14.99,,999,0.000,2633,408,0
2017/4/8,14:34:45,320,10408,14.99,,999,0.000,2630,417,0
2017/4/8,14:35:00,319,10398,14.99,,1000,0.000,2642,401,0
2017/4/8,14:35:15,308,10032,14.99,,999,0.000,2668,377,0
2017/4/8,14:35:30,297,9660,14.99,,999,0.000,2620,406,0
2017/4/8,14:35:45,309,10074,14.99,,999,0.000,2622,421,0
2017/4/8,14:36:00,304,9908,14.99,,999,0.000,2609,426,0
2017/4/8,14:36:15,307,10006,14.99,,999,0.000,2650,385,0
2017/4/8,14:36:30,318,10362,14.99,,999,0.000,2607,432,0
2017/4/8,14:36:45,303,9871,14.99,,999,0.000,2629,415,0
2017/4/8,14:37:00,304,9904,14.99,,999,0.000,2624,435,0
2017/4/8,14:37:15,296,9650,14.99,,999,0.000,2617,432,0
2017/4/8,14:37:30,306,9947,14.99,,999,0.000,2652,391,0
2017/4/8,14:37:45,314,10224,14.99,,999,0.000,2593,449,0
2017/4/8,14:38:00,316,10281,14.99,,999,0.000,2619,423,0
2017/4/8,14:38:15,311,10123,14.99,,999,0.000,2603,426,0
2017/4/8,14:38:30,302,9827,14.99,,999,0.000,2619,412,0
2017/4/8,14:38:45,297,9662,14.99,,999,0.000,2635,412,0
2017/4/8,14:39:00,305,9922,14.99,,999,0.000,2663,363,0
2017/4/8,14:39:15,303,9867,14.99,,999,0.000,2612,418,0
2017/4/8,14:39:30,292,9502,14.99,,1000,0.000,2618,418,0
2017/4/8,14:39:45,289,9417,14.99,,1000,0.000,2644,393,0
2017/4/8,14:40:00,296,9648,14.99,,999,0.000,2612,433,0
2017/4/8,14:40:15,300,9763,14.99,,999,0.000,2636,394,0
2017/4/8,14:40:30,296,9646,14.99,,999,0.000,2626,416,0
2017/4/8,14:40:45,290,9453,14.99,,999,0.000,2617,418,0
2017/4/8,14:41:00,302,9815,14.99,,999,0.000,2639,390,0
2017/4/8,14:41:15,295,9609,14.99,,999,0.000,2622,421,0
2017/4/8,14:41:30,296,9647,14.99,,999,0.000,2620,405,0
2017/4/8,14:41:45,288,9371,14.99,,999,0.000,2620,421,0
2017/4/8,14:42:00,293,9548,14.99,,999,0.000,2606,430,0
2017/4/8,14:42:15,292,9497,14.99,,999,0.000,2622,423,0
2017/4/8,14:42:30,296,9648,14.99,,1000,0.000,2642,407,0
2017/4/8,14:42:45,300,9774,14.99,,999,0.000,2633,410,0
2017/4/8,14:43:00,298,9696,14.99,,999,0.000,2619,411,0
2017/4/8,14:43:15,286,9315,14.99,,999,0.000,2625,418,0
2017/4/8,14:43:30,296,9634,14.99,,999,0.000,2626,407,0
2017/4/8,14:43:45,290,9451,14.99,,999,0.000,2608,435,0
2017/4/8,14:44:00,292,9517,14.99,,999,0.000,2647,399,0
2017/4/8,14:44:15,287,9343,14.99,,999,0.000,2663,356,0
2017/4/8,14:44:30,1.12e3,36036,14.96,,999,0.000,2602,423,0
2017/4/8,14:44:45,1.54e4,482113,14.54,,999,0.000,2487,386,0
2017/4/8,14:45:00,2.86e3,92267,14.91,,999,0.000,2630,347,0
2017/4/8,14:45:15,965,31350,14.97,,999,0.000,2641,371,0
2017/4/8,14:45:30,1.33e4,418187,14.6,,999,0.000,2547,368,0
2017/4/8,14:45:45,7.67e4,2128576,13.0,,999,0.000,2071,454,0
2017/4/8,14:46:00,5.63e4,1622714,13.49,,999,0.000,2191,402,0
2017/4/8,14:46:15,6.40e4,1833266,13.3,,999,0.000,2111,422,0
2017/4/8,14:46:30,4.88e4,1442300,13.67,,1000,0.000,2196,429,0
2017/4/8,14:46:45,5.72e4,1631178,13.48,,999,0.000,2159,439,0
2017/4/8,14:47:00,1.00e5,2669922,12.46,,999,0.000,1965,443,0
2017/4/8,14:47:15,1.57e5,3766772,11.26,,999,0.000,1800,461,0
2017/4/8,14:47:30,1.55e5,3775390,11.27,,999,0.000,1788,440,0
2017/4/8,14:47:45,1.81e5,4139845,10.79,,999,0.000,1773,471,0
2017/4/8,14:48:00,1.78e5,4151597,10.82,,1000,0.000,1730,482,0
2017/4/8,14:48:15,1.65e5,3961766,11.06,,1000,0.000,1781,480,0
2017/4/8,14:48:30,2.09e5,4613995,10.23,,999,0.000,1668,479,0
2017/4/8,14:48:45,2.19e5,4752470,10.05,,999,0.000,1665,489,0
2017/4/8,14:49:00,1.86e5,4296490,10.64,,1000,0.000,1757,469,0
2017/4/8,14:49:15,2.03e5,4549149,10.32,,999,0.000,1730,501,0
2017/4/8,14:49:30,2.46e5,5095463,9.557,,1000,0.000,1665,509,0
2017/4/8,14:49:45,2.65e5,5288886,9.246,,1000,0.000,1602,511,0
2017/4/8,14:50:00,2.25e5,4836990,9.924,,1000,0.000,1666,506,0
2017/4/8,14:50:15,2.50e5,5135075,9.488,,1000,0.000,1632,515,0
2017/4/8,14:50:30,2.49e5,5125862,9.497,,1000,0.000,1604,483,0
2017/4/8,14:50:45,3.01e5,5593659,8.673,,999,0.000,1569,520,0
2017/4/8,14:51:00,3.28e5,5824334,8.251,,1000,0.000,1511,541,0
2017/4/8,14:51:15,2.93e5,5570346,8.769,,1000,0.000,1566,504,0
2017/4/8,14:51:30,2.89e5,5530593,8.827,,1000,0.000,1588,496,0
2017/4/8,14:51:45,2.96e5,5594254,8.712,,1000,0.000,1583,511,0
2017/4/8,14:52:00,3.59e5,6038817,7.787,,1000,0.000,1494,526,0
2017/4/8,14:52:15,3.26e5,5805783,8.274,,1000,0.000,1505,565,0
2017/4/8,14:52:30,3.35e5,5883932,8.133,,1000,0.000,1488,545,0
2017/4/8,14:52:45,3.58e5,6032421,7.803,,1000,0.000,1524,549,0
2017/4/8,14:53:00,3.53e5,6011702,7.872,,1000,0.000,1490,539,0
2017/4/8,14:53:15,3.96e5,6244142,7.283,,1000,0.000,1472,552,0
2017/4/8,14:53:30,4.31e5,6377690,6.83,,1000,0.000,1512,592,0
2017/4/8,14:53:45,4.12e5,6300454,7.072,,999,0.000,1458,548,0
2017/4/8,14:54:00,4.16e5,6320702,7.016,,1000,0.000,1458,521,0
2017/4/8,14:54:15,4.30e5,6376479,6.847,,1000,0.000,1468,594,0
2017/4/8,14:54:30,4.10e5,6295694,7.091,,1000,0.000,1429,555,0
2017/4/8,14:54:45,4.00e5,6252034,7.226,,1000,0.000,1485,574,0
2017/4/8,14:55:00,4.49e5,6428722,6.613,,1000,0.000,1445,561,0
2017/4/8,14:55:15,4.52e5,6448427,6.584,,1000,0.000,1440,535,0
2017/4/8,14:55:30,4.40e5,6407135,6.716,,1000,0.000,1466,570,0
2017/4/8,14:55:45,4.39e5,6408755,6.737,,1000,0.000,1447,545,0
2017/4/8,14:56:00,4.52e5,6444382,6.575,,1000,0.000,1408,571,0
2017/4/8,14:56:15,4.47e5,6428850,6.642,,1000,0.000,1418,566,0
2017/4/8,14:56:30,4.61e5,6461629,6.474,,1000,0.000,1452,568,0
2017/4/8,14:56:45,4.61e5,6454326,6.462,,1000,0.000,1387,559,0
2017/4/8,14:57:00,4.40e5,6397877,6.708,,1000,0.000,1468,561,0
2017/4/8,14:57:15,4.59e5,6459977,6.505,,1000,0.000,1406,539,0
2017/4/8,14:57:30,4.61e5,6455706,6.471,,1000,0.000,1445,570,0
2017/4/8,14:57:45,4.79e5,6496757,6.271,,1000,0.000,1459,574,0
2017/4/8,14:58:00,4.64e5,6466685,6.433,,1000,0.000,1424,559,0
2017/4/8,14:58:15,4.49e5,6434145,6.608,,1000,0.000,1485,559,0
2017/4/8,14:58:30,4.70e5,6480050,6.363,,1000,0.000,1444,581,0
2017/4/8,14:58:45,4.51e5,6438023,6.58,,1000,0.000,1427,546,0
2017/4/8,14:59:00,4.57e5,6450886,6.51,,1000,0.000,1452,565,0
2017/4/8,14:59:15,4.56e5,6454139,6.524,,1000,0.000,1435,562,0
2017/4/8,14:59:30,4.60e5,6461184,6.478,,1000,0.000,1444,573,0
2017/4/8,14:59:45,4.53e5,6443824,6.56,,1000,0.000,1428,552,0
2017/4/8,15:00:00,4.38e5,6396465,6.731,,1000,0.000,1448,585,0
2017/4/8,15:00:15,4.59e5,6459153,6.499,,1000,0.000,1427,552,0
2017/4/8,15:00:30,4.43e5,6407878,6.678,,1000,0.000,1447,562,0
2017/4/8,15:00:45,4.55e5,6443615,6.539,,1000,0.000,1469,574,0
2017/4/8,15:01:00,4.69e5,6473938,6.379,,1000,0.000,1429,562,0
2017/4/8,15:01:15,4.51e5,6433159,6.587,,1000,0.000,1448,578,0
2017/4/8,15:01:30,4.40e5,6400219,6.715,,1000,0.000,1475,582,0
2017/4/8,15:01:45,4.42e5,6409070,6.686,,1000,0.000,1436,561,0
2017/4/8,15:02:00,4.45e5,6415383,6.646,,1000,0.000,1468,560,0
2017/4/8,15:02:15,4.41e5,6409533,6.703,,1000,0.000,1466,559,0
2017/4/8,15:02:30,4.29e5,6361939,6.845,,1000,0.000,1456,557,0
2017/4/8,15:02:45,4.27e5,6361605,6.874,,1000,0.000,1453,595,0
2017/4/8,15:03:00,4.20e5,6328753,6.952,,1000,0.000,1488,551,0
2017/4/8,15:03:15,4.20e5,6336016,6.962,,1000,0.000,1475,581,0
2017/4/8,15:03:30,4.06e5,6280112,7.125,,999,0.000,1446,568,0
2017/4/8,15:03:45,4.01e5,6260314,7.195,,1000,0.000,1474,581,0
2017/4/8,15:04:00,4.00e5,6251435,7.209,,1000,0.000,1475,573,0
2017/4/8,15:04:15,4.08e5,6286159,7.114,,1000,0.000,1484,554,0
2017/4/8,15:04:30,4.00e5,6251847,7.205,,1000,0.000,1497,583,0
2017/4/8,15:04:45,3.92e5,6219122,7.309,,1000,0.000,1500,593,0
2017/4/8,15:05:00,3.89e5,6201653,7.346,,1000,0.000,1490,557,0
2017/4/8,15:05:15,3.82e5,6176767,7.451,,1000,0.000,1479,570,0
2017/4/8,15:05:30,3.69e5,6103042,7.618,,1000,0.000,1481,566,0
2017/4/8,15:05:45,3.70e5,6103061,7.609,,1000,0.000,1511,548,0
2017/4/8,15:06:00,3.65e5,6076434,7.678,,1000,0.000,1483,563,0
2017/4/8,15:06:15,3.60e5,6048300,7.752,,1000,0.000,1514,573,0
2017/4/8,15:06:30,3.59e5,6042792,7.76,,1000,0.000,1483,573,0
2017/4/8,15:06:45,3.60e5,6047263,7.743,,1000,0.000,1480,546,0
2017/4/8,15:07:00,3.55e5,6010413,7.809,,1000,0.000,1502,556,0
2017/4/8,15:07:15,3.48e5,5976724,7.907,,1000,0.000,1494,537,0
2017/4/8,15:07:30,3.49e5,5981884,7.9,,1000,0.000,1505,560,0
2017/4/8,15:07:45,3.41e5,5924108,8.015,,1000,0.000,1525,554,0
2017/4/8,15:08:00,3.36e5,5893998,8.082,,1000,0.000,1507,562,0
2017/4/8,15:08:15,3.37e5,5879680,8.11,,1000,0.000,1489,544,0
2017/4/8,15:08:30,3.32e5,5862468,8.135,,1000,0.000,1514,538,0
2017/4/8,15:08:45,3.30e5,5849894,8.179,,999,0.000,1536,535,0
2017/4/8,15:09:00,3.22e5,5797158,8.294,,1000,0.000,1467,533,0
2017/4/8,15:09:15,3.17e5,5759963,8.37,,1000,0.000,1536,541,0
2017/4/8,15:09:30,3.15e5,5738657,8.391,,1000,0.000,1539,541,0
2017/4/8,15:09:45,3.13e5,5721690,8.432,,1000,0.000,1558,522,0
2017/4/8,15:10:00,3.12e5,5715916,8.449,,1000,0.000,1557,548,0
2017/4/8,15:10:15,3.12e5,5721597,8.45,,1000,0.000,1528,568,0
2017/4/8,15:10:30,3.01e5,5627546,8.611,,1000,0.000,1505,533,0
2017/4/8,15:10:45,3.04e5,5644051,8.569,,1000,0.000,1539,540,0
2017/4/8,15:11:00,3.02e5,5630950,8.606,,1000,0.000,1547,565,0
2017/4/8,15:11:15,3.00e5,5617039,8.64,,1000,0.000,1574,533,0
2017/4/8,15:11:30,3.00e5,5616508,8.631,,1000,0.000,1579,541,0
2017/4/8,15:11:45,2.89e5,5524422,8.798,,1000,0.000,1577,539,0
2017/4/8,15:12:00,2.89e5,5513988,8.801,,1000,0.000,1546,563,0
2017/4/8,15:12:15,2.92e5,5543869,8.755,,1000,0.000,1558,546,0
2017/4/8,15:12:30,2.87e5,5494672,8.824,,1000,0.000,1578,533,0
2017/4/8,15:12:45,2.82e5,5456590,8.901,,1000,0.000,1593,527,0
2017/4/8,15:13:00,2.83e5,5454665,8.895,,1000,0.000,1572,526,0
2017/4/8,15:13:15,2.78e5,5422517,8.976,,1000,0.000,1535,540,0
2017/4/8,15:13:30,2.72e5,5358895,9.072,,1000,0.000,1574,544,0
2017/4/8,15:13:45,2.69e5,5322192,9.122,,1000,0.000,1572,562,0
2017/4/8,15:14:00,2.69e5,5325439,9.131,,1000,0.000,1558,529,0
2017/4/8,15:14:15,2.62e5,5256994,9.234,,1000,0.000,1573,513,0
2017/4/8,15:14:30,2.65e5,5280645,9.181,,1000,0.000,1575,523,0
2017/4/8,15:14:45,2.48e5,5097277,9.469,,1000,0.000,1610,506,0
2017/4/8,15:15:00,2.50e5,5119323,9.443,,1000,0.000,1638,538,0
2017/4/8,15:15:15,2.46e5,5081616,9.529,,1000,0.000,1621,505,0
2017/4/8,15:15:30,2.39e5,4997457,9.646,,1000,0.000,1660,526,0
2017/4/8,15:15:45,2.37e5,4972975,9.675,,1000,0.000,1606,509,0
2017/4/8,15:16:00,2.41e5,5025438,9.595,,1000,0.000,1622,518,0
2017/4/8,15:16:15,2.46e5,5086837,9.513,,1000,0.000,1625,531,0
2017/4/8,15:16:30,2.43e5,5047348,9.564,,1000,0.000,1660,510,0
2017/4/8,15:16:45,2.45e5,5070201,9.528,,1000,0.000,1632,533,0
2017/4/8,15:17:00,2.37e5,4980940,9.663,,1000,0.000,1594,518,0
2017/4/8,15:17:15,2.38e5,4996353,9.653,,1000,0.000,1636,539,0
2017/4/8,15:17:30,2.35e5,4953080,9.714,,1000,0.000,1655,551,0
2017/4/8,15:17:45,2.29e5,4873580,9.808,,1000,0.000,1617,548,0
2017/4/8,15:18:00,2.30e5,4893182,9.798,,1000,0.000,1634,526,0
2017/4/8,15:18:15,2.30e5,4889412,9.807,,1000,0.000,1630,531,0
2017/4/8,15:18:30,2.30e5,4890499,9.796,,1000,0.000,1646,510,0
2017/4/8,15:18:45,2.28e5,4857533,9.831,,1000,0.000,1650,532,0
2017/4/8,15:19:00,2.28e5,4860132,9.839,,1000,0.000,1649,485,0
2017/4/8,15:19:15,2.26e5,4840368,9.872,,1000,0.000,1658,491,0
2017/4/8,15:19:30,2.24e5,4817100,9.903,,1000,0.000,1644,527,0
2017/4/8,15:19:45,2.18e5,4735822,10.0,,1000,0.000,1658,521,0
2017/4/8,15:20:00,2.19e5,4740694,9.989,,1000,0.000,1666,513,0
2017/4/8,15:20:15,2.19e5,4748306,9.992,,1000,0.000,1699,538,0
2017/4/8,15:20:30,2.17e5,4725445,10.01,,1000,0.000,1684,529,0
2017/4/8,15:20:45,2.16e5,4708692,10.04,,1000,0.000,1673,500,0
2017/4/8,15:21:00,2.11e5,4646603,10.12,,1000,0.000,1682,502,0
2017/4/8,15:21:15,2.14e5,4682494,10.08,,1000,0.000,1696,524,0
2017/4/8,15:21:30,2.11e5,4642743,10.13,,1000,0.000,1672,515,0
2017/4/8,15:21:45,2.05e5,4563170,10.23,,1000,0.000,1719,498,0
2017/4/8,15:22:00,2.06e5,4580100,10.22,,1000,0.000,1702,528,0
2017/4/8,15:22:15,2.04e5,4550193,10.26,,1000,0.000,1728,504,0
2017/4/8,15:22:30,2.03e5,4531171,10.28,,1000,0.000,1701,501,0
2017/4/8,15:22:45,2.06e5,4567322,10.23,,1000,0.000,1697,513,0
2017/4/8,15:23:00,2.01e5,4513253,10.31,,1000,0.000,1688,507,0
2017/4/8,15:23:15,2.02e5,4520995,10.3,,1000,0.000,1710,499,0
2017/4/8,15:23:30,1.99e5,4476958,10.35,,1000,0.000,1683,543,0
2017/4/8,15:23:45,1.98e5,4464577,10.37,,1000,0.000,1706,523,0
2017/4/8,15:24:00,1.97e5,4441139,10.4,,1000,0.000,1726,501,0
2017/4/8,15:24:15,1.95e5,4416560,10.45,,1000,0.000,1693,516,0
2017/4/8,15:24:30,1.94e5,4401934,10.47,,1000,0.000,1685,523,0
2017/4/8,15:24:45,1.96e5,4438841,10.41,,1000,0.000,1694,496,0
2017/4/8,15:25:00,1.94e5,4396447,10.45,,1000,0.000,1724,506,0
2017/4/8,15:25:15,1.93e5,4401742,10.47,,1000,0.000,1704,513,0
2017/4/8,15:25:30,1.91e5,4360044,10.51,,1000,0.000,1699,517,0
2017/4/8,15:25:45,1.94e5,4401488,10.47,,1000,0.000,1715,518,0
2017/4/8,15:26:00,1.89e5,4337964,10.56,,1000,0.000,1718,499,0
2017/4/8,15:26:15,1.89e5,4330654,10.57,,1000,0.000,1712,524,0
2017/4/8,15:26:30,1.88e5,4313994,10.58,,1000,0.000,1718,509,0
2017/4/8,15:26:45,1.91e5,4369957,10.51,,1000,0.000,1732,510,0
2017/4/8,15:27:00,1.88e5,4323438,10.56,,1000,0.000,1737,527,0
2017/4/8,15:27:15,1.84e5,4253655,10.65,,1000,0.000,1752,532,0
2017/4/8,15:27:30,1.85e5,4272436,10.63,,1000,0.000,1748,509,0
2017/4/8,15:27:45,1.84e5,4260819,10.64,,1000,0.000,1719,523,0
2017/4/8,15:28:00,1.85e5,4277659,10.62,,1000,0.000,1723,521,0
2017/4/8,15:28:15,1.85e5,4268506,10.64,,1000,0.000,1727,527,0
2017/4/8,15:28:30,1.82e5,4232573,10.68,,1000,0.000,1781,528,0
2017/4/8,15:28:45,1.81e5,4213870,10.7,,1000,0.000,1762,510,0
2017/4/8,15:29:00,1.78e5,4160969,10.78,,1000,0.000,1739,506,0
2017/4/8,15:29:15,1.81e5,4210720,10.73,,1000,0.000,1738,483,0
2017/4/8,15:29:30,1.87e5,4308105,10.6,,1000,0.000,1722,521,0
2017/4/8,15:29:45,1.88e5,4321476,10.58,,1000,0.000,1716,506,0
2017/4/8,15:30:00,1.80e5,4207060,10.73,,1000,0.000,1729,523,0
2017/4/8,15:30:15,1.82e5,4229327,10.71,,1000,0.000,1745,477,0
2017/4/8,15:30:30,1.77e5,4150935,10.8,,1000,0.000,1746,505,0
2017/4/8,15:30:45,1.78e5,4162309,10.78,,1000,0.000,1778,527,0
2017/4/8,15:31:00,1.75e5,4117487,10.84,,1000,0.000,1773,499,0
2017/4/8,15:31:15,1.77e5,4152380,10.79,,1000,0.000,1715,502,0
2017/4/8,15:31:30,1.76e5,4130647,10.82,,1000,0.000,1702,506,0
2017/4/8,15:31:45,1.64e5,3942772,11.05,,1000,0.000,1770,506,0
2017/4/8,15:32:00,1.63e5,3931871,11.07,,1000,0.000,1794,494,0
2017/4/8,15:32:15,1.55e5,3781673,11.25,,1000,0.000,1812,473,0
2017/4/8,15:32:30,1.51e5,3709919,11.33,,1000,0.000,1791,499,0
2017/4/8,15:32:45,1.46e5,3620015,11.43,,1000,0.000,1789,502,0
2017/4/8,15:33:00,1.43e5,3578688,11.48,,1000,0.000,1832,477,0
2017/4/8,15:33:15,1.40e5,3522527,11.54,,1000,0.000,1827,482,0
2017/4/8,15:33:30,1.35e5,3417439,11.66,,1000,0.000,1826,490,0
2017/4/8,15:33:45,1.29e5,3303651,11.78,,1000,0.000,1873,488,0
2017/4/8,15:34:00,1.26e5,3241143,11.85,,1000,0.000,1849,484,0
2017/4/8,15:34:15,1.23e5,3198128,11.91,,1000,0.000,1844,499,0
2017/4/8,15:34:30,1.17e5,3074909,12.04,,1000,0.000,1872,484,0
2017/4/8,15:34:45,1.14e5,3009798,12.11,,1000,0.000,1894,471,0
2017/4/8,15:35:00,1.09e5,2902060,12.22,,1000,0.000,1925,460,0
2017/4/8,15:35:15,1.02e5,2751039,12.38,,1000,0.000,1927,483,0
2017/4/8,15:35:30,1.06e5,2841112,12.28,,1000,0.000,1909,478,0
2017/4/8,15:35:45,1.02e5,2743618,12.38,,1000,0.000,1895,473,0
2017/4/8,15:36:00,9.86e4,2664016,12.47,,1000,0.000,1966,477,0
2017/4/8,15:36:15,9.38e4,2557175,12.58,,1000,0.000,1932,489,0
2017/4/8,15:36:30,9.37e4,2553938,12.58,,1000,0.000,1972,434,0
2017/4/8,15:36:45,8.75e4,2412694,12.72,,1000,0.000,1958,494,0
2017/4/8,15:37:00,8.74e4,2410652,12.72,,1000,0.000,1971,476,0
2017/4/8,15:37:15,8.51e4,2357799,12.78,,1000,0.000,1964,469,0
2017/4/8,15:37:30,7.99e4,2233258,12.9,,1000,0.000,2006,467,0
2017/4/8,15:37:45,7.72e4,2169867,12.96,,1000,0.000,1993,449,0
2017/4/8,15:38:00,7.95e4,2226436,12.9,,1000,0.000,2015,467,0
2017/4/8,15:38:15,7.98e4,2230936,12.9,,1000,0.000,2004,460,0
2017/4/8,15:38:30,7.31e4,2069493,13.06,,1000,0.000,2052,457,0
2017/4/8,15:38:45,7.07e4,2011899,13.12,,1000,0.000,2010,489,0
2017/4/8,15:39:00,6.94e4,1978603,13.15,,1000,0.000,2011,472,0
2017/4/8,15:39:15,6.28e4,1812038,13.31,,1000,0.000,2081,491,0
2017/4/8,15:39:30,6.09e4,1765027,13.35,,1000,0.000,2098,468,0
2017/4/8,15:39:45,6.21e4,1794095,13.32,,1000,0.000,2095,489,0
2017/4/8,15:40:00,6.04e4,1750946,13.36,,1000,0.000,2113,468,0
2017/4/8,15:40:15,5.75e4,1674084,13.44,,1000,0.000,2132,463,0
2017/4/8,15:40:30,5.93e4,1723586,13.39,,1000,0.000,2113,480,0
2017/4/8,15:40:45,5.58e4,1631783,13.48,,1000,0.000,2119,482,0
2017/4/8,15:41:00,5.28e4,1551289,13.55,,1000,0.000,2197,445,0
2017/4/8,15:41:15,5.00e4,1476342,13.62,,1000,0.000,2164,491,0
2017/4/8,15:41:30,4.82e4,1429787,13.66,,1000,0.000,2204,493,0
2017/4/8,15:41:45,4.83e4,1431671,13.66,,1000,0.000,2199,488,0
2017/4/8,15:42:00,4.83e4,1431284,13.66,,1000,0.000,2177,509,0
2017/4/8,15:42:15,4.64e4,1381374,13.71,,1000,0.000,2229,465,0
2017/4/8,15:42:30,4.46e4,1330213,13.76,,1000,0.000,2213,487,0
2017/4/8,15:42:45,4.26e4,1276383,13.81,,1000,0.000,2219,500,0
2017/4/8,15:43:00,4.05e4,1217675,13.86,,1000,0.000,2281,460,0
2017/4/8,15:43:15,4.03e4,1211887,13.86,,1000,0.000,2286,462,0
2017/4/8,15:43:30,4.00e4,1204632,13.87,,1000,0.000,2274,482,0
2017/4/8,15:43:45,3.88e4,1170995,13.9,,1000,0.000,2274,493,0
2017/4/8,15:44:00,3.59e4,1088491,13.98,,1000,0.000,2319,462,0
2017/4/8,15:44:15,3.56e4,1081663,13.98,,1000,0.000,2297,476,0
2017/4/8,15:44:30,3.56e4,1081950,13.98,,1000,0.000,2314,466,0
2017/4/8,15:44:45,3.25e4,992805,14.07,,1000,0.000,2363,449,0
2017/4/8,15:45:00,3.21e4,982405,14.08,,1000,0.000,2304,474,0
2017/4/8,15:45:15,3.20e4,978198,14.08,,1000,0.000,2355,487,0
2017/4/8,15:45:30,3.08e4,943998,14.11,,1000,0.000,2316,496,0
2017/4/8,15:45:45,3.05e4,935744,14.12,,1000,0.000,2326,489,0
2017/4/8,15:46:00,2.92e4,896285,14.15,,1000,0.000,2351,488,0
2017/4/8,15:46:15,2.72e4,840163,14.21,,1000,0.000,2387,446,0
2017/4/8,15:46:30,2.65e4,818782,14.22,,1000,0.000,2363,485,0
2017/4/8,15:46:45,2.65e4,818819,14.23,,1000,0.000,2403,444,0
2017/4/8,15:47:00,2.53e4,782987,14.26,,1000,0.000,2401,474,0
2017/4/8,15:47:15,2.53e4,784378,14.26,,1000,0.000,2391,488,0
2017/4/8,15:47:30,2.44e4,757587,14.28,,1000,0.000,2364,500,0
2017/4/8,15:47:45,2.39e4,742054,14.3,,1000,0.000,2403,472,0
2017/4/8,15:48:00,2.34e4,728169,14.31,,1000,0.000,2445,416,0
2017/4/8,15:48:15,2.17e4,676249,14.36,,1000,0.000,2427,461,0
2017/4/8,15:48:30,2.11e4,659456,14.37,,1000,0.000,2446,445,0
2017/4/8,15:48:45,2.06e4,644243,14.39,,1000,0.000,2467,432,0
2017/4/8,15:49:00,2.08e4,649832,14.38,,1000,0.000,2435,447,0
2017/4/8,15:49:15,1.95e4,610406,14.42,,1000,0.000,2454,440,0
2017/4/8,15:49:30,1.94e4,609073,14.42,,1000,0.000,2465,434,0
2017/4/8,15:49:45,1.70e4,536802,14.48,,1000,0.000,2445,478,0
2017/4/8,15:50:00,1.78e4,559588,14.46,,1000,0.000,2449,480,0
2017/4/8,15:50:15,1.69e4,531172,14.49,,1000,0.000,2446,477,0
2017/4/8,15:50:30,1.62e4,511326,14.51,,1000,0.000,2454,473,0
2017/4/8,15:50:45,1.56e4,492527,14.53,,1000,0.000,2493,421,0
2017/4/8,15:51:00,1.55e4,488616,14.53,,1000,0.000,2484,417,0
2017/4/8,15:51:15,1.52e4,482041,14.53,,1000,0.000,2496,416,0
2017/4/8,15:51:30,1.43e4,454669,14.56,,1000,0.000,2491,452,0
2017/4/8,15:51:45,1.36e4,433196,14.58,,1000,0.000,2504,443,0
2017/4/8,15:52:00,1.33e4,423129,14.59,,1000,0.000,2526,418,0
2017/4/8,15:52:15,1.35e4,429411,14.58,,1000,0.000,2501,443,0
2017/4/8,15:52:30,1.24e4,395779,14.62,,1000,0.000,2520,443,0
2017/4/8,15:52:45,1.20e4,383891,14.63,,1000,0.000,2506,450,0
2017/4/8,15:53:00,1.18e4,375840,14.63,,1000,0.000,2530,419,0
2017/4/8,15:53:15,1.16e4,369506,14.64,,1000,0.000,2518,438,0
2017/4/8,15:53:30,1.12e4,356169,14.65,,1000,0.000,2480,495,0
2017/4/8,15:53:45,1.13e4,359493,14.65,,1000,0.000,2551,406,0
2017/4/8,15:54:00,1.10e4,352637,14.66,,1000,0.000,2504,477,0
2017/4/8,15:54:15,1.07e4,343477,14.66,,1000,0.000,2528,401,0
2017/4/8,15:54:30,1.05e4,336781,14.67,,1000,0.000,2529,462,0
2017/4/8,15:54:45,9.87e3,314937,14.69,,1000,0.000,2541,423,0
2017/4/8,15:55:00,9.41e3,300371,14.7,,1000,0.000,2523,443,0
2017/4/8,15:55:15,9.19e3,293513,14.71,,1000,0.000,2536,426,0
2017/4/8,15:55:30,9.18e3,293108,14.71,,1000,0.000,2547,430,0
2017/4/8,15:55:45,8.84e3,282536,14.72,,1000,0.000,2545,443,0
2017/4/8,15:56:00,8.15e3,260847,14.74,,1000,0.000,2552,428,0
2017/4/8,15:56:15,8.46e3,270662,14.73,,1000,0.000,2539,456,0
2017/4/8,15:56:30,7.78e3,249199,14.75,,1000,0.000,2558,413,0
2017/4/8,15:56:45,7.54e3,241616,14.76,,1000,0.000,2586,416,0
2017/4/8,15:57:00,7.37e3,236466,14.77,,1000,0.000,2569,417,0
2017/4/8,15:57:15,7.43e3,238399,14.76,,1000,0.000,2573,397,0
2017/4/8,15:57:30,7.21e3,231294,14.77,,1000,0.000,2573,435,0
2017/4/8,15:57:45,6.89e3,221316,14.78,,1000,0.000,2569,435,0
2017/4/8,15:58:00,7.01e3,224948,14.78,,1000,0.000,2591,378,0
2017/4/8,15:58:15,6.85e3,219936,14.78,,1000,0.000,2587,412,0
2017/4/8,15:58:30,6.44e3,206835,14.79,,1000,0.000,2567,413,0
2017/4/8,15:58:45,6.39e3,205374,14.8,,1000,0.000,2576,401,0
2017/4/8,15:59:00,5.94e3,191232,14.81,,1000,0.000,2591,402,0
2017/4/8,15:59:15,5.97e3,192235,14.81,,1000,0.000,2556,439,0
2017/4/8,15:59:30,5.57e3,179472,14.82,,1000,0.000,2593,406,0
2017/4/8,15:59:45,5.41e3,174274,14.83,,1000,0.000,2547,452,0
2017/4/8,16:00:00,5.19e3,167435,14.83,,1000,0.000,2550,450,0
2017/4/8,16:00:15,5.01e3,161682,14.84,,1000,0.000,2619,379,0
2017/4/8,16:00:30,5.07e3,163468,14.84,,1000,0.000,2574,417,0
2017/4/8,16:00:45,4.83e3,155754,14.84,,1000,0.000,2575,422,0
2017/4/8,16:01:00,4.70e3,151675,14.85,,1000,0.000,2606,408,0
2017/4/8,16:01:15,4.42e3,142865,14.86,,1000,0.000,2609,380,0
2017/4/8,16:01:30,4.39e3,142018,14.86,,1000,0.000,2591,426,0
2017/4/8,16:01:45,4.28e3,138352,14.86,,1000,0.000,2602,424,0
2017/4/8,16:02:00,3.99e3,129143,14.87,,1000,0.000,2587,408,0
2017/4/8,16:02:15,4.02e3,129973,14.87,,1000,0.000,2585,428,0
2017/4/8,16:02:30,3.89e3,125877,14.87,,1000,0.000,2598,412,0
2017/4/8,16:02:45,3.88e3,125429,14.87,,1000,0.000,2624,372,0
2017/4/8,16:03:00,3.59e3,116334,14.88,,1000,0.000,2614,388,0
2017/4/8,16:03:15,3.66e3,118517,14.88,,1000,0.000,2604,421,0
2017/4/8,16:03:30,3.52e3,114077,14.88,,1000,0.000,2587,411,0
2017/4/8,16:03:45,3.37e3,109275,14.89,,1000,0.000,2585,429,0
2017/4/8,16:04:00,3.31e3,107265,14.89,,1000,0.000,2593,407,0
2017/4/8,16:04:15,3.31e3,107423,14.89,,1000,0.000,2614,388,0
2017/4/8,16:04:30,3.20e3,103729,14.89,,1000,0.000,2607,394,0
2017/4/8,16:04:45,3.06e3,99558,14.9,,1000,0.000,2622,391,0
2017/4/8,16:05:00,2.94e3,95707,14.9,,1000,0.000,2606,397,0
2017/4/8,16:05:15,2.96e3,96246,14.9,,1000,0.000,2618,384,0
2017/4/8,16:05:30,2.78e3,90566,14.91,,1000,0.000,2590,435,0
2017/4/8,16:05:45,2.68e3,87397,14.91,,1000,0.000,2620,388,0
2017/4/8,16:06:00,2.62e3,85274,14.91,,1000,0.000,2609,417,0
2017/4/8,16:06:15,2.54e3,82772,14.92,,1000,0.000,2604,416,0
2017/4/8,16:06:30,2.59e3,84401,14.91,,1000,0.000,2612,418,0
2017/4/8,16:06:45,2.41e3,78356,14.92,,1000,0.000,2623,397,0
2017/4/8,16:07:00,2.30e3,74958,14.92,,1000,0.000,2609,401,0
2017/4/8,16:07:15,2.29e3,74630,14.92,,1000,0.000,2591,445,0
2017/4/8,16:07:30,2.26e3,73667,14.92,,1000,0.000,2617,417,0
2017/4/8,16:07:45,2.14e3,69799,14.93,,1000,0.000,2618,413,0
2017/4/8,16:08:00,2.05e3,66920,14.93,,1000,0.000,2602,413,0
2017/4/8,16:08:15,1.99e3,64686,14.93,,1000,0.000,2589,455,0
2017/4/8,16:08:30,1.93e3,62814,14.94,,1000,0.000,2626,382,0
2017/4/8,16:08:45,1.93e3,62827,14.94,,1000,0.000,2593,428,0
2017/4/8,16:09:00,1.87e3,60775,14.94,,1000,0.000,2614,423,0
2017/4/8,16:09:15,1.80e3,58736,14.94,,1000,0.000,2622,388,0
2017/4/8,16:09:30,1.79e3,58338,14.94,,1000,0.000,2619,395,0
2017/4/8,16:09:45,1.70e3,55441,14.94,,1000,0.000,2624,391,0
2017/4/8,16:10:00,1.67e3,54449,14.94,,1000,0.000,2636,383,0
2017/4/8,16:10:15,1.61e3,52530,14.95,,1000,0.000,2644,374,0
2017/4/8,16:10:30,1.56e3,50869,14.95,,1000,0.000,2615,402,0
2017/4/8,16:10:45,1.50e3,48779,14.95,,1000,0.000,2630,389,0
2017/4/8,16:11:00,1.53e3,49751,14.95,,1000,0.000,2609,416,0
2017/4/8,16:11:15,1.49e3,48531,14.95,,1000,0.000,2617,400,0
2017/4/8,16:11:30,1.44e3,46900,14.95,,1000,0.000,2622,406,0
2017/4/8,16:11:45,1.43e3,46606,14.95,,1000,0.000,2606,437,0
2017/4/8,16:12:00,1.39e3,45354,14.95,,1000,0.000,2615,404,0
2017/4/8,16:12:15,1.31e3,42888,14.96,,1000,0.000,2622,406,0
2017/4/8,16:12:30,1.26e3,41107,14.96,,1000,0.000,2617,424,0
2017/4/8,16:12:45,1.24e3,40336,14.96,,1000,0.000,2602,434,0
2017/4/8,16:13:00,1.25e3,40647,14.96,,1000,0.000,2641,386,0
2017/4/8,16:13:15,1.19e3,38711,14.96,,1000,0.000,2623,410,0
2017/4/8,16:13:30,1.12e3,36486,14.96,,1000,0.000,2630,391,0
2017/4/8,16:13:45,1.10e3,35826,14.96,,1000,0.000,2653,360,0
2017/4/8,16:14:00,1.05e3,34380,14.96,,1000,0.000,2630,402,0
2017/4/8,16:14:15,1.02e3,33285,14.96,,1000,0.000,2631,401,0
2017/4/8,16:14:30,1.01e3,32925,14.97,,1000,0.000,2629,385,0
2017/4/8,16:14:45,972,31622,14.97,,1000,0.000,2662,371,0
2017/4/8,16:15:00,1.01e3,33148,14.96,,1000,0.000,2639,379,0
2017/4/8,16:15:15,962,31275,14.97,,1000,0.000,2603,440,0
2017/4/8,16:15:30,950,30903,14.97,,1000,0.000,2625,423,0
2017/4/8,16:15:45,897,29174,14.97,,1000,0.000,2651,369,0
2017/4/8,16:16:00,877,28503,14.97,,1000,0.000,2598,440,0
2017/4/8,16:16:15,860,27972,14.97,,1000,0.000,2629,412,0
2017/4/8,16:16:30,830,26998,14.97,,1000,0.000,2637,418,0
2017/4/8,16:16:45,842,27387,14.97,,1000,0.000,2619,415,0
2017/4/8,16:17:00,825,26828,14.97,,1000,0.000,2617,413,0
2017/4/8,16:17:15,783,25476,14.97,,1000,0.000,2604,437,0
2017/4/8,16:17:30,723,23523,14.97,,1000,0.000,2633,390,0
2017/4/8,16:17:45,743,24166,14.97,,1000,0.000,2636,391,0
2017/4/8,16:18:00,737,23974,14.97,,1000,0.000,2620,419,0
2017/4/8,16:18:15,686,22314,14.98,,1000,0.000,2620,416,0
2017/4/8,16:18:30,673,21895,14.98,,1000,0.000,2625,410,0
2017/4/8,16:18:45,658,21389,14.98,,1000,0.000,2652,358,0
2017/4/8,16:19:00,659,21431,14.98,,1000,0.000,2604,424,0
2017/4/8,16:19:15,634,20607,14.98,,1000,0.000,2629,412,0
2017/4/8,16:19:30,624,20309,14.98,,1000,0.000,2620,415,0
2017/4/8,16:19:45,574,18671,14.98,,1000,0.000,2618,447,0
2017/4/8,16:20:00,594,19313,14.98,,1000,0.000,2647,383,0
2017/4/8,16:20:15,584,18992,14.98,,1000,0.000,2645,391,0
2017/4/8,16:20:30,557,18109,14.98,,1000,0.000,2624,402,0
2017/4/8,16:20:45,545,17741,14.98,,1000,0.000,2608,427,0
2017/4/8,16:21:00,532,17299,14.98,,1000,0.000,2626,410,0
2017/4/8,16:21:15,514,16722,14.98,,1000,0.000,2603,467,0
2017/4/8,16:21:30,503,16363,14.98,,1000,0.000,2611,422,0
2017/4/8,16:21:45,497,16161,14.98,,1000,0.000,2629,405,0
2017/4/8,16:22:00,477,15505,14.98,,1000,0.000,2628,402,0
2017/4/8,16:22:15,446,14508,14.98,,1000,0.000,2637,401,0
2017/4/8,16:22:30,451,14675,14.98,,1000,0.000,2648,375,0
2017/4/8,16:22:45,458,14908,14.98,,1000,0.000,2658,390,0
2017/4/8,16:23:00,431,14008,14.98,,1000,0.000,2629,399,0
2017/4/8,16:23:15,428,13941,14.98,,1000,0.000,2614,440,0
2017/4/8,16:23:30,414,13484,14.99,,1000,0.000,2600,434,0
2017/4/8,16:23:45,399,12991,14.99,,1000,0.000,2625,399,0
2017/4/8,16:24:00,410,13333,14.99,,1000,0.000,2611,412,0
2017/4/8,16:24:15,382,12433,14.99,,1000,0.000,2619,419,0
2017/4/8,16:24:30,380,12376,14.99,,1000,0.000,2604,439,0
2017/4/8,16:24:45,389,12670,14.99,,1000,0.000,2656,368,0
2017/4/8,16:25:00,368,11984,14.99,,1000,0.000,2655,379,0
2017/4/8,16:25:15,356,11574,14.99,,1000,0.000,2636,405,0
2017/4/8,16:25:30,349,11356,14.99,,1000,0.000,2636,405,0
2017/4/8,16:25:45,337,10970,14.99,,1000,0.000,2611,419,0
2017/4/8,16:26:00,330,10755,14.99,,1000,0.000,2629,407,0
2017/4/8,16:26:15,329,10696,14.99,,1000,0.000,2596,447,0
2017/4/8,16:26:30,312,10159,14.99,,1000,0.000,2623,408,0
2017/4/8,16:26:45,311,10138,14.99,,1000,0.000,2614,428,0
2017/4/8,16:27:00,308,10035,14.99,,1000,0.000,2629,402,0
2017/4/8,16:27:15,292,9492,14.99,,1000,0.000,2612,447,0
2017/4/8,16:27:30,291,9468,14.99,,1000,0.000,2625,405,0
2017/4/8,16:27:45,280,9103,14.99,,1000,0.000,2626,412,0
2017/4/8,16:28:00,276,8997,14.99,,1000,0.000,2637,394,0
2017/4/8,16:28:15,273,8877,14.99,,1000,0.000,2636,397,0
2017/4/8,16:28:30,270,8778,14.99,,1001,0.000,2607,433,0
2017/4/8,16:28:45,258,8404,14.99,,1000,0.000,2620,428,0
2017/4/8,16:29:00,254,8275,14.99,,1000,0.000,2620,415,0
2017/4/8,16:29:15,262,8531,14.99,,1000,0.000,2615,416,0
2017/4/8,16:29:30,242,7885,14.99,,1000,0.000,2615,402,0
2017/4/8,16:29:45,241,7845,14.99,,1000,0.000,2608,447,0
2017/4/8,16:30:00,237,7706,14.99,,1000,0.000,2604,445,0
2017/4/8,16:30:15,233,7599,14.99,,1000,0.000,2626,395,0
2017/4/8,16:30:30,225,7338,14.99,,1001,0.000,2608,441,0
2017/4/8,16:30:45,226,7345,14.99,,1000,0.000,2619,419,0
2017/4/8,16:31:00,222,7223,14.99,,1000,0.000,2603,430,0
2017/4/8,16:31:15,215,7005,14.99,,1000,0.000,2615,424,0
2017/4/8,16:31:30,213,6927,14.99,,1000,0.000,2634,408,0
2017/4/8,16:31:45,207,6751,14.99,,1000,0.000,2622,413,0
2017/4/8,16:32:00,195,6355,14.99,,1000,0.000,2586,473,0
2017/4/8,16:32:15,193,6273,14.99,,1000,0.000,2600,447,0
2017/4/8,16:32:30,196,6372,14.99,,1000,0.000,2608,432,0
2017/4/8,16:32:45,192,6254,14.99,,1000,0.000,2635,411,0
2017/4/8,16:33:00,184,5998,14.99,,1000,0.000,2646,393,0
2017/4/8,16:33:15,183,5949,14.99,,1000,0.000,2623,407,0
2017/4/8,16:33:30,184,6008,14.99,,1000,0.000,2609,432,0
2017/4/8,16:33:45,178,5796,14.99,,1000,0.000,2618,419,0
2017/4/8,16:34:00,177,5755,14.99,,1001,0.000,2619,440,0
2017/4/8,16:34:15,174,5687,14.99,,1000,0.000,2611,404,0
2017/4/8,16:34:30,161,5246,14.99,,1000,0.000,2630,404,0
2017/4/8,16:34:45,160,5207,14.99,,1000,0.000,2602,443,0
2017/4/8,16:35:00,171,5572,14.99,,1000,0.000,2620,421,0
2017/4/8,16:35:15,162,5273,14.99,,1000,0.000,2617,423,0
2017/4/8,16:35:30,165,5384,14.99,,1000,0.000,2628,422,0
2017/4/8,16:35:45,158,5135,14.99,,1000,0.000,2637,401,0
2017/4/8,16:36:00,152,4950,14.99,,1000,0.000,2604,446,0
2017/4/8,16:36:15,139,4537,14.99,,1000,0.000,2614,432,0
2017/4/8,16:36:30,139,4545,14.99,,1000,0.000,2592,471,0
2017/4/8,16:36:45,140,4572,14.99,,1000,0.000,2612,452,0
2017/4/8,16:37:00,140,4557,14.99,,1000,0.000,2609,452,0
2017/4/8,16:37:15,135,4407,14.99,,1000,0.000,2597,473,0
2017/4/8,16:37:30,142,4630,14.99,,1000,0.000,2603,427,0
2017/4/8,16:37:45,135,4414,14.99,,1000,0.000,2622,418,0
2017/4/8,16:38:00,132,4295,14.99,,1000,0.000,2613,424,0
2017/4/8,16:38:15,133,4346,14.99,,1000,0.000,2597,480,0
2017/4/8,16:38:30,131,4269,14.99,,1001,0.000,2617,437,0
2017/4/8,16:38:45,130,4238,14.99,,1000,0.000,2603,455,0
2017/4/8,16:39:00,128,4172,14.99,,1000,0.000,2623,423,0
2017/4/8,16:39:15,124,4060,14.99,,1000,0.000,2600,455,0
2017/4/8,16:39:30,123,4000,14.99,,1000,0.000,2631,419,0
2017/4/8,16:39:45,116,3800,14.99,,1000,0.000,2586,446,0
2017/4/8,16:40:00,114,3721,14.99,,1000,0.000,2604,457,0
2017/4/8,16:40:15,115,3764,14.99,,1000,0.000,2604,438,0
2017/4/8,16:40:30,113,3684,14.99,,1000,0.000,2620,441,0
2017/4/8,16:40:45,111,3611,14.99,,1000,0.000,2600,458,0
2017/4/8,16:41:00,112,3641,14.99,,1000,0.000,2658,377,0
2017/4/8,16:41:15,113,3688,14.99,,1000,0.000,2629,422,0
2017/4/8,16:41:30,107,3506,14.99,,1000,0.000,2619,437,0
2017/4/8,16:41:45,111,3618,14.99,,1000,0.000,2608,439,0
2017/4/8,16:42:00,110,3591,14.99,,1000,0.000,2595,456,0
2017/4/8,16:42:15,100,3263,14.99,,1000,0.000,2601,466,0
2017/4/8,16:42:30,100,3271,14.99,,1000,0.000,2596,452,0
2017/4/8,16:42:45,102,3322,14.99,,1001,0.000,2635,432,0
2017/4/8,16:43:00,98.8,3213,14.99,,1001,0.000,2615,483,0
2017/4/8,16:43:15,97.3,3164,14.99,,1000,0.000,2645,379,0
2017/4/8,16:43:30,98.2,3194,14.99,,1000,0.000,2609,444,0
2017/4/8,16:43:45,94.4,3069,14.99,,1000,0.000,2613,433,0
2017/4/8,16:44:00,94.5,3072,14.99,,1000,0.000,2628,427,0
2017/4/8,16:44:15,93.5,3040,14.99,,1000,0.000,2595,488,0
2017/4/8,16:44:30,90.1,2931,14.99,,1000,0.000,2642,439,0
2017/4/8,16:44:45,85.7,2788,14.99,,1000,0.000,2608,444,0
2017/4/8,16:45:00,88.7,2883,14.99,,1000,0.000,2585,494,0
2017/4/8,16:45:15,85.1,2766,14.99,,1000,0.000,2614,437,0
2017/4/8,16:45:30,87.5,2844,14.99,,1000,0.000,2611,410,0
2017/4/8,16:45:45,85.2,2772,14.99,,1000,0.000,2628,426,0
2017/4/8,16:46:00,82.3,2675,14.99,,1001,0.000,2568,537,0
2017/4/8,16:46:15,84.0,2733,14.99,,1000,0.000,2611,449,0
2017/4/8,16:46:30,81.1,2636,14.99,,1000,0.000,2597,488,0
2017/4/8,16:46:45,81.1,2638,14.99,,1001,0.000,2579,499,0
2017/4/8,16:47:00,82.6,2685,15.0,,1000,0.000,2625,422,0
2017/4/8,16:47:15,80.7,2624,14.99,,1000,0.000,2567,516,0
2017/4/8,16:47:30,75.2,2445,14.99,,1000,0.000,2587,468,0
2017/4/8,16:47:45,77.3,2515,14.99,,1000,0.000,2574,499,0
2017/4/8,16:48:00,75.5,2455,15.0,,1000,0.000,2596,480,0
2017/4/8,16:48:15,76.2,2478,15.0,,1000,0.000,2596,488,0
2017/4/8,16:48:30,81.1,2638,15.0,,1000,0.000,2613,446,0
2017/4/8,16:48:45,76.1,2475,14.99,,1000,0.000,2648,407,0
2017/4/8,16:49:00,72.1,2345,15.0,,1001,0.000,2625,443,0
2017/4/8,16:49:15,71.4,2322,14.99,,1000,0.000,2640,423,0
2017/4/8,16:49:30,75.1,2443,14.99,,1000,0.000,2593,467,0
2017/4/8,16:49:45,73.4,2386,14.99,,1001,0.000,2607,456,0
2017/4/8,16:50:00,68.2,2217,14.99,,1000,0.000,2611,469,0
2017/4/8,16:50:15,71.8,2336,15.0,,1001,0.000,2622,449,0
2017/4/8,16:50:30,72.6,2361,14.99,,1001,0.000,2591,480,0
2017/4/8,16:50:45,71.3,2319,14.99,,1000,0.000,2583,476,0
2017/4/8,16:51:00,66.9,2176,14.99,,1000,0.000,2575,510,0
2017/4/8,16:51:15,67.6,2200,15.0,,1000,0.000,2578,487,0
2017/4/8,16:51:30,67.6,2199,14.99,,1001,0.000,2598,500,0
2017/4/8,16:51:45,66.3,2156,14.99,,1001,0.000,2606,479,0
2017/4/8,16:52:00,67.2,2184,15.0,,1001,0.000,2614,467,0
2017/4/8,16:52:15,65.4,2126,14.99,,1001,0.000,2600,505,0
2017/4/8,16:52:30,61.4,1996,15.0,,1000,0.000,2620,445,0
2017/4/8,16:52:45,64.9,2111,14.99,,1001,0.000,2606,460,0
2017/4/8,16:53:00,62.5,2032,14.99,,1000,0.000,2608,494,0
2017/4/8,16:53:15,62.4,2030,15.0,,1001,0.000,2600,446,0
2017/4/8,16:53:30,63.5,2064,14.99,,1000,0.000,2620,458,0
2017/4/8,16:53:45,62.8,2041,15.0,,1000,0.000,2598,469,0
2017/4/8,16:54:00,60.7,1973,15.0,,1000,0.000,2626,450,0
2017/4/8,16:54:15,61.4,1996,15.0,,1001,0.000,2611,484,0
2017/4/8,16:54:30,58.2,1892,15.0,,1001,0.000,2598,496,0
2017/4/8,16:54:45,60.6,1971,15.0,,1001,0.000,2606,472,0
2017/4/8,16:55:00,64.8,2107,14.99,,1001,0.000,2636,428,0
2017/4/8,16:55:15,64.1,2085,14.99,,1001,0.000,2604,468,0
2017/4/8,16:55:30,59.9,1947,15.0,,1001,0.000,2611,479,0
2017/4/8,16:55:45,59.7,1943,15.0,,1001,0.000,2565,504,0
2017/4/8,16:56:00,60.3,1961,15.0,,1001,0.000,2613,428,0
2017/4/8,16:56:15,57.1,1857,15.0,,1001,0.000,2565,504,0
2017/4/8,16:56:30,56.4,1834,15.0,,1001,0.000,2604,483,0
2017/4/8,16:56:45,59.8,1944,15.0,,1001,0.000,2591,494,0
2017/4/8,16:57:00,55.5,1804,15.0,,1001,0.000,2600,482,0
2017/4/8,16:57:15,56.3,1831,15.0,,1001,0.000,2625,430,0
2017/4/8,16:57:30,53.5,1740,14.99,,1001,0.000,2612,477,0
2017/4/8,16:57:45,59.0,1919,15.0,,1001,0.000,2619,482,0
