TSI CPC DATA VERSION 3
1490795422,2017/3/29,13:50:22
15
1.08,130
Model 3783 Ver 1.27 S/N 3783111302
"Date","Time","Concentration","Count"," Live-Time","Blank","Abs Press"," Analog In","Pulse Height"," Pulse STD","Status Flags"
2017/3/29,13:50:12,1.44e4,454391,14.52,,1011,0.000,2442,520,0
2017/3/29,13:50:28,1.40e4,441838,14.53,,1011,0.000,2409,540,0
2017/3/29,13:50:43,1.40e4,443260,14.53,,1011,0.000,2414,552,0
2017/3/29,13:50:58,1.40e4,443536,14.53,,1011,0.000,2429,513,0
2017/3/29,13:51:13,1.39e4,439972,14.54,,1011,0.000,2429,524,0
2017/3/29,13:51:28,1.38e4,436607,14.54,,1011,0.000,2412,549,0
2017/3/29,13:51:43,1.39e4,439961,14.54,,1011,0.000,2441,499,0
2017/3/29,13:51:58,1.38e4,436745,14.54,,1011,0.000,2429,527,0
2017/3/29,13:52:13,1.36e4,430226,14.55,,1011,0.000,2453,493,0
2017/3/29,13:52:28,1.35e4,426244,14.55,,1011,0.000,2442,510,0
2017/3/29,13:52:43,1.34e4,424408,14.55,,1011,0.000,2416,543,0
2017/3/29,13:52:58,1.33e4,421629,14.56,,1011,0.000,2420,534,0
2017/3/29,13:53:13,1.33e4,420840,14.56,,1011,0.000,2464,493,0
2017/3/29,13:53:28,1.32e4,418806,14.56,,1011,0.000,2421,517,0
2017/3/29,13:53:43,1.32e4,417442,14.56,,1011,0.000,2392,545,0
2017/3/29,13:53:58,1.31e4,415698,14.56,,1011,0.000,2403,549,0
2017/3/29,13:54:13,1.30e4,413038,14.57,,1011,0.000,2438,512,0
2017/3/29,13:54:28,1.29e4,410193,14.57,,1011,0.000,2447,521,0
2017/3/29,13:54:43,1.29e4,407982,14.57,,1011,0.000,2427,520,0
2017/3/29,13:54:58,1.27e4,404488,14.57,,1011,0.000,2414,544,0
2017/3/29,13:55:13,1.27e4,402728,14.58,,1011,0.000,2443,516,0
2017/3/29,13:55:28,1.31e4,414793,14.56,,1011,0.000,2457,505,0
2017/3/29,13:55:43,1.27e4,404142,14.57,,1011,0.000,2440,504,0
2017/3/29,13:55:58,4.02e4,1170145,13.82,,1011,0.000,2230,552,0
2017/3/29,13:56:13,3.85e4,1154952,13.84,,1010,0.000,2221,507,0
2017/3/29,13:56:28,4.33e4,1281952,13.71,,1011,0.000,2171,515,0
2017/3/29,13:56:43,6.53e4,1846257,13.14,,1011,0.000,2004,549,0
2017/3/29,13:56:58,1.23e5,3007751,11.82,,1010,0.000,1846,516,0
2017/3/29,13:57:13,2.48e5,4946924,9.253,,1010,0.000,1578,582,0
2017/3/29,13:57:28,3.18e5,5356423,8.24,,1011,0.000,1524,546,0
2017/3/29,13:57:43,3.95e5,5904204,7.062,,1011,0.000,1472,583,0
2017/3/29,13:57:58,3.45e5,5685714,7.728,,1011,0.000,1467,545,0
2017/3/29,13:58:13,4.45e5,5906824,6.559,,1010,0.000,1428,559,0
2017/3/29,13:58:28,5.61e5,6199139,5.181,,1010,0.000,1372,590,0
2017/3/29,13:58:43,4.95e5,6187645,5.831,,1010,0.000,1384,565,0
2017/3/29,13:58:58,4.50e5,6130351,6.319,,1010,0.000,1352,545,0
2017/3/29,13:59:13,5.49e5,6226987,5.279,,1011,0.000,1374,576,0
2017/3/29,13:59:28,6.47e5,6177217,4.434,,1010,0.000,1328,588,0
2017/3/29,13:59:43,6.34e5,6201787,4.543,,1010,0.000,1384,610,0
2017/3/29,13:59:58,6.02e5,6220662,4.787,,1011,0.000,1335,596,0
2017/3/29,14:00:13,6.23e5,6201878,4.61,,1011,0.000,1357,601,0
2017/3/29,14:00:28,5.78e5,6222252,5.02,,1011,0.000,1422,596,0
2017/3/29,14:00:43,5.85e5,6233430,4.937,,1011,0.000,1396,609,0
2017/3/29,14:00:58,6.70e5,6157950,4.263,,1010,0.000,1356,626,0
2017/3/29,14:01:13,6.28e5,6204268,4.569,,1010,0.000,1331,583,0
2017/3/29,14:01:28,7.23e5,6073017,3.908,,1011,0.000,1347,609,0
2017/3/29,14:01:43,7.20e5,6096045,3.935,,1010,0.000,1324,598,0
2017/3/29,14:01:58,7.57e5,6020926,3.699,,1010,0.000,1307,587,0
2017/3/29,14:02:13,7.29e5,6076238,3.863,,1010,0.000,1324,600,0
2017/3/29,14:02:28,7.48e5,6045025,3.741,,1010,0.000,1345,611,0
2017/3/29,14:02:43,7.16e5,6099959,3.949,,1010,0.000,1311,574,0
2017/3/29,14:02:58,6.94e5,6102387,4.171,,1010,0.000,1359,620,0
2017/3/29,14:03:13,7.30e5,6081881,3.848,,1010,0.000,1313,609,0
2017/3/29,14:03:28,7.50e5,6051296,3.73,,1011,0.000,1353,598,0
2017/3/29,14:03:43,7.16e5,6109199,3.945,,1011,0.000,1328,595,0
2017/3/29,14:03:58,7.55e5,6034817,3.703,,1010,0.000,1311,582,0
2017/3/29,14:04:13,7.95e5,5960976,3.482,,1010,0.000,1348,610,0
2017/3/29,14:04:28,7.58e5,6027244,3.674,,1010,0.000,1336,618,0
2017/3/29,14:04:43,7.49e5,6041885,3.744,,1010,0.000,1320,610,0
2017/3/29,14:04:58,7.13e5,6098630,3.951,,1010,0.000,1334,595,0
2017/3/29,14:05:13,7.54e5,6033371,3.704,,1010,0.000,1361,588,0
2017/3/29,14:05:28,7.79e5,5985666,3.56,,1010,0.000,1335,590,0
2017/3/29,14:05:43,7.74e5,6003724,3.593,,1010,0.000,1340,628,0
2017/3/29,14:05:58,7.49e5,6034380,3.727,,1010,0.000,1352,607,0
2017/3/29,14:06:13,7.47e5,6042799,3.743,,1010,0.000,1320,588,0
2017/3/29,14:06:28,7.54e5,6038682,3.7,,1010,0.000,1363,625,0
2017/3/29,14:06:43,7.26e5,6098991,3.883,,1010,0.000,1350,618,0
2017/3/29,14:06:58,7.66e5,6009763,3.632,,1010,0.000,1342,592,0
2017/3/29,14:07:13,7.45e5,6053189,3.759,,1010,0.000,1358,615,0
2017/3/29,14:07:28,7.13e5,6107725,3.959,,1010,0.000,1364,604,0
2017/3/29,14:07:43,7.03e5,6127660,4.03,,1010,0.000,1302,589,0
2017/3/29,14:07:58,7.12e5,6113491,3.962,,1010,0.000,1364,640,0
2017/3/29,14:08:13,7.08e5,6110281,3.982,,1010,0.000,1343,611,0
2017/3/29,14:08:28,6.86e5,6142599,4.136,,1010,0.000,1336,626,0
2017/3/29,14:08:43,6.65e5,6177940,4.289,,1011,0.000,1320,584,0
2017/3/29,14:08:58,6.99e5,6125960,4.048,,1010,0.000,1343,614,0
2017/3/29,14:09:13,6.55e5,6186231,4.359,,1010,0.000,1341,585,0
2017/3/29,14:09:28,6.46e5,6196118,4.428,,1010,0.000,1342,600,0
2017/3/29,14:09:43,6.49e5,6196440,4.409,,1010,0.000,1364,620,0
2017/3/29,14:09:58,6.35e5,6205405,4.51,,1010,0.000,1372,607,0
2017/3/29,14:10:13,6.16e5,6219824,4.656,,1010,0.000,1397,596,0
2017/3/29,14:10:28,6.18e5,6224946,4.651,,1010,0.000,1403,621,0
2017/3/29,14:10:43,6.18e5,6227807,4.657,,1010,0.000,1373,604,0
2017/3/29,14:10:58,6.15e5,6219425,4.673,,1010,0.000,1351,579,0
2017/3/29,14:11:13,6.07e5,6236821,4.739,,1010,0.000,1389,605,0
2017/3/29,14:11:28,5.81e5,6248922,4.962,,1010,0.000,1400,605,0
2017/3/29,14:11:43,6.20e5,6237304,4.651,,1011,0.000,1362,581,0
2017/3/29,14:11:58,6.05e5,6241852,4.762,,1010,0.000,1413,587,0
2017/3/29,14:12:13,5.88e5,6249206,4.907,,1010,0.000,1397,590,0
2017/3/29,14:12:28,5.85e5,6242491,4.929,,1010,0.000,1365,600,0
2017/3/29,14:12:43,6.02e5,6241158,4.789,,1010,0.000,1352,568,0
2017/3/29,14:12:58,5.74e5,6257300,5.032,,1010,0.000,1362,592,0
2017/3/29,14:13:13,5.78e5,6254374,4.994,,1010,0.000,1392,604,0
2017/3/29,14:13:28,5.84e5,6249311,4.934,,1010,0.000,1402,610,0
2017/3/29,14:13:43,5.73e5,6262471,5.05,,1011,0.000,1347,567,0
2017/3/29,14:13:58,5.87e5,6251686,4.913,,1010,0.000,1391,609,0
2017/3/29,14:14:13,5.66e5,6259634,5.103,,1010,0.000,1398,590,0
2017/3/29,14:14:28,5.44e5,6265196,5.316,,1011,0.000,1430,606,0
2017/3/29,14:14:43,5.34e5,6262524,5.41,,1010,0.000,1400,607,0
2017/3/29,14:14:58,5.36e5,6257761,5.389,,1010,0.000,1436,626,0
2017/3/29,14:15:13,5.26e5,6258699,5.495,,1010,0.000,1386,595,0
2017/3/29,14:15:28,5.42e5,6260962,5.326,,1011,0.000,1390,593,0
2017/3/29,14:15:43,5.25e5,6260123,5.505,,1010,0.000,1416,607,0
2017/3/29,14:15:58,5.08e5,6239315,5.664,,1011,0.000,1376,562,0
2017/3/29,14:16:13,5.31e5,6255432,5.436,,1011,0.000,1401,612,0
2017/3/29,14:16:28,5.13e5,6248303,5.622,,1010,0.000,1396,567,0
2017/3/29,14:16:43,5.08e5,6253247,5.676,,1010,0.000,1395,589,0
2017/3/29,14:16:58,5.09e5,6245176,5.666,,1010,0.000,1370,563,0
2017/3/29,14:17:13,5.19e5,6251152,5.552,,1010,0.000,1361,588,0
2017/3/29,14:17:28,5.01e5,6244229,5.754,,1010,0.000,1440,603,0
2017/3/29,14:17:43,4.79e5,6215842,5.99,,1010,0.000,1391,573,0
2017/3/29,14:17:58,4.77e5,6210613,5.998,,1010,0.000,1395,599,0
2017/3/29,14:18:13,4.62e5,6188288,6.172,,1010,0.000,1417,590,0
2017/3/29,14:18:28,4.79e5,6216761,5.986,,1011,0.000,1412,588,0
2017/3/29,14:18:43,4.55e5,6177231,6.261,,1011,0.000,1408,554,0
2017/3/29,14:18:58,4.70e5,6166406,6.141,,1011,0.000,1379,589,0
2017/3/29,14:19:13,4.80e5,6219963,5.98,,1011,0.000,1440,577,0
2017/3/29,14:19:28,4.69e5,6198700,6.098,,1011,0.000,1437,590,0
2017/3/29,14:19:43,4.56e5,6182706,6.255,,1011,0.000,1455,583,0
2017/3/29,14:19:58,4.50e5,6162264,6.311,,1010,0.000,1510,606,0
2017/3/29,14:20:13,4.49e5,6152665,6.323,,1011,0.000,1442,563,0
2017/3/29,14:20:28,4.58e5,6176883,6.219,,1011,0.000,1437,572,0
2017/3/29,14:20:43,4.72e5,6211826,6.069,,1011,0.000,1439,603,0
2017/3/29,14:20:58,4.64e5,6191228,6.157,,1011,0.000,1459,593,0
2017/3/29,14:21:13,4.57e5,6174825,6.24,,1011,0.000,1422,571,0
2017/3/29,14:21:28,4.44e5,6153045,6.39,,1011,0.000,1422,570,0
2017/3/29,14:21:43,4.33e5,6125823,6.533,,1011,0.000,1436,589,0
2017/3/29,14:21:58,4.36e5,6131532,6.491,,1011,0.000,1448,583,0
2017/3/29,14:22:13,4.38e5,6137279,6.466,,1011,0.000,1376,590,0
2017/3/29,14:22:28,4.26e5,6100074,6.614,,1011,0.000,1439,548,0
2017/3/29,14:22:43,4.52e5,6174436,6.304,,1011,0.000,1457,594,0
2017/3/29,14:22:58,4.38e5,6138393,6.459,,1011,0.000,1467,598,0
2017/3/29,14:23:13,4.19e5,6083541,6.7,,1011,0.000,1447,559,0
2017/3/29,14:23:28,4.16e5,6075641,6.739,,1010,0.000,1484,571,0
2017/3/29,14:23:43,4.20e5,6091178,6.682,,1011,0.000,1450,562,0
2017/3/29,14:23:58,4.05e5,6042910,6.873,,1011,0.000,1485,595,0
2017/3/29,14:24:13,4.00e5,6024778,6.94,,1011,0.000,1457,572,0
2017/3/29,14:24:28,3.99e5,6019978,6.966,,1010,0.000,1458,590,0
2017/3/29,14:24:43,4.05e5,6044501,6.887,,1011,0.000,1442,556,0
2017/3/29,14:24:58,3.98e5,6009998,6.971,,1011,0.000,1431,578,0
2017/3/29,14:25:13,3.96e5,6003525,6.992,,1011,0.000,1445,562,0
2017/3/29,14:25:28,3.94e5,5996300,7.019,,1011,0.000,1459,592,0
2017/3/29,14:25:43,3.85e5,5955426,7.141,,1011,0.000,1450,551,0
2017/3/29,14:25:58,3.78e5,5933924,7.229,,1011,0.000,1480,584,0
2017/3/29,14:26:13,3.82e5,5951246,7.188,,1010,0.000,1422,570,0
2017/3/29,14:26:28,3.94e5,6003826,7.024,,1010,0.000,1450,567,0
2017/3/29,14:26:43,3.99e5,6027386,6.963,,1010,0.000,1503,595,0
2017/3/29,14:26:58,3.93e5,6001137,7.033,,1010,0.000,1433,574,0
2017/3/29,14:27:13,3.79e5,5937166,7.228,,1010,0.000,1442,535,0
2017/3/29,14:27:28,3.78e5,5937802,7.249,,1010,0.000,1473,570,0
2017/3/29,14:27:43,3.77e5,5925478,7.258,,1010,0.000,1513,581,0
2017/3/29,14:27:58,3.82e5,5952001,7.192,,1010,0.000,1431,563,0
2017/3/29,14:28:13,3.84e5,5965029,7.159,,1011,0.000,1447,566,0
2017/3/29,14:28:28,3.88e5,5979447,7.118,,1010,0.000,1464,570,0
2017/3/29,14:28:43,3.99e5,6035013,6.975,,1010,0.000,1489,567,0
2017/3/29,14:28:58,3.92e5,5998387,7.053,,1010,0.000,1444,568,0
2017/3/29,14:29:13,3.97e5,6024754,7.006,,1010,0.000,1447,573,0
2017/3/29,14:29:28,4.03e5,6046547,6.917,,1011,0.000,1437,562,0
2017/3/29,14:29:43,3.96e5,6024492,7.016,,1010,0.000,1423,565,0
2017/3/29,14:29:58,3.98e5,6032402,6.985,,1010,0.000,1414,574,0
2017/3/29,14:30:13,3.99e5,6027622,6.965,,1010,0.000,1495,593,0
2017/3/29,14:30:28,4.28e5,6119680,6.61,,1010,0.000,1424,573,0
2017/3/29,14:30:43,4.17e5,6095873,6.735,,1011,0.000,1479,576,0
2017/3/29,14:30:58,4.09e5,6067120,6.847,,1011,0.000,1457,594,0
2017/3/29,14:31:13,4.15e5,6082111,6.763,,1010,0.000,1427,577,0
2017/3/29,14:31:28,4.19e5,6099857,6.722,,1010,0.000,1462,557,0
2017/3/29,14:31:43,4.02e5,6048145,6.94,,1011,0.000,1428,584,0
2017/3/29,14:31:58,4.15e5,6090078,6.766,,1010,0.000,1425,582,0
2017/3/29,14:32:13,4.08e5,6065099,6.854,,1010,0.000,1435,563,0
2017/3/29,14:32:28,4.27e5,6126325,6.624,,1010,0.000,1427,570,0
2017/3/29,14:32:43,4.36e5,6154572,6.515,,1010,0.000,1444,578,0
2017/3/29,14:32:58,4.31e5,6138854,6.574,,1010,0.000,1446,579,0
2017/3/29,14:33:13,4.36e5,6156911,6.521,,1010,0.000,1425,568,0
2017/3/29,14:33:28,4.35e5,6149244,6.526,,1010,0.000,1390,554,0
2017/3/29,14:33:43,4.15e5,6096990,6.781,,1010,0.000,1413,557,0
2017/3/29,14:33:58,4.15e5,6091328,6.774,,1010,0.000,1427,582,0
2017/3/29,14:34:13,4.17e5,6099604,6.743,,1010,0.000,1445,555,0
2017/3/29,14:34:28,4.46e5,6183365,6.393,,1010,0.000,1405,574,0
2017/3/29,14:34:43,4.26e5,6131436,6.643,,1010,0.000,1431,596,0
2017/3/29,14:34:58,4.33e5,6111418,6.599,,1010,0.000,1401,577,0
2017/3/29,14:35:13,4.66e5,6225682,6.176,,1010,0.000,1394,549,0
2017/3/29,14:35:28,4.61e5,6215796,6.226,,1010,0.000,1386,581,0
2017/3/29,14:35:43,4.65e5,6225213,6.177,,1010,0.000,1430,606,0
2017/3/29,14:35:58,4.60e5,6209927,6.239,,1010,0.000,1372,567,0
2017/3/29,14:36:13,4.40e5,6162730,6.47,,1010,0.000,1463,585,0
2017/3/29,14:36:28,4.44e5,6174572,6.423,,1010,0.000,1463,577,0
2017/3/29,14:36:43,4.64e5,6219901,6.198,,1010,0.000,1413,571,0
2017/3/29,14:36:58,4.79e5,6243770,6.028,,1010,0.000,1412,552,0
2017/3/29,14:37:13,4.54e5,6196347,6.31,,1010,0.000,1466,583,0
2017/3/29,14:37:28,4.63e5,6215897,6.206,,1010,0.000,1455,573,0
2017/3/29,14:37:43,4.63e5,6222626,6.209,,1010,0.000,1429,561,0
2017/3/29,14:37:58,4.57e5,6208716,6.268,,1010,0.000,1423,571,0
2017/3/29,14:38:13,4.83e5,6251149,5.978,,1010,0.000,1379,562,0
2017/3/29,14:38:28,4.78e5,6232064,6.03,,1010,0.000,1383,571,0
2017/3/29,14:38:43,4.81e5,6250966,6.0,,1010,0.000,1400,610,0
2017/3/29,14:38:58,4.64e5,6222439,6.187,,1010,0.000,1407,552,0
2017/3/29,14:39:13,4.62e5,6217433,6.209,,1010,0.000,1428,576,0
2017/3/29,14:39:28,4.67e5,6235680,6.163,,1010,0.000,1409,563,0
2017/3/29,14:39:43,4.81e5,6253796,6.004,,1010,0.000,1444,606,0
2017/3/29,14:39:58,5.24e5,6296782,5.555,,1010,0.000,1405,603,0
2017/3/29,14:40:13,5.59e5,6308560,5.211,,1010,0.000,1385,595,0
2017/3/29,14:40:28,5.02e5,6281680,5.776,,1010,0.000,1392,589,0
2017/3/29,14:40:43,4.97e5,6286636,5.844,,1010,0.000,1358,567,0
2017/3/29,14:40:58,5.28e5,6295266,5.528,,1010,0.000,1379,605,0
2017/3/29,14:41:13,4.91e5,6275328,5.895,,1010,0.000,1384,574,0
2017/3/29,14:41:28,4.71e5,6238653,6.106,,1011,0.000,1433,606,0
2017/3/29,14:41:43,4.54e5,6214795,6.318,,1010,0.000,1417,567,0
2017/3/29,14:41:58,4.42e5,6186422,6.449,,1010,0.000,1427,574,0
2017/3/29,14:42:13,4.27e5,6140025,6.635,,1010,0.000,1481,593,0
2017/3/29,14:42:28,4.17e5,6110439,6.75,,1010,0.000,1456,577,0
2017/3/29,14:42:43,4.06e5,6070032,6.891,,1010,0.000,1423,573,0
2017/3/29,14:42:58,3.97e5,6032961,7.012,,1010,0.000,1494,589,0
2017/3/29,14:43:13,3.85e5,5980003,7.16,,1011,0.000,1459,570,0
2017/3/29,14:43:28,3.75e5,5934475,7.3,,1010,0.000,1474,578,0
2017/3/29,14:43:43,3.66e5,5893375,7.414,,1010,0.000,1478,568,0
2017/3/29,14:43:58,3.57e5,5840755,7.543,,1011,0.000,1481,572,0
2017/3/29,14:44:13,3.47e5,5775016,7.682,,1010,0.000,1446,578,0
2017/3/29,14:44:28,3.36e5,5719517,7.846,,1011,0.000,1507,568,0
2017/3/29,14:44:43,3.28e5,5670568,7.973,,1011,0.000,1495,566,0
2017/3/29,14:44:58,3.20e5,5615847,8.095,,1011,0.000,1522,578,0
2017/3/29,14:45:13,3.12e5,5560918,8.207,,1011,0.000,1545,549,0
2017/3/29,14:45:28,3.03e5,5492024,8.343,,1011,0.000,1523,581,0
2017/3/29,14:45:43,2.97e5,5442253,8.452,,1010,0.000,1501,562,0
2017/3/29,14:45:58,2.90e5,5378342,8.559,,1011,0.000,1517,550,0
2017/3/29,14:46:13,2.82e5,5311889,8.692,,1011,0.000,1535,567,0
2017/3/29,14:46:28,2.75e5,5252259,8.8,,1010,0.000,1573,559,0
2017/3/29,14:46:43,2.69e5,5193326,8.897,,1010,0.000,1542,572,0
2017/3/29,14:46:58,2.62e5,5123120,9.023,,1011,0.000,1556,583,0
2017/3/29,14:47:13,2.55e5,5061965,9.128,,1011,0.000,1605,531,0
2017/3/29,14:47:28,2.50e5,5008626,9.225,,1010,0.000,1573,561,0
2017/3/29,14:47:43,2.45e5,4955849,9.316,,1010,0.000,1596,563,0
2017/3/29,14:47:58,2.39e5,4888684,9.418,,1010,0.000,1610,577,0
2017/3/29,14:48:13,2.33e5,4822507,9.517,,1010,0.000,1574,551,0
2017/3/29,14:48:28,2.28e5,4752997,9.613,,1010,0.000,1633,599,0
2017/3/29,14:48:43,2.23e5,4699173,9.712,,1011,0.000,1646,552,0
2017/3/29,14:48:58,2.17e5,4621242,9.814,,1011,0.000,1645,587,0
2017/3/29,14:49:13,2.13e5,4576075,9.893,,1011,0.000,1641,548,0
2017/3/29,14:49:28,2.06e5,4481651,10.03,,1011,0.000,1669,561,0
2017/3/29,14:49:43,2.05e5,4474024,10.04,,1011,0.000,1668,549,0
2017/3/29,14:49:58,2.00e5,4407120,10.14,,1010,0.000,1646,551,0
2017/3/29,14:50:13,1.96e5,4347511,10.23,,1011,0.000,1662,567,0
2017/3/29,14:50:28,1.91e5,4282480,10.3,,1010,0.000,1687,563,0
2017/3/29,14:50:43,1.88e5,4240924,10.38,,1011,0.000,1638,546,0
2017/3/29,14:50:58,1.83e5,4166085,10.48,,1010,0.000,1689,529,0
2017/3/29,14:51:13,1.77e5,4075149,10.6,,1010,0.000,1707,578,0
2017/3/29,14:51:28,1.76e5,4062649,10.61,,1010,0.000,1704,560,0
2017/3/29,14:51:43,1.73e5,4012911,10.68,,1010,0.000,1735,577,0
2017/3/29,14:51:58,1.70e5,3963236,10.74,,1010,0.000,1683,585,0
2017/3/29,14:52:13,1.66e5,3908544,10.81,,1010,0.000,1735,587,0
2017/3/29,14:52:28,1.63e5,3858770,10.88,,1010,0.000,1704,560,0
2017/3/29,14:52:43,1.60e5,3813735,10.94,,1010,0.000,1759,544,0
2017/3/29,14:52:58,1.57e5,3752435,11.02,,1010,0.000,1755,563,0
2017/3/29,14:53:13,1.54e5,3704710,11.08,,1011,0.000,1721,539,0
2017/3/29,14:53:28,1.51e5,3663923,11.13,,1011,0.000,1721,552,0
2017/3/29,14:53:43,1.48e5,3612476,11.2,,1010,0.000,1738,585,0
2017/3/29,14:53:58,1.46e5,3569026,11.25,,1011,0.000,1761,541,0
2017/3/29,14:54:13,1.43e5,3514920,11.31,,1010,0.000,1746,544,0
2017/3/29,14:54:28,1.40e5,3463878,11.38,,1010,0.000,1802,544,0
2017/3/29,14:54:43,1.38e5,3424857,11.42,,1010,0.000,1832,540,0
2017/3/29,14:54:58,1.35e5,3374594,11.48,,1011,0.000,1795,556,0
2017/3/29,14:55:13,1.33e5,3337681,11.52,,1011,0.000,1812,554,0
2017/3/29,14:55:28,1.31e5,3291170,11.58,,1010,0.000,1777,539,0
2017/3/29,14:55:43,1.28e5,3249991,11.64,,1010,0.000,1795,543,0
2017/3/29,14:55:58,1.26e5,3198353,11.7,,1010,0.000,1787,540,0
2017/3/29,14:56:13,1.24e5,3157609,11.74,,1010,0.000,1762,563,0
2017/3/29,14:56:28,1.21e5,3107689,11.8,,1010,0.000,1798,538,0
2017/3/29,14:56:43,1.20e5,3083472,11.83,,1010,0.000,1804,540,0
2017/3/29,14:56:58,1.17e5,3036300,11.89,,1010,0.000,1829,551,0
2017/3/29,14:57:13,1.15e5,2996226,11.93,,1011,0.000,1822,546,0
2017/3/29,14:57:28,1.13e5,2958087,11.98,,1011,0.000,1817,560,0
2017/3/29,14:57:43,1.12e5,2921340,12.02,,1010,0.000,1843,563,0
2017/3/29,14:57:58,1.10e5,2877480,12.06,,1010,0.000,1807,552,0
2017/3/29,14:58:13,1.08e5,2839927,12.1,,1010,0.000,1795,540,0
2017/3/29,14:58:28,1.06e5,2808046,12.14,,1010,0.000,1848,582,0
2017/3/29,14:58:43,1.04e5,2763430,12.19,,1011,0.000,1848,556,0
2017/3/29,14:58:58,1.02e5,2719817,12.24,,1010,0.000,1842,544,0
2017/3/29,14:59:13,1.01e5,2692310,12.27,,1011,0.000,1878,539,0
2017/3/29,14:59:28,1.00e5,2667351,12.3,,1010,0.000,1881,544,0
2017/3/29,14:59:43,9.81e4,2628005,12.35,,1010,0.000,1849,549,0
2017/3/29,14:59:58,9.67e4,2596373,12.38,,1010,0.000,1864,529,0
2017/3/29,15:00:13,9.50e4,2558789,12.42,,1010,0.000,1904,509,0
2017/3/29,15:00:28,9.36e4,2528220,12.45,,1010,0.000,1877,544,0
2017/3/29,15:00:43,9.20e4,2492611,12.49,,1011,0.000,1873,555,0
2017/3/29,15:00:58,9.08e4,2464415,12.52,,1010,0.000,1875,554,0
2017/3/29,15:01:13,8.97e4,2441337,12.55,,1010,0.000,1921,538,0
2017/3/29,15:01:28,8.83e4,2408077,12.58,,1010,0.000,1900,560,0
2017/3/29,15:01:43,8.68e4,2375782,12.62,,1011,0.000,1887,529,0
2017/3/29,15:01:58,8.54e4,2341741,12.65,,1011,0.000,1944,554,0
2017/3/29,15:02:13,8.39e4,2308190,12.68,,1010,0.000,1929,538,0
2017/3/29,15:02:28,8.24e4,2273770,12.72,,1011,0.000,1882,551,0
2017/3/29,15:02:43,8.15e4,2253071,12.74,,1010,0.000,1950,561,0
2017/3/29,15:02:58,8.02e4,2221909,12.78,,1011,0.000,1959,523,0
2017/3/29,15:03:13,7.94e4,2203118,12.8,,1010,0.000,1960,533,0
2017/3/29,15:03:28,7.82e4,2174852,12.83,,1011,0.000,1909,566,0
2017/3/29,15:03:43,7.72e4,2152993,12.85,,1011,0.000,1973,509,0
2017/3/29,15:03:58,7.60e4,2124511,12.88,,1011,0.000,1967,540,0
2017/3/29,15:04:13,7.50e4,2098703,12.91,,1010,0.000,1951,544,0
2017/3/29,15:04:28,7.39e4,2072216,12.93,,1010,0.000,1940,582,0
2017/3/29,15:04:43,7.27e4,2045040,12.96,,1010,0.000,1958,538,0
2017/3/29,15:04:58,7.20e4,2026597,12.98,,1010,0.000,1978,545,0
2017/3/29,15:05:13,7.08e4,1998876,13.01,,1010,0.000,1977,559,0
2017/3/29,15:05:28,6.98e4,1973989,13.03,,1010,0.000,2010,548,0
2017/3/29,15:05:43,6.91e4,1957052,13.05,,1010,0.000,1970,577,0
2017/3/29,15:05:58,6.84e4,1938436,13.07,,1010,0.000,2026,543,0
2017/3/29,15:06:13,6.72e4,1909025,13.1,,1011,0.000,2003,578,0
2017/3/29,15:06:28,6.64e4,1889777,13.12,,1010,0.000,2006,545,0
2017/3/29,15:06:43,6.54e4,1865477,13.14,,1010,0.000,2036,549,0
2017/3/29,15:06:58,6.45e4,1842681,13.16,,1011,0.000,2058,548,0
2017/3/29,15:07:13,6.38e4,1823521,13.18,,1010,0.000,2017,572,0
2017/3/29,15:07:28,6.21e4,1781229,13.23,,1010,0.000,2026,600,0
2017/3/29,15:07:43,6.24e4,1788163,13.22,,1011,0.000,2008,565,0
2017/3/29,15:07:58,6.12e4,1758408,13.25,,1010,0.000,2043,560,0
2017/3/29,15:08:13,6.03e4,1735572,13.27,,1011,0.000,2027,572,0
2017/3/29,15:08:28,5.96e4,1719347,13.29,,1011,0.000,2049,565,0
2017/3/29,15:08:43,5.91e4,1706577,13.3,,1011,0.000,2038,544,0
2017/3/29,15:08:58,5.75e4,1664591,13.34,,1011,0.000,2047,571,0
2017/3/29,15:09:13,5.72e4,1656598,13.35,,1011,0.000,2070,555,0
2017/3/29,15:09:28,5.65e4,1639827,13.37,,1010,0.000,2053,565,0
2017/3/29,15:09:43,5.58e4,1621292,13.39,,1011,0.000,2069,581,0
2017/3/29,15:09:58,5.52e4,1603672,13.4,,1011,0.000,2100,561,0
2017/3/29,15:10:13,5.45e4,1587016,13.42,,1011,0.000,2100,572,0
2017/3/29,15:10:28,5.38e4,1569339,13.44,,1011,0.000,2087,559,0
2017/3/29,15:10:43,5.33e4,1555162,13.45,,1011,0.000,2069,574,0
2017/3/29,15:10:58,5.25e4,1535514,13.47,,1010,0.000,2095,584,0
2017/3/29,15:11:13,5.18e4,1515561,13.49,,1011,0.000,2080,560,0
2017/3/29,15:11:28,5.12e4,1499221,13.5,,1011,0.000,2115,589,0
2017/3/29,15:11:43,5.07e4,1486651,13.52,,1011,0.000,2121,572,0
2017/3/29,15:11:58,4.98e4,1463387,13.54,,1011,0.000,2089,588,0
2017/3/29,15:12:13,4.93e4,1450449,13.55,,1011,0.000,2122,583,0
2017/3/29,15:12:28,4.86e4,1430331,13.57,,1011,0.000,2165,540,0
2017/3/29,15:12:43,4.81e4,1418940,13.59,,1011,0.000,2169,549,0
2017/3/29,15:12:58,4.74e4,1399838,13.6,,1011,0.000,2128,567,0
2017/3/29,15:13:13,4.71e4,1392640,13.61,,1011,0.000,2139,551,0
2017/3/29,15:13:28,4.65e4,1376384,13.63,,1011,0.000,2160,554,0
2017/3/29,15:13:43,4.61e4,1365007,13.64,,1010,0.000,2119,577,0
2017/3/29,15:13:58,4.55e4,1349475,13.66,,1011,0.000,2169,552,0
2017/3/29,15:14:13,4.49e4,1330953,13.67,,1011,0.000,2171,546,0
2017/3/29,15:14:28,4.43e4,1315268,13.69,,1011,0.000,2169,545,0
2017/3/29,15:14:43,4.38e4,1303123,13.7,,1011,0.000,2155,549,0
2017/3/29,15:14:58,4.33e4,1289112,13.71,,1011,0.000,2188,551,0
2017/3/29,15:15:13,4.28e4,1275016,13.73,,1011,0.000,2136,590,0
2017/3/29,15:15:28,4.24e4,1264911,13.74,,1011,0.000,2178,550,0
2017/3/29,15:15:43,4.20e4,1253139,13.75,,1011,0.000,2178,548,0
2017/3/29,15:15:58,4.13e4,1235300,13.77,,1011,0.000,2167,554,0
2017/3/29,15:16:13,4.08e4,1220185,13.78,,1011,0.000,2203,561,0
2017/3/29,15:16:28,4.05e4,1211211,13.79,,1011,0.000,2219,545,0
2017/3/29,15:16:43,3.99e4,1196818,13.8,,1011,0.000,2171,557,0
2017/3/29,15:16:58,3.96e4,1188413,13.81,,1011,0.000,2205,563,0
2017/3/29,15:17:13,3.90e4,1169652,13.83,,1011,0.000,2215,565,0
2017/3/29,15:17:28,3.87e4,1162468,13.84,,1011,0.000,2250,539,0
2017/3/29,15:17:43,3.83e4,1151776,13.85,,1011,0.000,2224,560,0
2017/3/29,15:17:58,3.80e4,1142254,13.86,,1011,0.000,2209,572,0
2017/3/29,15:18:13,3.75e4,1129746,13.87,,1011,0.000,2182,621,0
2017/3/29,15:18:28,3.70e4,1114975,13.88,,1011,0.000,2226,561,0
2017/3/29,15:18:43,3.66e4,1103559,13.9,,1011,0.000,2265,548,0
2017/3/29,15:18:58,3.63e4,1094737,13.9,,1011,0.000,2233,563,0
2017/3/29,15:19:13,3.59e4,1085523,13.91,,1011,0.000,2225,559,0
2017/3/29,15:19:28,3.55e4,1073320,13.93,,1011,0.000,2230,544,0
2017/3/29,15:19:43,3.51e4,1062531,13.94,,1011,0.000,2231,565,0
2017/3/29,15:19:58,3.47e4,1049922,13.95,,1011,0.000,2255,567,0
2017/3/29,15:20:13,3.43e4,1040280,13.96,,1011,0.000,2224,617,0
2017/3/29,15:20:28,3.40e4,1031665,13.97,,1011,0.000,2285,526,0
2017/3/29,15:20:43,3.38e4,1024006,13.97,,1011,0.000,2250,568,0
2017/3/29,15:20:58,3.33e4,1010918,13.99,,1011,0.000,2222,574,0
2017/3/29,15:21:13,3.29e4,999932,14.0,,1011,0.000,2224,589,0
2017/3/29,15:21:28,3.26e4,990852,14.01,,1011,0.000,2208,599,0
2017/3/29,15:21:43,3.24e4,985621,14.01,,1011,0.000,2257,578,0
2017/3/29,15:21:58,3.19e4,971837,14.02,,1011,0.000,2303,527,0
2017/3/29,15:22:13,3.15e4,959919,14.04,,1011,0.000,2244,584,0
2017/3/29,15:22:28,3.12e4,952673,14.04,,1011,0.000,2255,555,0
2017/3/29,15:22:43,3.09e4,942868,14.05,,1011,0.000,2272,560,0
2017/3/29,15:22:58,3.06e4,933744,14.06,,1011,0.000,2283,538,0
2017/3/29,15:23:13,3.03e4,926257,14.07,,1011,0.000,2285,538,0
2017/3/29,15:23:28,3.00e4,918302,14.08,,1010,0.000,2279,557,0
2017/3/29,15:23:43,2.95e4,901980,14.09,,1011,0.000,2276,544,0
2017/3/29,15:23:58,2.93e4,898075,14.1,,1011,0.000,2271,574,0
2017/3/29,15:24:13,2.91e4,890406,14.1,,1011,0.000,2281,563,0
2017/3/29,15:24:28,2.87e4,881119,14.11,,1011,0.000,2299,559,0
2017/3/29,15:24:43,2.84e4,869921,14.12,,1011,0.000,2286,554,0
2017/3/29,15:24:58,2.82e4,865028,14.13,,1011,0.000,2294,559,0
2017/3/29,15:25:13,2.79e4,856372,14.14,,1011,0.000,2283,545,0
2017/3/29,15:25:28,2.76e4,848743,14.14,,1011,0.000,2313,548,0
2017/3/29,15:25:43,2.74e4,841524,14.15,,1011,0.000,2353,520,0
2017/3/29,15:25:58,2.71e4,832634,14.16,,1011,0.000,2277,573,0
2017/3/29,15:26:13,2.68e4,824784,14.17,,1011,0.000,2327,535,0
2017/3/29,15:26:28,2.66e4,817886,14.17,,1011,0.000,2330,532,0
2017/3/29,15:26:43,2.64e4,812103,14.18,,1011,0.000,2318,560,0
2017/3/29,15:26:58,2.59e4,799726,14.19,,1011,0.000,2347,539,0
2017/3/29,15:27:13,2.57e4,793081,14.2,,1011,0.000,2322,534,0
2017/3/29,15:27:28,2.54e4,784481,14.21,,1011,0.000,2315,529,0
2017/3/29,15:27:43,2.52e4,778590,14.21,,1011,0.000,2305,559,0
2017/3/29,15:27:58,2.50e4,771939,14.22,,1011,0.000,2351,543,0
2017/3/29,15:28:13,2.47e4,764228,14.23,,1011,0.000,2309,583,0
2017/3/29,15:28:28,2.43e4,751837,14.24,,1011,0.000,2349,526,0
2017/3/29,15:28:43,2.43e4,750819,14.24,,1010,0.000,2347,520,0
2017/3/29,15:28:58,2.38e4,738570,14.25,,1011,0.000,2347,556,0
2017/3/29,15:29:13,2.37e4,733898,14.26,,1011,0.000,2359,539,0
2017/3/29,15:29:28,2.35e4,726990,14.27,,1011,0.000,2359,538,0
2017/3/29,15:29:43,2.31e4,717150,14.27,,1011,0.000,2338,550,0
2017/3/29,15:29:58,2.28e4,707764,14.28,,1011,0.000,2314,552,0
2017/3/29,15:30:13,2.27e4,706109,14.29,,1011,0.000,2325,540,0
2017/3/29,15:30:28,2.26e4,700917,14.29,,1011,0.000,2332,549,0
2017/3/29,15:30:43,2.23e4,691898,14.3,,1011,0.000,2353,524,0
2017/3/29,15:30:58,2.21e4,686683,14.3,,1011,0.000,2364,526,0
2017/3/29,15:31:13,2.19e4,680701,14.31,,1011,0.000,2344,563,0
2017/3/29,15:31:28,2.17e4,675182,14.32,,1011,0.000,2360,541,0
2017/3/29,15:31:43,2.14e4,666238,14.32,,1011,0.000,2354,528,0
2017/3/29,15:31:58,2.13e4,663352,14.33,,1011,0.000,2365,540,0
2017/3/29,15:32:13,2.11e4,656593,14.33,,1011,0.000,2346,546,0
2017/3/29,15:32:28,2.08e4,648398,14.34,,1011,0.000,2377,528,0
2017/3/29,15:32:43,2.07e4,645537,14.34,,1011,0.000,2380,539,0
2017/3/29,15:32:58,2.04e4,637420,14.35,,1011,0.000,2357,539,0
2017/3/29,15:33:13,2.02e4,629510,14.36,,1011,0.000,2392,511,0
2017/3/29,15:33:28,2.01e4,627506,14.36,,1011,0.000,2376,532,0
2017/3/29,15:33:43,1.99e4,622819,14.37,,1011,0.000,2333,551,0
2017/3/29,15:33:58,1.97e4,614471,14.37,,1011,0.000,2420,493,0
2017/3/29,15:34:13,1.94e4,607552,14.38,,1011,0.000,2419,516,0
2017/3/29,15:34:28,1.93e4,603732,14.38,,1011,0.000,2391,505,0
2017/3/29,15:34:43,1.92e4,601442,14.39,,1011,0.000,2374,534,0
2017/3/29,15:34:58,1.90e4,593274,14.39,,1011,0.000,2407,524,0
2017/3/29,15:35:13,1.88e4,590103,14.4,,1011,0.000,2393,539,0
2017/3/29,15:35:28,1.86e4,582749,14.41,,1011,0.000,2388,533,0
2017/3/29,15:35:43,1.84e4,577421,14.41,,1011,0.000,2395,550,0
2017/3/29,15:35:58,1.83e4,573015,14.42,,1011,0.000,2398,527,0
2017/3/29,15:36:13,1.81e4,567949,14.42,,1011,0.000,2414,505,0
2017/3/29,15:36:28,1.79e4,562290,14.43,,1011,0.000,2375,541,0
2017/3/29,15:36:43,1.78e4,559374,14.43,,1011,0.000,2426,496,0
2017/3/29,15:36:58,1.76e4,553830,14.43,,1011,0.000,2429,526,0
2017/3/29,15:37:13,1.75e4,548765,14.44,,1011,0.000,2408,524,0
2017/3/29,15:37:28,1.73e4,543700,14.44,,1010,0.000,2368,544,0
2017/3/29,15:37:43,1.72e4,540822,14.45,,1011,0.000,2448,491,0
2017/3/29,15:37:58,1.70e4,534212,14.45,,1011,0.000,2396,548,0
2017/3/29,15:38:13,1.69e4,529990,14.46,,1010,0.000,2429,509,0
2017/3/29,15:38:28,1.67e4,524906,14.46,,1011,0.000,2382,537,0
2017/3/29,15:38:43,1.66e4,521758,14.47,,1011,0.000,2438,489,0
2017/3/29,15:38:58,1.64e4,515970,14.47,,1011,0.000,2395,544,0
2017/3/29,15:39:13,1.62e4,511193,14.48,,1011,0.000,2412,526,0
2017/3/29,15:39:28,1.61e4,505928,14.48,,1011,0.000,2423,534,0
2017/3/29,15:39:43,1.59e4,502419,14.49,,1011,0.000,2456,477,0
2017/3/29,15:39:58,1.58e4,498691,14.49,,1011,0.000,2420,509,0
2017/3/29,15:40:13,1.55e4,488425,14.5,,1011,0.000,2435,500,0
2017/3/29,15:40:28,1.56e4,490813,14.5,,1011,0.000,2426,495,0
2017/3/29,15:40:43,1.55e4,488115,14.5,,1011,0.000,2442,504,0
2017/3/29,15:40:58,1.53e4,483048,14.5,,1010,0.000,2443,493,0
2017/3/29,15:41:13,1.51e4,477920,14.51,,1011,0.000,2442,496,0
2017/3/29,15:41:28,1.50e4,473670,14.51,,1010,0.000,2456,490,0
2017/3/29,15:41:43,1.48e4,467970,14.52,,1011,0.000,2410,528,0
2017/3/29,15:41:58,1.47e4,464519,14.52,,1011,0.000,2438,516,0
2017/3/29,15:42:13,1.47e4,463420,14.52,,1010,0.000,2402,538,0
2017/3/29,15:42:28,1.45e4,458115,14.53,,1011,0.000,2480,498,0
2017/3/29,15:42:43,1.44e4,454140,14.53,,1011,0.000,2436,518,0
2017/3/29,15:42:58,1.43e4,451246,14.54,,1011,0.000,2427,512,0
2017/3/29,15:43:13,1.41e4,446366,14.54,,1011,0.000,2447,510,0
2017/3/29,15:43:28,1.39e4,439362,14.55,,1011,0.000,2448,511,0
2017/3/29,15:43:43,1.39e4,439583,14.55,,1011,0.000,2469,495,0
2017/3/29,15:43:58,1.36e4,432318,14.55,,1011,0.000,2457,491,0
2017/3/29,15:44:13,1.36e4,432236,14.55,,1011,0.000,2454,500,0
2017/3/29,15:44:28,1.35e4,429414,14.56,,1011,0.000,2442,517,0
2017/3/29,15:44:43,1.34e4,425521,14.56,,1011,0.000,2415,538,0
2017/3/29,15:44:58,1.33e4,420619,14.57,,1011,0.000,2429,518,0
2017/3/29,15:45:13,1.32e4,418971,14.57,,1011,0.000,2470,495,0
2017/3/29,15:45:28,1.31e4,415153,14.57,,1011,0.000,2451,512,0
2017/3/29,15:45:43,1.30e4,411366,14.58,,1011,0.000,2414,556,0
2017/3/29,15:45:58,1.29e4,408148,14.58,,1011,0.000,2457,511,0
2017/3/29,15:46:13,1.28e4,405439,14.58,,1011,0.000,2414,535,0
2017/3/29,15:46:28,1.27e4,402304,14.58,,1011,0.000,2436,500,0
2017/3/29,15:46:43,1.25e4,398675,14.59,,1011,0.000,2449,515,0
2017/3/29,15:46:58,1.24e4,395555,14.59,,1011,0.000,2473,484,0
2017/3/29,15:47:13,1.24e4,393378,14.59,,1011,0.000,2463,516,0
2017/3/29,15:47:28,1.22e4,388340,14.6,,1011,0.000,2475,499,0
2017/3/29,15:47:43,1.21e4,385744,14.6,,1011,0.000,2492,500,0
2017/3/29,15:47:58,1.20e4,382967,14.6,,1011,0.000,2459,501,0
2017/3/29,15:48:13,1.20e4,381118,14.6,,1011,0.000,2467,515,0
2017/3/29,15:48:28,1.19e4,377132,14.61,,1011,0.000,2479,504,0
2017/3/29,15:48:43,1.18e4,375813,14.61,,1011,0.000,2463,505,0
2017/3/29,15:48:58,1.16e4,370303,14.62,,1011,0.000,2467,509,0
2017/3/29,15:49:13,1.16e4,369278,14.62,,1011,0.000,2438,532,0
2017/3/29,15:49:28,1.14e4,364134,14.62,,1011,0.000,2492,476,0
2017/3/29,15:49:43,1.14e4,363039,14.62,,1011,0.000,2485,488,0
2017/3/29,15:49:58,1.13e4,359242,14.63,,1011,0.000,2456,529,0
2017/3/29,15:50:13,1.11e4,355408,14.63,,1011,0.000,2440,520,0
2017/3/29,15:50:28,1.11e4,353083,14.63,,1011,0.000,2425,540,0
2017/3/29,15:50:43,1.10e4,350112,14.64,,1011,0.000,2482,494,0
2017/3/29,15:50:58,1.09e4,346688,14.64,,1011,0.000,2458,527,0
2017/3/29,15:51:13,1.08e4,344258,14.64,,1011,0.000,2474,522,0
2017/3/29,15:51:28,1.07e4,340382,14.65,,1011,0.000,2484,499,0
2017/3/29,15:51:43,1.06e4,338614,14.65,,1011,0.000,2464,516,0
2017/3/29,15:51:58,1.05e4,336606,14.65,,1011,0.000,2468,502,0
2017/3/29,15:52:13,1.05e4,333878,14.65,,1011,0.000,2497,480,0
2017/3/29,15:52:28,1.03e4,330449,14.66,,1011,0.000,2469,510,0
2017/3/29,15:52:43,1.03e4,328467,14.66,,1011,0.000,2478,502,0
2017/3/29,15:52:58,1.02e4,325226,14.66,,1011,0.000,2484,496,0
2017/3/29,15:53:13,1.01e4,321800,14.67,,1011,0.000,2473,509,0
2017/3/29,15:53:28,1.00e4,319044,14.67,,1011,0.000,2507,474,0
2017/3/29,15:53:43,1.00e4,318447,14.67,,1011,0.000,2484,504,0
2017/3/29,15:53:58,9.92e3,316070,14.67,,1011,0.000,2463,523,0
2017/3/29,15:54:13,9.84e3,313536,14.67,,1011,0.000,2480,524,0
2017/3/29,15:54:28,9.77e3,311375,14.68,,1011,0.000,2487,504,0
2017/3/29,15:54:43,9.76e3,310992,14.68,,1011,0.000,2489,506,0
2017/3/29,15:54:58,9.65e3,307593,14.68,,1011,0.000,2475,511,0
2017/3/29,15:55:13,9.56e3,304607,14.68,,1011,0.000,2470,526,0
2017/3/29,15:55:28,9.46e3,301711,14.69,,1011,0.000,2482,509,0
