TSI CPC DATA VERSION 3
1490787654,2017/3/29,11:40:54
15
1.08,130
Model 3783 Ver 1.27 S/N 3783111302
"Date","Time","Concentration","Count"," Live-Time","Blank","Abs Press"," Analog In","Pulse Height"," Pulse STD","Status Flags"
2017/3/29,11:40:42,877,28527,14.97,,1011,0.000,2545,505,0
2017/3/29,11:40:57,870,28285,14.97,,1011,0.000,2576,468,0
2017/3/29,11:41:12,867,28188,14.97,,1011,0.000,2564,511,0
2017/3/29,11:41:27,858,27907,14.97,,1011,0.000,2548,494,0
2017/3/29,11:41:42,858,27894,14.97,,1011,0.000,2570,476,0
2017/3/29,11:41:57,866,28162,14.97,,1011,0.000,2539,522,0
2017/3/29,11:42:12,864,28109,14.97,,1011,0.000,2570,472,0
2017/3/29,11:42:27,853,27734,14.97,,1011,0.000,2548,517,0
2017/3/29,11:42:42,850,27634,14.97,,1011,0.000,2550,512,0
2017/3/29,11:42:57,852,27714,14.97,,1011,0.000,2575,489,0
2017/3/29,11:43:12,820,26675,14.97,,1011,0.000,2567,494,0
2017/3/29,11:43:27,839,27292,14.97,,1011,0.000,2532,520,0
2017/3/29,11:43:42,830,26994,14.97,,1011,0.000,2558,518,0
2017/3/29,11:43:57,833,27098,14.97,,1011,0.000,2567,479,0
2017/3/29,11:44:12,848,27566,14.97,,1011,0.000,2580,456,0
2017/3/29,11:44:27,848,27565,14.97,,1011,0.000,2585,469,0
2017/3/29,11:44:42,841,27363,14.97,,1011,0.000,2579,490,0
2017/3/29,11:44:57,827,26907,14.97,,1011,0.000,2568,502,0
2017/3/29,11:45:12,832,27042,14.97,,1011,0.000,2561,505,0
2017/3/29,11:45:27,842,27366,14.97,,1011,0.000,2562,495,0
2017/3/29,11:45:42,835,27140,14.97,,1011,0.000,2606,463,0
2017/3/29,11:45:57,825,26816,14.97,,1011,0.000,2608,455,0
2017/3/29,11:46:12,852,27701,14.97,,1011,0.000,2583,476,0
2017/3/29,11:46:27,1.27e3,41524,14.95,,1011,0.000,2575,469,0
2017/3/29,11:46:43,8.29e3,260854,14.71,,1011,0.000,2513,460,0
2017/3/29,11:46:58,4.44e4,1283170,13.62,,1011,0.000,2153,506,0
2017/3/29,11:47:13,2.27e4,659927,14.29,,1011,0.000,2347,531,0
2017/3/29,11:47:28,6.68e4,1786604,13.06,,1011,0.000,2078,566,0
2017/3/29,11:47:43,9.47e4,2494542,12.29,,1011,0.000,1878,507,0
2017/3/29,11:47:58,1.55e5,3538155,10.89,,1011,0.000,1751,495,0
2017/3/29,11:48:13,1.61e5,3605525,10.78,,1011,0.000,1744,538,0
2017/3/29,11:48:28,2.33e5,4594374,9.29,,1011,0.000,1579,557,0
2017/3/29,11:48:43,1.55e5,3615333,10.85,,1011,0.000,1687,550,0
2017/3/29,11:48:58,2.02e5,4248749,9.873,,1011,0.000,1658,549,0
2017/3/29,11:49:13,1.58e5,3632689,10.79,,1011,0.000,1755,528,0
2017/3/29,11:49:28,1.38e5,3346696,11.21,,1011,0.000,1735,533,0
2017/3/29,11:49:43,1.85e5,4049940,10.19,,1011,0.000,1691,532,0
2017/3/29,11:49:58,1.87e5,4079750,10.14,,1011,0.000,1663,535,0
2017/3/29,11:50:13,2.46e5,4729479,9.025,,1011,0.000,1589,565,0
2017/3/29,11:50:28,2.56e5,4867259,8.81,,1011,0.000,1573,570,0
2017/3/29,11:50:43,3.00e5,5203639,8.069,,1011,0.000,1571,578,0
2017/3/29,11:50:58,2.74e5,5035623,8.491,,1011,0.000,1568,562,0
2017/3/29,11:51:13,2.88e5,5142544,8.246,,1011,0.000,1524,560,0
2017/3/29,11:51:28,3.02e5,5194678,8.066,,1011,0.000,1484,562,0
2017/3/29,11:51:43,3.82e5,5595280,6.885,,1011,0.000,1431,606,0
2017/3/29,11:51:58,3.78e5,5633424,6.889,,1011,0.000,1491,587,0
2017/3/29,11:52:13,3.88e5,5667529,6.742,,1011,0.000,1448,588,0
2017/3/29,11:52:28,4.25e5,5757079,6.271,,1011,0.000,1447,620,0
2017/3/29,11:52:43,4.27e5,5778923,6.254,,1011,0.000,1439,601,0
2017/3/29,11:52:58,4.32e5,5778480,6.192,,1011,0.000,1437,609,0
2017/3/29,11:53:13,4.29e5,5776871,6.224,,1011,0.000,1470,579,0
2017/3/29,11:53:28,4.48e5,5821956,5.991,,1011,0.000,1450,604,0
2017/3/29,11:53:43,4.66e5,5854711,5.796,,1011,0.000,1446,618,0
2017/3/29,11:53:58,5.13e5,5859730,5.283,,1011,0.000,1391,585,0
2017/3/29,11:54:13,5.07e5,5877218,5.35,,1011,0.000,1392,596,0
2017/3/29,11:54:28,4.99e5,5881020,5.436,,1011,0.000,1413,593,0
2017/3/29,11:54:43,4.88e5,5857024,5.62,,1011,0.000,1396,623,0
2017/3/29,11:54:58,5.09e5,5888547,5.339,,1011,0.000,1441,635,0
2017/3/29,11:55:13,5.35e5,5888483,5.083,,1011,0.000,1381,603,0
2017/3/29,11:55:28,5.29e5,5893940,5.142,,1011,0.000,1419,611,0
2017/3/29,11:55:43,5.35e5,5898510,5.09,,1011,0.000,1401,621,0
2017/3/29,11:55:58,5.46e5,5885778,4.975,,1011,0.000,1420,623,0
2017/3/29,11:56:13,5.35e5,5896784,5.082,,1011,0.000,1425,604,0
2017/3/29,11:56:28,5.37e5,5904464,5.069,,1011,0.000,1436,615,0
2017/3/29,11:56:43,5.24e5,5912392,5.205,,1011,0.000,1409,632,0
2017/3/29,11:56:58,5.41e5,5906386,5.043,,1011,0.000,1416,603,0
2017/3/29,11:57:13,5.44e5,5904844,5.017,,1011,0.000,1375,596,0
2017/3/29,11:57:28,5.62e5,5897498,4.838,,1011,0.000,1400,648,0
2017/3/29,11:57:43,5.87e5,5889341,4.632,,1011,0.000,1386,594,0
2017/3/29,11:57:58,5.89e5,5881767,4.613,,1011,0.000,1375,614,0
2017/3/29,11:58:13,5.75e5,5886868,4.723,,1011,0.000,1445,638,0
2017/3/29,11:58:28,5.95e5,5869070,4.549,,1011,0.000,1390,623,0
2017/3/29,11:58:43,5.91e5,5882322,4.594,,1011,0.000,1396,610,0
2017/3/29,11:58:58,5.85e5,5881304,4.642,,1011,0.000,1418,639,0
2017/3/29,11:59:13,5.80e5,5884160,4.681,,1011,0.000,1361,596,0
2017/3/29,11:59:28,5.72e5,5901104,4.758,,1011,0.000,1416,628,0
2017/3/29,11:59:43,5.69e5,5917877,4.794,,1011,0.000,1385,631,0
2017/3/29,11:59:58,5.65e5,5903530,4.826,,1011,0.000,1396,614,0
2017/3/29,12:00:13,5.64e5,5917896,4.836,,1011,0.000,1358,606,0
2017/3/29,12:00:28,5.64e5,5911273,4.832,,1011,0.000,1398,618,0
2017/3/29,12:00:43,5.69e5,5913331,4.798,,1011,0.000,1394,621,0
2017/3/29,12:00:58,5.70e5,5910921,4.783,,1011,0.000,1386,614,0
2017/3/29,12:01:13,6.18e5,5864302,4.387,,1011,0.000,1392,627,0
2017/3/29,12:01:28,6.49e5,5822859,4.139,,1011,0.000,1417,649,0
2017/3/29,12:01:43,6.23e5,5861601,4.347,,1011,0.000,1363,617,0
2017/3/29,12:01:58,6.53e5,5810487,4.126,,1011,0.000,1357,612,0
2017/3/29,12:02:13,6.17e5,5875472,4.393,,1011,0.000,1354,618,0
2017/3/29,12:02:28,6.13e5,5877077,4.422,,1011,0.000,1394,600,0
2017/3/29,12:02:43,5.94e5,5907533,4.589,,1011,0.000,1437,643,0
2017/3/29,12:02:58,5.99e5,5895185,4.538,,1011,0.000,1361,589,0
2017/3/29,12:03:13,5.94e5,5893808,4.58,,1011,0.000,1435,623,0
2017/3/29,12:03:28,6.00e5,5896268,4.539,,1011,0.000,1411,618,0
2017/3/29,12:03:43,6.07e5,5892796,4.479,,1011,0.000,1373,600,0
2017/3/29,12:03:58,6.05e5,5881469,4.489,,1011,0.000,1409,640,0
2017/3/29,12:04:13,6.10e5,5887562,4.451,,1011,0.000,1407,631,0
2017/3/29,12:04:28,5.85e5,5913419,4.668,,1011,0.000,1406,629,0
2017/3/29,12:04:43,5.79e5,5921062,4.717,,1011,0.000,1417,600,0
2017/3/29,12:04:58,5.81e5,5913681,4.698,,1011,0.000,1359,621,0
2017/3/29,12:05:13,5.62e5,5928507,4.868,,1011,0.000,1390,600,0
2017/3/29,12:05:28,5.58e5,5928582,4.9,,1011,0.000,1403,617,0
2017/3/29,12:05:43,5.69e5,5926918,4.802,,1011,0.000,1389,648,0
2017/3/29,12:05:58,5.87e5,5915435,4.655,,1011,0.000,1396,610,0
2017/3/29,12:06:13,5.84e5,5912957,4.68,,1011,0.000,1427,632,0
2017/3/29,12:06:28,5.64e5,5939159,4.855,,1011,0.000,1407,611,0
2017/3/29,12:06:43,5.75e5,5930604,4.759,,1011,0.000,1390,622,0
2017/3/29,12:06:58,5.96e5,5908332,4.578,,1011,0.000,1376,599,0
2017/3/29,12:07:13,6.15e5,5894195,4.427,,1011,0.000,1340,637,0
2017/3/29,12:07:28,6.16e5,5882924,4.412,,1011,0.000,1374,617,0
2017/3/29,12:07:43,6.20e5,5895197,4.39,,1011,0.000,1372,637,0
2017/3/29,12:07:58,6.07e5,5899532,4.497,,1011,0.000,1364,622,0
2017/3/29,12:08:13,5.85e5,5927259,4.676,,1011,0.000,1394,605,0
2017/3/29,12:08:28,6.00e5,5909727,4.552,,1011,0.000,1383,606,0
2017/3/29,12:08:43,6.06e5,5912591,4.512,,1011,0.000,1370,609,0
2017/3/29,12:08:58,5.85e5,5926412,4.671,,1011,0.000,1395,610,0
2017/3/29,12:09:13,5.86e5,5924482,4.671,,1011,0.000,1379,584,0
2017/3/29,12:09:28,5.89e5,5922262,4.642,,1011,0.000,1418,621,0
2017/3/29,12:09:43,5.62e5,5954457,4.891,,1011,0.000,1401,587,0
2017/3/29,12:09:58,5.49e5,5957995,5.009,,1011,0.000,1440,612,0
2017/3/29,12:10:13,5.29e5,5935681,5.259,,1011,0.000,1384,601,0
2017/3/29,12:10:28,5.27e5,5970800,5.224,,1011,0.000,1431,605,0
2017/3/29,12:10:43,5.38e5,5972883,5.123,,1011,0.000,1363,606,0
2017/3/29,12:10:58,5.23e5,5966258,5.261,,1011,0.000,1417,604,0
2017/3/29,12:11:13,5.29e5,5963538,5.205,,1011,0.000,1369,596,0
2017/3/29,12:11:28,5.10e5,5965509,5.394,,1011,0.000,1405,589,0
2017/3/29,12:11:43,4.91e5,5955094,5.595,,1011,0.000,1378,628,0
2017/3/29,12:11:58,4.88e5,5956452,5.63,,1011,0.000,1418,610,0
2017/3/29,12:12:13,4.86e5,5944661,5.64,,1011,0.000,1444,618,0
2017/3/29,12:12:28,4.83e5,5947803,5.676,,1011,0.000,1412,609,0
2017/3/29,12:12:43,4.85e5,5956640,5.67,,1011,0.000,1434,614,0
2017/3/29,12:12:58,4.82e5,5956530,5.7,,1011,0.000,1428,588,0
2017/3/29,12:13:13,4.71e5,5942852,5.821,,1011,0.000,1466,592,0
2017/3/29,12:13:28,4.60e5,5933946,5.943,,1011,0.000,1411,596,0
2017/3/29,12:13:43,4.53e5,5926107,6.031,,1011,0.000,1427,601,0
2017/3/29,12:13:58,4.46e5,5911471,6.107,,1011,0.000,1406,583,0
2017/3/29,12:14:13,4.41e5,5900742,6.176,,1011,0.000,1403,607,0
2017/3/29,12:14:28,4.31e5,5884100,6.293,,1011,0.000,1425,592,0
2017/3/29,12:14:43,4.29e5,5883943,6.327,,1011,0.000,1430,596,0
2017/3/29,12:14:58,4.26e5,5877562,6.358,,1011,0.000,1466,581,0
2017/3/29,12:15:13,4.25e5,5875375,6.376,,1011,0.000,1419,593,0
2017/3/29,12:15:28,4.19e5,5855900,6.446,,1011,0.000,1437,617,0
2017/3/29,12:15:43,4.26e5,5878540,6.363,,1011,0.000,1440,623,0
2017/3/29,12:15:58,4.20e5,5865418,6.435,,1011,0.000,1452,577,0
2017/3/29,12:16:13,4.13e5,5845845,6.531,,1011,0.000,1452,616,0
2017/3/29,12:16:28,4.10e5,5845180,6.574,,1011,0.000,1441,593,0
2017/3/29,12:16:43,4.03e5,5822303,6.666,,1011,0.000,1451,590,0
2017/3/29,12:16:58,3.93e5,5788762,6.794,,1011,0.000,1474,599,0
2017/3/29,12:17:13,3.92e5,5790131,6.814,,1011,0.000,1458,605,0
2017/3/29,12:17:28,3.85e5,5762607,6.892,,1011,0.000,1463,560,0
2017/3/29,12:17:43,3.90e5,5785341,6.845,,1011,0.000,1485,563,0
2017/3/29,12:17:58,3.92e5,5792751,6.816,,1010,0.000,1442,562,0
2017/3/29,12:18:13,4.00e5,5821166,6.707,,1011,0.000,1456,572,0
2017/3/29,12:18:28,3.91e5,5787313,6.824,,1011,0.000,1459,611,0
2017/3/29,12:18:43,3.90e5,5797026,6.848,,1011,0.000,1427,577,0
2017/3/29,12:18:58,3.90e5,5790434,6.84,,1011,0.000,1499,585,0
2017/3/29,12:19:13,3.97e5,5812935,6.747,,1011,0.000,1433,570,0
2017/3/29,12:19:28,3.99e5,5819895,6.729,,1011,0.000,1458,595,0
2017/3/29,12:19:43,3.89e5,5794939,6.862,,1011,0.000,1480,572,0
2017/3/29,12:19:58,3.85e5,5774225,6.923,,1011,0.000,1480,581,0
2017/3/29,12:20:13,3.80e5,5751227,6.983,,1011,0.000,1463,570,0
2017/3/29,12:20:28,3.77e5,5745566,7.019,,1011,0.000,1442,557,0
2017/3/29,12:20:43,3.93e5,5810149,6.818,,1011,0.000,1473,604,0
2017/3/29,12:20:58,3.85e5,5780735,6.923,,1011,0.000,1488,578,0
2017/3/29,12:21:13,3.86e5,5787932,6.918,,1011,0.000,1457,570,0
2017/3/29,12:21:28,3.89e5,5793406,6.874,,1011,0.000,1423,577,0
2017/3/29,12:21:43,3.81e5,5773697,6.993,,1011,0.000,1474,579,0
2017/3/29,12:21:58,3.74e5,5735711,7.076,,1011,0.000,1469,606,0
2017/3/29,12:22:13,3.91e5,5801494,6.849,,1011,0.000,1473,584,0
2017/3/29,12:22:28,4.13e5,5876122,6.565,,1011,0.000,1466,561,0
2017/3/29,12:22:43,4.10e5,5869891,6.608,,1011,0.000,1447,585,0
2017/3/29,12:22:58,4.05e5,5854035,6.671,,1011,0.000,1447,579,0
2017/3/29,12:23:13,3.95e5,5823533,6.805,,1011,0.000,1422,562,0
2017/3/29,12:23:28,3.88e5,5797431,6.885,,1011,0.000,1433,562,0
2017/3/29,12:23:43,4.06e5,5852271,6.659,,1011,0.000,1442,562,0
2017/3/29,12:23:58,4.41e5,5949539,6.227,,1011,0.000,1405,593,0
2017/3/29,12:24:13,4.32e5,5934303,6.331,,1011,0.000,1422,572,0
2017/3/29,12:24:28,4.35e5,5945041,6.3,,1011,0.000,1453,572,0
2017/3/29,12:24:43,4.51e5,5979201,6.119,,1011,0.000,1428,603,0
2017/3/29,12:24:58,4.50e5,5969751,6.13,,1011,0.000,1441,594,0
2017/3/29,12:25:13,4.42e5,5953612,6.222,,1011,0.000,1387,565,0
2017/3/29,12:25:28,4.41e5,5950433,6.236,,1011,0.000,1423,589,0
2017/3/29,12:25:43,4.65e5,5990512,5.957,,1011,0.000,1411,567,0
2017/3/29,12:25:58,4.96e5,5978456,5.685,,1011,0.000,1441,572,0
2017/3/29,12:26:13,4.76e5,6017436,5.841,,1011,0.000,1450,593,0
2017/3/29,12:26:28,4.86e5,6023637,5.723,,1011,0.000,1396,601,0
2017/3/29,12:26:43,4.99e5,6039271,5.594,,1011,0.000,1423,612,0
2017/3/29,12:26:58,5.15e5,6041302,5.411,,1011,0.000,1412,595,0
2017/3/29,12:27:13,5.00e5,6030122,5.568,,1011,0.000,1389,599,0
2017/3/29,12:27:28,4.90e5,6027474,5.677,,1011,0.000,1381,588,0
2017/3/29,12:27:43,5.01e5,6042200,5.572,,1011,0.000,1425,600,0
2017/3/29,12:27:58,4.80e5,6018853,5.791,,1011,0.000,1392,587,0
2017/3/29,12:28:13,4.83e5,6027162,5.763,,1011,0.000,1424,611,0
2017/3/29,12:28:28,5.11e5,6044763,5.463,,1011,0.000,1416,596,0
2017/3/29,12:28:43,5.09e5,6039603,5.482,,1011,0.000,1423,598,0
2017/3/29,12:28:58,5.11e5,6042050,5.462,,1011,0.000,1365,585,0
2017/3/29,12:29:13,5.21e5,6054284,5.368,,1011,0.000,1381,599,0
2017/3/29,12:29:28,5.21e5,6055090,5.368,,1011,0.000,1423,604,0
2017/3/29,12:29:43,5.22e5,6066511,5.368,,1011,0.000,1396,609,0
2017/3/29,12:29:58,5.06e5,6051532,5.523,,1011,0.000,1414,571,0
2017/3/29,12:30:13,5.07e5,6048616,5.507,,1011,0.000,1422,606,0
2017/3/29,12:30:28,5.09e5,6047178,5.477,,1011,0.000,1397,589,0
2017/3/29,12:30:43,5.06e5,6058238,5.526,,1011,0.000,1389,592,0
2017/3/29,12:30:58,5.06e5,6056460,5.521,,1011,0.000,1389,584,0
2017/3/29,12:31:13,5.16e5,6057757,5.415,,1011,0.000,1435,601,0
2017/3/29,12:31:28,5.23e5,6060835,5.351,,1011,0.000,1408,620,0
2017/3/29,12:31:43,5.13e5,6061091,5.446,,1011,0.000,1395,594,0
2017/3/29,12:31:58,5.03e5,6053927,5.556,,1011,0.000,1414,610,0
2017/3/29,12:32:13,4.88e5,6040761,5.706,,1011,0.000,1446,588,0
2017/3/29,12:32:28,4.82e5,6031426,5.765,,1011,0.000,1374,579,0
2017/3/29,12:32:43,4.73e5,6022508,5.872,,1011,0.000,1437,603,0
2017/3/29,12:32:58,4.61e5,6004545,6.004,,1011,0.000,1412,601,0
2017/3/29,12:33:13,4.49e5,5980705,6.144,,1011,0.000,1420,598,0
2017/3/29,12:33:28,4.37e5,5961014,6.297,,1011,0.000,1429,583,0
2017/3/29,12:33:43,4.23e5,5927901,6.466,,1011,0.000,1435,604,0
2017/3/29,12:33:58,4.17e5,5909763,6.539,,1011,0.000,1436,590,0
2017/3/29,12:34:13,4.04e5,5878161,6.704,,1011,0.000,1461,607,0
2017/3/29,12:34:28,3.98e5,5861395,6.789,,1011,0.000,1408,574,0
2017/3/29,12:34:43,3.86e5,5822394,6.947,,1011,0.000,1412,570,0
2017/3/29,12:34:58,3.78e5,5781803,7.052,,1011,0.000,1417,549,0
2017/3/29,12:35:13,3.71e5,5758417,7.148,,1011,0.000,1434,595,0
2017/3/29,12:35:28,3.61e5,5711241,7.288,,1011,0.000,1489,600,0
2017/3/29,12:35:43,3.54e5,5685023,7.395,,1011,0.000,1485,590,0
2017/3/29,12:35:58,3.47e5,5644900,7.506,,1011,0.000,1497,559,0
2017/3/29,12:36:13,3.39e5,5604466,7.615,,1011,0.000,1523,590,0
2017/3/29,12:36:28,3.33e5,5566532,7.712,,1011,0.000,1478,594,0
2017/3/29,12:36:43,3.26e5,5527863,7.814,,1011,0.000,1486,595,0
2017/3/29,12:36:58,3.20e5,5483648,7.91,,1011,0.000,1500,598,0
2017/3/29,12:37:13,3.11e5,5425778,8.046,,1011,0.000,1528,572,0
2017/3/29,12:37:28,3.04e5,5380428,8.145,,1011,0.000,1496,571,0
2017/3/29,12:37:43,2.99e5,5345106,8.246,,1011,0.000,1500,594,0
2017/3/29,12:37:58,2.93e5,5301318,8.331,,1011,0.000,1540,552,0
2017/3/29,12:38:13,2.89e5,5272643,8.397,,1011,0.000,1524,571,0
2017/3/29,12:38:28,2.81e5,5205693,8.539,,1011,0.000,1560,584,0
2017/3/29,12:38:43,2.76e5,5163558,8.628,,1011,0.000,1527,583,0
2017/3/29,12:38:58,2.71e5,5122437,8.696,,1011,0.000,1517,566,0
2017/3/29,12:39:13,2.66e5,5073794,8.789,,1011,0.000,1582,583,0
2017/3/29,12:39:28,2.62e5,5034353,8.867,,1011,0.000,1601,578,0
2017/3/29,12:39:43,2.57e5,4990185,8.941,,1011,0.000,1533,571,0
2017/3/29,12:39:58,2.52e5,4943697,9.031,,1011,0.000,1551,581,0
2017/3/29,12:40:13,2.47e5,4885765,9.127,,1011,0.000,1564,570,0
2017/3/29,12:40:28,2.43e5,4850105,9.19,,1011,0.000,1563,583,0
2017/3/29,12:40:43,2.39e5,4807456,9.284,,1011,0.000,1546,593,0
2017/3/29,12:40:58,2.33e5,4748819,9.373,,1011,0.000,1611,581,0
2017/3/29,12:41:13,2.29e5,4699055,9.456,,1011,0.000,1602,576,0
2017/3/29,12:41:28,2.26e5,4659832,9.515,,1011,0.000,1608,568,0
2017/3/29,12:41:43,2.22e5,4623632,9.582,,1011,0.000,1654,582,0
2017/3/29,12:41:58,2.15e5,4526104,9.739,,1011,0.000,1632,582,0
2017/3/29,12:42:13,2.13e5,4516822,9.751,,1011,0.000,1619,609,0
2017/3/29,12:42:28,2.11e5,4484236,9.805,,1011,0.000,1630,571,0
2017/3/29,12:42:43,2.07e5,4444504,9.874,,1011,0.000,1636,572,0
2017/3/29,12:42:58,2.04e5,4396039,9.945,,1011,0.000,1641,578,0
2017/3/29,12:43:13,2.01e5,4358849,10.0,,1011,0.000,1665,557,0
2017/3/29,12:43:28,1.97e5,4311303,10.07,,1011,0.000,1644,563,0
2017/3/29,12:43:43,1.93e5,4264719,10.15,,1011,0.000,1641,573,0
2017/3/29,12:43:58,1.90e5,4218914,10.2,,1011,0.000,1668,551,0
2017/3/29,12:44:13,1.87e5,4170918,10.28,,1011,0.000,1630,570,0
2017/3/29,12:44:28,1.85e5,4144248,10.32,,1011,0.000,1673,543,0
2017/3/29,12:44:43,1.81e5,4089223,10.39,,1011,0.000,1672,567,0
2017/3/29,12:44:58,1.78e5,4045981,10.45,,1011,0.000,1678,573,0
2017/3/29,12:45:13,1.75e5,3998524,10.52,,1011,0.000,1741,562,0
2017/3/29,12:45:28,1.73e5,3977133,10.55,,1011,0.000,1688,555,0
2017/3/29,12:45:43,1.72e5,3950566,10.6,,1011,0.000,1717,568,0
2017/3/29,12:45:58,1.68e5,3889151,10.67,,1010,0.000,1730,560,0
2017/3/29,12:46:13,1.65e5,3854843,10.72,,1011,0.000,1710,571,0
2017/3/29,12:46:28,1.62e5,3807712,10.79,,1011,0.000,1722,561,0
2017/3/29,12:46:43,1.61e5,3794748,10.81,,1011,0.000,1713,559,0
2017/3/29,12:46:58,1.58e5,3735409,10.88,,1011,0.000,1676,576,0
2017/3/29,12:47:13,1.56e5,3698762,10.93,,1011,0.000,1706,546,0
2017/3/29,12:47:28,1.54e5,3665012,10.98,,1011,0.000,1783,552,0
2017/3/29,12:47:43,1.51e5,3632748,11.03,,1011,0.000,1733,572,0
2017/3/29,12:47:58,1.49e5,3592557,11.07,,1011,0.000,1765,552,0
2017/3/29,12:48:13,1.47e5,3553535,11.12,,1011,0.000,1727,584,0
2017/3/29,12:48:28,1.45e5,3520962,11.16,,1011,0.000,1744,565,0
2017/3/29,12:48:43,1.44e5,3502906,11.19,,1010,0.000,1745,584,0
2017/3/29,12:48:58,1.41e5,3457052,11.25,,1011,0.000,1768,578,0
2017/3/29,12:49:13,1.39e5,3418147,11.3,,1011,0.000,1778,556,0
2017/3/29,12:49:28,1.38e5,3393608,11.33,,1011,0.000,1766,565,0
2017/3/29,12:49:43,1.36e5,3360172,11.37,,1011,0.000,1761,579,0
2017/3/29,12:49:58,1.34e5,3318052,11.42,,1011,0.000,1760,571,0
2017/3/29,12:50:13,1.32e5,3294353,11.45,,1011,0.000,1755,573,0
2017/3/29,12:50:28,1.30e5,3258494,11.51,,1010,0.000,1738,568,0
2017/3/29,12:50:43,1.28e5,3225491,11.55,,1011,0.000,1805,561,0
2017/3/29,12:50:58,1.27e5,3191750,11.59,,1011,0.000,1762,563,0
2017/3/29,12:51:13,1.25e5,3155446,11.63,,1011,0.000,1727,566,0
2017/3/29,12:51:28,1.24e5,3140138,11.66,,1011,0.000,1748,556,0
2017/3/29,12:51:43,1.22e5,3107177,11.7,,1011,0.000,1783,544,0
2017/3/29,12:51:58,1.20e5,3071668,11.73,,1011,0.000,1798,554,0
2017/3/29,12:52:13,1.19e5,3055602,11.76,,1011,0.000,1791,544,0
2017/3/29,12:52:28,1.17e5,3015278,11.8,,1010,0.000,1815,538,0
2017/3/29,12:52:43,1.16e5,2979002,11.85,,1011,0.000,1805,534,0
2017/3/29,12:52:58,1.15e5,2962898,11.86,,1011,0.000,1790,568,0
2017/3/29,12:53:13,1.13e5,2932550,11.9,,1011,0.000,1834,539,0
2017/3/29,12:53:28,1.12e5,2898686,11.94,,1011,0.000,1827,579,0
2017/3/29,12:53:43,1.11e5,2886978,11.95,,1011,0.000,1779,555,0
2017/3/29,12:53:58,1.09e5,2842171,12.0,,1011,0.000,1822,554,0
2017/3/29,12:54:13,1.08e5,2819869,12.03,,1011,0.000,1816,589,0
2017/3/29,12:54:28,1.06e5,2786936,12.07,,1011,0.000,1802,559,0
2017/3/29,12:54:43,1.05e5,2765639,12.1,,1011,0.000,1867,556,0
2017/3/29,12:54:58,1.04e5,2749215,12.12,,1011,0.000,1820,551,0
2017/3/29,12:55:13,1.03e5,2724662,12.15,,1011,0.000,1840,570,0
2017/3/29,12:55:28,1.02e5,2698943,12.18,,1011,0.000,1831,563,0
2017/3/29,12:55:43,1.00e5,2670144,12.21,,1011,0.000,1843,571,0
2017/3/29,12:55:58,9.93e4,2638274,12.25,,1011,0.000,1815,552,0
2017/3/29,12:56:13,9.83e4,2615917,12.27,,1011,0.000,1850,566,0
2017/3/29,12:56:28,9.73e4,2594718,12.3,,1011,0.000,1859,567,0
2017/3/29,12:56:43,9.60e4,2568362,12.33,,1011,0.000,1835,562,0
2017/3/29,12:56:58,9.48e4,2540571,12.36,,1011,0.000,1883,540,0
2017/3/29,12:57:13,9.39e4,2522311,12.38,,1011,0.000,1834,559,0
2017/3/29,12:57:28,9.29e4,2499697,12.4,,1011,0.000,1824,543,0
2017/3/29,12:57:43,9.19e4,2476854,12.43,,1011,0.000,1867,549,0
2017/3/29,12:57:58,8.94e4,2418998,12.5,,1011,0.000,1876,560,0
2017/3/29,12:58:13,8.96e4,2427169,12.48,,1011,0.000,1887,539,0
2017/3/29,12:58:28,8.87e4,2406470,12.51,,1011,0.000,1868,570,0
2017/3/29,12:58:43,8.78e4,2385010,12.53,,1011,0.000,1875,592,0
2017/3/29,12:58:58,8.64e4,2353953,12.56,,1011,0.000,1899,550,0
2017/3/29,12:59:13,8.61e4,2347948,12.57,,1011,0.000,1915,567,0
2017/3/29,12:59:28,8.45e4,2311905,12.61,,1011,0.000,1888,571,0
2017/3/29,12:59:43,8.42e4,2305029,12.62,,1010,0.000,1906,583,0
2017/3/29,12:59:58,8.33e4,2282893,12.64,,1011,0.000,1914,551,0
2017/3/29,13:00:13,8.16e4,2245534,12.68,,1011,0.000,1895,576,0
2017/3/29,13:00:28,8.11e4,2232303,12.7,,1011,0.000,1917,549,0
2017/3/29,13:00:43,8.04e4,2216696,12.72,,1010,0.000,1879,574,0
2017/3/29,13:00:58,7.94e4,2194281,12.74,,1010,0.000,1922,554,0
2017/3/29,13:01:13,7.83e4,2167595,12.77,,1011,0.000,1893,572,0
2017/3/29,13:01:28,7.77e4,2155364,12.78,,1011,0.000,1887,582,0
2017/3/29,13:01:43,7.67e4,2131574,12.81,,1011,0.000,1911,560,0
2017/3/29,13:01:58,7.60e4,2113508,12.82,,1011,0.000,1928,563,0
2017/3/29,13:02:13,7.49e4,2087479,12.85,,1011,0.000,1973,550,0
2017/3/29,13:02:28,7.44e4,2077041,12.87,,1011,0.000,1922,556,0
2017/3/29,13:02:43,7.35e4,2054263,12.89,,1011,0.000,1940,551,0
2017/3/29,13:02:58,7.29e4,2039426,12.9,,1011,0.000,1951,563,0
2017/3/29,13:03:13,7.23e4,2026308,12.92,,1011,0.000,1958,540,0
2017/3/29,13:03:28,7.16e4,2009363,12.94,,1011,0.000,1889,603,0
2017/3/29,13:03:43,7.06e4,1986000,12.96,,1011,0.000,1943,576,0
2017/3/29,13:03:58,7.02e4,1975648,12.97,,1011,0.000,1955,577,0
2017/3/29,13:04:13,6.93e4,1954181,12.99,,1011,0.000,1972,566,0
2017/3/29,13:04:28,6.88e4,1941347,13.01,,1011,0.000,1981,573,0
2017/3/29,13:04:43,6.78e4,1916526,13.04,,1011,0.000,1962,596,0
2017/3/29,13:04:58,6.71e4,1900302,13.05,,1010,0.000,1965,599,0
2017/3/29,13:05:13,6.67e4,1889964,13.06,,1011,0.000,1984,598,0
2017/3/29,13:05:28,6.56e4,1862211,13.09,,1011,0.000,2004,565,0
2017/3/29,13:05:43,6.52e4,1854188,13.1,,1011,0.000,1970,585,0
2017/3/29,13:05:58,6.47e4,1840229,13.12,,1011,0.000,1968,603,0
2017/3/29,13:06:13,6.39e4,1821158,13.14,,1011,0.000,2014,581,0
2017/3/29,13:06:28,6.35e4,1811318,13.15,,1011,0.000,1971,577,0
2017/3/29,13:06:43,6.28e4,1793413,13.17,,1011,0.000,1998,554,0
2017/3/29,13:06:58,6.21e4,1774848,13.18,,1011,0.000,2036,540,0
2017/3/29,13:07:13,6.16e4,1763510,13.2,,1011,0.000,1997,579,0
2017/3/29,13:07:28,6.07e4,1739907,13.22,,1011,0.000,1972,574,0
2017/3/29,13:07:43,6.06e4,1738502,13.22,,1011,0.000,2036,552,0
2017/3/29,13:07:58,5.99e4,1720562,13.24,,1010,0.000,2037,546,0
2017/3/29,13:08:13,5.97e4,1715280,13.25,,1011,0.000,2017,574,0
2017/3/29,13:08:28,5.86e4,1687040,13.28,,1011,0.000,2060,573,0
2017/3/29,13:08:43,5.81e4,1674369,13.29,,1011,0.000,2017,581,0
2017/3/29,13:08:58,5.77e4,1663779,13.3,,1011,0.000,2023,581,0
2017/3/29,13:09:13,5.69e4,1643541,13.32,,1011,0.000,2062,552,0
2017/3/29,13:09:28,5.64e4,1632157,13.33,,1011,0.000,1987,607,0
2017/3/29,13:09:43,5.60e4,1621987,13.34,,1011,0.000,2022,566,0
2017/3/29,13:09:58,5.51e4,1598412,13.36,,1011,0.000,2015,606,0
2017/3/29,13:10:13,5.48e4,1589142,13.37,,1011,0.000,2067,555,0
2017/3/29,13:10:28,5.45e4,1583237,13.38,,1011,0.000,2060,598,0
2017/3/29,13:10:43,5.39e4,1565568,13.4,,1011,0.000,2080,583,0
2017/3/29,13:10:58,5.34e4,1552841,13.41,,1011,0.000,2097,555,0
2017/3/29,13:11:13,5.29e4,1541360,13.42,,1011,0.000,2077,579,0
2017/3/29,13:11:28,5.22e4,1522954,13.44,,1011,0.000,2071,600,0
2017/3/29,13:11:43,5.21e4,1518904,13.45,,1011,0.000,2064,596,0
2017/3/29,13:11:58,5.15e4,1505257,13.46,,1011,0.000,2042,603,0
2017/3/29,13:12:13,5.10e4,1491814,13.47,,1011,0.000,2106,571,0
2017/3/29,13:12:28,5.03e4,1472633,13.49,,1011,0.000,2106,585,0
2017/3/29,13:12:43,5.01e4,1468316,13.5,,1010,0.000,2091,579,0
2017/3/29,13:12:58,4.98e4,1459524,13.5,,1011,0.000,2105,594,0
2017/3/29,13:13:13,4.93e4,1446662,13.52,,1011,0.000,2119,576,0
2017/3/29,13:13:28,4.86e4,1428590,13.54,,1011,0.000,2093,568,0
2017/3/29,13:13:43,4.84e4,1423713,13.54,,1010,0.000,2064,598,0
2017/3/29,13:13:58,4.75e4,1398655,13.57,,1010,0.000,2078,596,0
2017/3/29,13:14:13,4.77e4,1403651,13.56,,1011,0.000,2122,585,0
2017/3/29,13:14:28,4.72e4,1390041,13.58,,1010,0.000,2110,587,0
2017/3/29,13:14:43,4.68e4,1379249,13.59,,1010,0.000,2062,589,0
2017/3/29,13:14:58,4.65e4,1373256,13.59,,1011,0.000,2152,562,0
2017/3/29,13:15:13,4.61e4,1361160,13.61,,1010,0.000,2092,589,0
2017/3/29,13:15:28,4.56e4,1347692,13.62,,1010,0.000,2114,595,0
2017/3/29,13:15:43,4.52e4,1337840,13.63,,1010,0.000,2155,556,0
2017/3/29,13:15:58,4.47e4,1324747,13.64,,1010,0.000,2115,594,0
2017/3/29,13:16:13,4.45e4,1318447,13.65,,1010,0.000,2108,574,0
2017/3/29,13:16:28,4.41e4,1307287,13.66,,1010,0.000,2076,603,0
2017/3/29,13:16:43,4.39e4,1302432,13.67,,1010,0.000,2120,604,0
2017/3/29,13:16:58,4.34e4,1289297,13.68,,1010,0.000,2102,576,0
2017/3/29,13:17:13,4.34e4,1287240,13.68,,1010,0.000,2119,599,0
2017/3/29,13:17:28,4.28e4,1272502,13.7,,1010,0.000,2155,552,0
2017/3/29,13:17:43,4.24e4,1261301,13.71,,1010,0.000,2156,576,0
2017/3/29,13:17:58,4.20e4,1250799,13.72,,1010,0.000,2171,583,0
2017/3/29,13:18:13,4.17e4,1243418,13.73,,1010,0.000,2161,588,0
2017/3/29,13:18:28,4.14e4,1235253,13.74,,1010,0.000,2142,599,0
2017/3/29,13:18:43,4.12e4,1227729,13.74,,1011,0.000,2143,587,0
2017/3/29,13:18:58,4.08e4,1217693,13.75,,1010,0.000,2159,577,0
2017/3/29,13:19:13,4.03e4,1205490,13.76,,1011,0.000,2160,600,0
2017/3/29,13:19:28,4.02e4,1201958,13.77,,1010,0.000,2172,581,0
2017/3/29,13:19:43,4.00e4,1195521,13.78,,1011,0.000,2133,592,0
2017/3/29,13:19:58,3.96e4,1184114,13.79,,1011,0.000,2213,590,0
2017/3/29,13:20:13,3.93e4,1177121,13.79,,1010,0.000,2141,595,0
2017/3/29,13:20:28,3.91e4,1170163,13.8,,1010,0.000,2165,574,0
2017/3/29,13:20:43,3.87e4,1159232,13.81,,1011,0.000,2192,595,0
2017/3/29,13:20:58,3.83e4,1148176,13.82,,1010,0.000,2189,588,0
2017/3/29,13:21:13,3.80e4,1141835,13.83,,1010,0.000,2189,584,0
2017/3/29,13:21:28,3.79e4,1137197,13.83,,1010,0.000,2163,601,0
2017/3/29,13:21:43,3.76e4,1129351,13.84,,1011,0.000,2197,583,0
2017/3/29,13:21:58,3.73e4,1121388,13.85,,1011,0.000,2196,596,0
2017/3/29,13:22:13,3.69e4,1109680,13.86,,1011,0.000,2175,595,0
2017/3/29,13:22:28,3.67e4,1105920,13.87,,1011,0.000,2163,620,0
2017/3/29,13:22:43,3.65e4,1100318,13.87,,1010,0.000,2232,563,0
2017/3/29,13:22:58,3.62e4,1091779,13.88,,1011,0.000,2220,576,0
2017/3/29,13:23:13,3.59e4,1083843,13.89,,1011,0.000,2247,545,0
2017/3/29,13:23:28,3.57e4,1077053,13.9,,1010,0.000,2210,572,0
2017/3/29,13:23:43,3.55e4,1070727,13.9,,1011,0.000,2186,581,0
2017/3/29,13:23:58,3.51e4,1060598,13.91,,1010,0.000,2227,570,0
2017/3/29,13:24:13,3.50e4,1056191,13.92,,1010,0.000,2222,583,0
2017/3/29,13:24:28,3.46e4,1047034,13.93,,1010,0.000,2209,594,0
2017/3/29,13:24:43,3.44e4,1041152,13.93,,1010,0.000,2204,568,0
2017/3/29,13:24:58,3.41e4,1032730,13.94,,1010,0.000,2222,583,0
2017/3/29,13:25:13,3.39e4,1025967,13.95,,1010,0.000,2221,587,0
2017/3/29,13:25:28,3.35e4,1015591,13.96,,1010,0.000,2180,589,0
2017/3/29,13:25:43,3.35e4,1015806,13.96,,1010,0.000,2219,583,0
2017/3/29,13:25:58,3.31e4,1003454,13.97,,1010,0.000,2224,559,0
2017/3/29,13:26:13,3.30e4,1002184,13.97,,1010,0.000,2236,581,0
2017/3/29,13:26:28,3.26e4,990931,13.98,,1011,0.000,2211,572,0
2017/3/29,13:26:43,3.25e4,985741,13.99,,1010,0.000,2242,573,0
2017/3/29,13:26:58,3.23e4,980128,13.99,,1011,0.000,2236,581,0
2017/3/29,13:27:13,3.20e4,972658,14.0,,1010,0.000,2214,599,0
2017/3/29,13:27:28,3.18e4,967326,14.01,,1010,0.000,2252,570,0
2017/3/29,13:27:43,3.16e4,961514,14.01,,1010,0.000,2192,596,0
2017/3/29,13:27:58,3.14e4,955802,14.02,,1010,0.000,2271,567,0
2017/3/29,13:28:13,3.11e4,947996,14.03,,1010,0.000,2219,588,0
2017/3/29,13:28:28,3.09e4,941324,14.03,,1010,0.000,2205,594,0
2017/3/29,13:28:43,3.08e4,939187,14.03,,1010,0.000,2248,578,0
2017/3/29,13:28:58,3.05e4,930598,14.04,,1010,0.000,2241,572,0
2017/3/29,13:29:13,3.03e4,924064,14.05,,1010,0.000,2229,567,0
2017/3/29,13:29:28,3.01e4,917568,14.06,,1010,0.000,2236,610,0
2017/3/29,13:29:43,2.99e4,912974,14.06,,1010,0.000,2277,582,0
2017/3/29,13:29:58,2.97e4,907738,14.06,,1010,0.000,2257,581,0
2017/3/29,13:30:13,2.91e4,891023,14.08,,1010,0.000,2247,583,0
2017/3/29,13:30:28,2.92e4,893490,14.08,,1010,0.000,2288,567,0
2017/3/29,13:30:43,2.92e4,892619,14.08,,1010,0.000,2254,574,0
2017/3/29,13:30:58,2.89e4,883904,14.09,,1010,0.000,2239,587,0
2017/3/29,13:31:13,2.88e4,880349,14.09,,1011,0.000,2248,566,0
2017/3/29,13:31:28,2.86e4,875741,14.1,,1010,0.000,2237,581,0
2017/3/29,13:31:43,2.82e4,864482,14.11,,1011,0.000,2244,581,0
2017/3/29,13:31:58,2.81e4,861680,14.11,,1010,0.000,2287,568,0
2017/3/29,13:32:13,2.79e4,854894,14.12,,1010,0.000,2296,559,0
2017/3/29,13:32:28,2.77e4,850990,14.12,,1010,0.000,2299,574,0
2017/3/29,13:32:43,2.75e4,844575,14.13,,1010,0.000,2287,576,0
2017/3/29,13:32:58,2.73e4,839649,14.13,,1010,0.000,2280,574,0
2017/3/29,13:33:13,2.72e4,836638,14.14,,1010,0.000,2305,539,0
2017/3/29,13:33:28,2.71e4,831284,14.14,,1010,0.000,2326,537,0
2017/3/29,13:33:43,2.68e4,823952,14.15,,1010,0.000,2283,581,0
2017/3/29,13:33:58,2.66e4,817601,14.16,,1010,0.000,2261,601,0
2017/3/29,13:34:13,2.65e4,815894,14.16,,1010,0.000,2322,562,0
2017/3/29,13:34:28,2.64e4,811389,14.16,,1010,0.000,2301,549,0
2017/3/29,13:34:43,2.62e4,805846,14.17,,1010,0.000,2292,557,0
2017/3/29,13:34:58,2.60e4,800648,14.17,,1010,0.000,2286,562,0
2017/3/29,13:35:13,2.59e4,797468,14.18,,1010,0.000,2335,540,0
2017/3/29,13:35:28,2.57e4,790854,14.18,,1010,0.000,2253,595,0
2017/3/29,13:35:43,2.54e4,784136,14.19,,1010,0.000,2283,537,0
2017/3/29,13:35:58,2.53e4,780833,14.19,,1010,0.000,2277,562,0
2017/3/29,13:36:13,2.51e4,774365,14.2,,1010,0.000,2282,584,0
2017/3/29,13:36:28,2.50e4,770811,14.2,,1010,0.000,2299,567,0
2017/3/29,13:36:43,2.48e4,764622,14.21,,1010,0.000,2290,573,0
2017/3/29,13:36:58,2.47e4,761663,14.21,,1010,0.000,2305,550,0
2017/3/29,13:37:13,2.45e4,756543,14.22,,1010,0.000,2341,555,0
2017/3/29,13:37:28,2.43e4,752293,14.22,,1010,0.000,2301,537,0
2017/3/29,13:37:43,2.42e4,746722,14.23,,1010,0.000,2342,526,0
2017/3/29,13:37:58,2.40e4,741739,14.23,,1010,0.000,2335,551,0
2017/3/29,13:38:13,2.39e4,738162,14.24,,1010,0.000,2272,588,0
2017/3/29,13:38:28,2.37e4,734303,14.24,,1010,0.000,2352,513,0
2017/3/29,13:38:43,2.36e4,730002,14.25,,1010,0.000,2309,578,0
2017/3/29,13:38:58,2.34e4,724356,14.25,,1010,0.000,2355,538,0
2017/3/29,13:39:13,2.32e4,719627,14.26,,1010,0.000,2309,539,0
2017/3/29,13:39:28,2.32e4,717429,14.26,,1010,0.000,2321,557,0
2017/3/29,13:39:43,2.31e4,715752,14.26,,1010,0.000,2265,568,0
2017/3/29,13:39:58,2.29e4,709979,14.27,,1010,0.000,2325,563,0
2017/3/29,13:40:13,2.27e4,704694,14.27,,1010,0.000,2303,577,0
2017/3/29,13:40:28,2.26e4,701455,14.27,,1010,0.000,2324,568,0
2017/3/29,13:40:43,2.25e4,698563,14.28,,1010,0.000,2337,566,0
2017/3/29,13:40:58,2.23e4,693243,14.28,,1011,0.000,2330,559,0
2017/3/29,13:41:13,2.22e4,690244,14.29,,1010,0.000,2325,552,0
2017/3/29,13:41:28,2.20e4,683606,14.29,,1010,0.000,2335,543,0
2017/3/29,13:41:43,2.20e4,681886,14.29,,1011,0.000,2307,594,0
2017/3/29,13:41:58,2.18e4,677925,14.3,,1010,0.000,2310,568,0
2017/3/29,13:42:13,2.17e4,674265,14.3,,1011,0.000,2342,540,0
2017/3/29,13:42:28,2.15e4,668069,14.31,,1010,0.000,2351,544,0
2017/3/29,13:42:43,2.14e4,665192,14.31,,1010,0.000,2359,561,0
2017/3/29,13:42:58,2.12e4,660683,14.31,,1010,0.000,2305,554,0
2017/3/29,13:43:13,2.10e4,655106,14.32,,1010,0.000,2325,561,0
2017/3/29,13:43:28,2.10e4,654187,14.32,,1010,0.000,2338,554,0
2017/3/29,13:43:43,2.09e4,650658,14.33,,1011,0.000,2355,567,0
2017/3/29,13:43:58,2.08e4,647526,14.33,,1011,0.000,2353,570,0
2017/3/29,13:44:13,2.06e4,641826,14.33,,1011,0.000,2352,551,0
2017/3/29,13:44:28,2.04e4,637309,14.34,,1011,0.000,2373,544,0
2017/3/29,13:44:43,2.04e4,636525,14.34,,1011,0.000,2324,579,0
2017/3/29,13:44:58,2.02e4,629418,14.35,,1011,0.000,2347,539,0
2017/3/29,13:45:13,2.01e4,627298,14.35,,1011,0.000,2373,541,0
2017/3/29,13:45:28,1.99e4,621907,14.35,,1010,0.000,2352,545,0
2017/3/29,13:45:43,1.96e4,613376,14.36,,1010,0.000,2391,544,0
