TSI CPC DATA VERSION 3
1489760711,2017/3/17,14:25:11
15
1.08,130
Model 3783 Ver 1.27 S/N 3783111302
"Date","Time","Concentration","Count"," Live-Time","Blank","Abs Press"," Analog In","Pulse Height"," Pulse STD","Status Flags"
2017/3/17,14:25:00,4.70e3,151842,14.84,,1013,0.000,2520,493,0
2017/3/17,14:25:15,4.59e3,148231,14.85,,1013,0.000,2554,438,0
2017/3/17,14:25:30,4.57e3,147466,14.85,,1013,0.000,2535,480,0
2017/3/17,14:25:45,4.60e3,148386,14.85,,1013,0.000,2551,447,0
2017/3/17,14:26:00,4.50e3,145229,14.85,,1013,0.000,2537,465,0
2017/3/17,14:26:15,4.46e3,144017,14.85,,1013,0.000,2546,446,0
2017/3/17,14:26:30,4.49e3,145126,14.85,,1013,0.000,2546,469,0
2017/3/17,14:26:45,4.43e3,143057,14.85,,1013,0.000,2574,438,0
2017/3/17,14:27:00,4.42e3,142779,14.85,,1013,0.000,2518,498,0
2017/3/17,14:27:15,4.42e3,142951,14.85,,1013,0.000,2525,472,0
2017/3/17,14:27:30,4.41e3,142508,14.85,,1013,0.000,2561,441,0
2017/3/17,14:27:45,4.45e3,143920,14.85,,1013,0.000,2573,433,0
2017/3/17,14:28:00,4.41e3,142567,14.85,,1013,0.000,2562,457,0
2017/3/17,14:28:15,4.39e3,141977,14.85,,1013,0.000,2536,472,0
2017/3/17,14:28:30,4.35e3,140557,14.86,,1013,0.000,2536,465,0
2017/3/17,14:28:45,4.25e3,137299,14.86,,1013,0.000,2550,465,0
2017/3/17,14:29:00,4.24e3,137087,14.86,,1013,0.000,2563,434,0
2017/3/17,14:29:15,4.19e3,135507,14.86,,1013,0.000,2578,426,0
2017/3/17,14:29:30,4.19e3,135507,14.86,,1013,0.000,2534,482,0
2017/3/17,14:29:45,4.16e3,134531,14.86,,1013,0.000,2546,443,0
2017/3/17,14:30:00,4.16e3,134535,14.86,,1013,0.000,2563,437,0
2017/3/17,14:30:15,4.16e3,134650,14.86,,1013,0.000,2559,455,0
2017/3/17,14:30:30,4.04e3,130824,14.87,,1013,0.000,2545,457,0
2017/3/17,14:30:45,4.01e3,129784,14.87,,1013,0.000,2534,467,0
2017/3/17,14:31:00,4.04e3,130779,14.87,,1013,0.000,2521,479,0
2017/3/17,14:31:15,4.03e3,130431,14.87,,1013,0.000,2569,434,0
2017/3/17,14:31:30,6.33e3,202941,14.8,,1013,0.000,2480,527,0
2017/3/17,14:31:45,1.15e4,366715,14.64,,1012,0.000,2421,526,0
2017/3/17,14:32:00,1.48e4,463562,14.55,,1013,0.000,2432,531,0
2017/3/17,14:32:15,3.75e4,1127758,13.92,,1013,0.000,2216,540,0
2017/3/17,14:32:30,5.43e4,1574878,13.5,,1013,0.000,2126,518,0
2017/3/17,14:32:45,5.40e4,1580176,13.49,,1013,0.000,2084,520,0
2017/3/17,14:33:00,7.24e4,2041150,13.05,,1013,0.000,2005,509,0
2017/3/17,14:33:15,9.35e4,2541254,12.56,,1013,0.000,1876,477,0
2017/3/17,14:33:30,9.80e4,2638919,12.46,,1013,0.000,1889,480,0
2017/3/17,14:33:45,9.08e4,2482538,12.62,,1013,0.000,1928,476,0
2017/3/17,14:34:00,9.22e4,2514748,12.59,,1013,0.000,1931,445,0
2017/3/17,14:34:15,9.61e4,2599862,12.5,,1013,0.000,1899,455,0
2017/3/17,14:34:30,1.13e5,2960910,12.12,,1013,0.000,1867,468,0
2017/3/17,14:34:45,1.25e5,3217524,11.84,,1013,0.000,1804,477,0
2017/3/17,14:35:00,1.37e5,3447938,11.59,,1013,0.000,1791,472,0
2017/3/17,14:35:15,1.46e5,3610262,11.4,,1012,0.000,1793,467,0
2017/3/17,14:35:30,1.60e5,3863863,11.1,,1013,0.000,1739,504,0
2017/3/17,14:35:45,1.66e5,3951674,10.99,,1013,0.000,1713,480,0
2017/3/17,14:36:00,1.84e5,4249050,10.62,,1013,0.000,1707,485,0
2017/3/17,14:36:15,2.23e5,4791064,9.899,,1013,0.000,1638,517,0
2017/3/17,14:36:30,2.37e5,4959550,9.65,,1013,0.000,1608,510,0
2017/3/17,14:36:45,2.44e5,5039558,9.528,,1013,0.000,1577,502,0
2017/3/17,14:37:00,2.42e5,5018490,9.562,,1013,0.000,1616,507,0
2017/3/17,14:37:15,2.63e5,5244636,9.203,,1013,0.000,1583,523,0
2017/3/17,14:37:30,3.00e5,5593449,8.599,,1013,0.000,1518,506,0
2017/3/17,14:37:45,2.98e5,5558436,8.64,,1013,0.000,1538,511,0
2017/3/17,14:38:00,2.98e5,5573965,8.626,,1013,0.000,1547,533,0
2017/3/17,14:38:15,3.08e5,5661289,8.481,,1013,0.000,1540,515,0
2017/3/17,14:38:30,3.29e5,5814753,8.153,,1013,0.000,1490,521,0
2017/3/17,14:38:45,3.40e5,5888553,7.995,,1013,0.000,1463,529,0
2017/3/17,14:39:00,3.48e5,5905178,7.917,,1013,0.000,1461,552,0
2017/3/17,14:39:15,3.54e5,5976588,7.793,,1013,0.000,1469,531,0
2017/3/17,14:39:30,3.47e5,5936759,7.887,,1013,0.000,1481,527,0
2017/3/17,14:39:45,3.54e5,5975850,7.791,,1013,0.000,1480,544,0
2017/3/17,14:40:00,3.68e5,6050250,7.583,,1013,0.000,1440,518,0
2017/3/17,14:40:15,3.90e5,6164579,7.281,,1013,0.000,1431,543,0
2017/3/17,14:40:30,3.84e5,6134005,7.363,,1013,0.000,1444,524,0
2017/3/17,14:40:45,3.96e5,6187443,7.209,,1013,0.000,1445,539,0
2017/3/17,14:41:00,4.06e5,6226197,7.069,,1013,0.000,1403,550,0
2017/3/17,14:41:15,4.22e5,6290042,6.87,,1013,0.000,1425,545,0
2017/3/17,14:41:30,4.18e5,6265764,6.915,,1013,0.000,1391,516,0
2017/3/17,14:41:45,4.20e5,6272418,6.896,,1013,0.000,1444,592,0
2017/3/17,14:42:00,4.31e5,6316666,6.758,,1013,0.000,1472,567,0
2017/3/17,14:42:15,4.38e5,6339420,6.68,,1013,0.000,1418,531,0
2017/3/17,14:42:30,4.28e5,6307362,6.799,,1013,0.000,1416,563,0
2017/3/17,14:42:45,4.27e5,6297685,6.807,,1013,0.000,1462,592,0
2017/3/17,14:43:00,4.36e5,6327365,6.699,,1013,0.000,1414,532,0
2017/3/17,14:43:15,4.44e5,6355333,6.605,,1013,0.000,1430,583,0
2017/3/17,14:43:30,4.40e5,6337380,6.651,,1013,0.000,1424,539,0
2017/3/17,14:43:45,4.43e5,6349670,6.611,,1013,0.000,1405,550,0
2017/3/17,14:44:00,4.36e5,6323372,6.69,,1012,0.000,1418,571,0
2017/3/17,14:44:15,4.41e5,6346746,6.638,,1013,0.000,1424,554,0
2017/3/17,14:44:30,4.25e5,6293378,6.821,,1013,0.000,1420,581,0
2017/3/17,14:44:45,4.25e5,6292191,6.827,,1013,0.000,1403,544,0
2017/3/17,14:45:00,4.30e5,6312632,6.762,,1013,0.000,1412,545,0
2017/3/17,14:45:15,4.22e5,6286585,6.874,,1013,0.000,1419,568,0
2017/3/17,14:45:30,4.26e5,6294777,6.819,,1013,0.000,1425,556,0
2017/3/17,14:45:45,4.26e5,6297504,6.813,,1013,0.000,1434,573,0
2017/3/17,14:46:00,4.33e5,6316404,6.735,,1013,0.000,1428,552,0
2017/3/17,14:46:15,4.26e5,6303451,6.823,,1013,0.000,1439,562,0
2017/3/17,14:46:30,4.33e5,6316563,6.731,,1013,0.000,1442,588,0
2017/3/17,14:46:45,4.39e5,6333607,6.652,,1013,0.000,1411,568,0
2017/3/17,14:47:00,4.31e5,6306029,6.74,,1013,0.000,1462,551,0
2017/3/17,14:47:15,4.27e5,6301039,6.802,,1013,0.000,1422,518,0
2017/3/17,14:47:30,4.19e5,6266075,6.898,,1013,0.000,1446,551,0
2017/3/17,14:47:45,4.20e5,6271238,6.889,,1013,0.000,1401,546,0
2017/3/17,14:48:00,4.13e5,6248142,6.971,,1013,0.000,1442,577,0
2017/3/17,14:48:15,4.20e5,6279975,6.891,,1013,0.000,1463,557,0
2017/3/17,14:48:30,4.18e5,6268113,6.907,,1013,0.000,1429,561,0
2017/3/17,14:48:45,4.11e5,6242026,7.002,,1013,0.000,1425,539,0
2017/3/17,14:49:00,4.11e5,6244622,7.003,,1013,0.000,1450,538,0
2017/3/17,14:49:15,4.00e5,6204139,7.146,,1013,0.000,1445,555,0
2017/3/17,14:49:30,3.94e5,6173650,7.227,,1013,0.000,1435,568,0
2017/3/17,14:49:45,3.88e5,6145564,7.306,,1013,0.000,1456,533,0
2017/3/17,14:50:00,3.84e5,6128848,7.364,,1013,0.000,1467,562,0
2017/3/17,14:50:15,3.78e5,6103592,7.442,,1013,0.000,1456,559,0
2017/3/17,14:50:30,3.72e5,6068425,7.52,,1013,0.000,1451,546,0
2017/3/17,14:50:45,3.64e5,6020750,7.626,,1013,0.000,1450,561,0
2017/3/17,14:51:00,3.61e5,6007995,7.668,,1013,0.000,1484,550,0
2017/3/17,14:51:15,3.58e5,5985554,7.712,,1013,0.000,1463,543,0
2017/3/17,14:51:30,3.52e5,5953429,7.801,,1013,0.000,1467,518,0
2017/3/17,14:51:45,3.46e5,5916247,7.878,,1013,0.000,1500,543,0
2017/3/17,14:52:00,3.42e5,5891268,7.929,,1013,0.000,1542,550,0
2017/3/17,14:52:15,3.39e5,5867566,7.986,,1013,0.000,1463,540,0
2017/3/17,14:52:30,3.38e5,5862795,8.004,,1013,0.000,1475,546,0
2017/3/17,14:52:45,3.29e5,5800140,8.125,,1013,0.000,1491,521,0
2017/3/17,14:53:00,3.28e5,5793073,8.133,,1013,0.000,1495,567,0
2017/3/17,14:53:15,3.22e5,5753594,8.242,,1013,0.000,1525,545,0
2017/3/17,14:53:30,3.18e5,5727566,8.307,,1012,0.000,1510,548,0
2017/3/17,14:53:45,3.20e5,5739359,8.262,,1012,0.000,1492,559,0
2017/3/17,14:54:00,3.10e5,5660327,8.426,,1013,0.000,1533,535,0
2017/3/17,14:54:15,3.04e5,5618246,8.523,,1013,0.000,1528,516,0
2017/3/17,14:54:30,2.99e5,5573953,8.603,,1013,0.000,1495,535,0
2017/3/17,14:54:45,2.97e5,5555312,8.629,,1013,0.000,1539,521,0
2017/3/17,14:55:00,2.94e5,5530924,8.669,,1013,0.000,1520,538,0
2017/3/17,14:55:15,2.93e5,5522298,8.683,,1012,0.000,1569,565,0
2017/3/17,14:55:30,2.89e5,5484483,8.754,,1013,0.000,1552,528,0
2017/3/17,14:55:45,2.87e5,5474518,8.784,,1013,0.000,1513,550,0
2017/3/17,14:56:00,2.82e5,5408437,8.881,,1013,0.000,1512,568,0
2017/3/17,14:56:15,2.83e5,5433328,8.853,,1012,0.000,1508,527,0
2017/3/17,14:56:30,2.79e5,5391783,8.918,,1012,0.000,1506,545,0
2017/3/17,14:56:45,2.77e5,5376550,8.942,,1013,0.000,1558,516,0
2017/3/17,14:57:00,2.77e5,5370808,8.934,,1012,0.000,1544,534,0
2017/3/17,14:57:15,2.77e5,5386171,8.943,,1012,0.000,1557,524,0
2017/3/17,14:57:30,2.77e5,5383464,8.942,,1013,0.000,1583,540,0
2017/3/17,14:57:45,2.75e5,5362864,8.971,,1012,0.000,1567,516,0
2017/3/17,14:58:00,2.71e5,5321346,9.035,,1013,0.000,1563,537,0
2017/3/17,14:58:15,2.68e5,5293337,9.101,,1013,0.000,1578,528,0
2017/3/17,14:58:30,2.70e5,5308729,9.064,,1012,0.000,1585,520,0
2017/3/17,14:58:45,2.70e5,5314877,9.056,,1012,0.000,1584,524,0
2017/3/17,14:59:00,2.68e5,5291761,9.088,,1012,0.000,1563,524,0
2017/3/17,14:59:15,2.68e5,5295179,9.093,,1012,0.000,1573,517,0
2017/3/17,14:59:30,2.68e5,5287003,9.103,,1013,0.000,1591,523,0
2017/3/17,14:59:45,2.71e5,5315904,9.045,,1012,0.000,1571,527,0
2017/3/17,15:00:00,2.73e5,5334819,9.014,,1012,0.000,1582,527,0
2017/3/17,15:00:15,2.71e5,5320770,9.045,,1012,0.000,1557,518,0
2017/3/17,15:00:30,2.73e5,5341060,9.012,,1012,0.000,1567,518,0
2017/3/17,15:00:45,2.75e5,5363994,8.974,,1012,0.000,1564,527,0
2017/3/17,15:01:00,2.77e5,5379891,8.95,,1013,0.000,1553,520,0
2017/3/17,15:01:15,2.92e5,5509606,8.724,,1012,0.000,1535,537,0
2017/3/17,15:01:30,2.69e5,5299397,9.092,,1013,0.000,1549,535,0
2017/3/17,15:01:45,2.72e5,5333955,9.039,,1012,0.000,1568,522,0
2017/3/17,15:02:00,2.64e5,5250021,9.181,,1012,0.000,1568,539,0
2017/3/17,15:02:15,2.52e5,5124844,9.388,,1012,0.000,1577,506,0
2017/3/17,15:02:30,2.37e5,4954136,9.639,,1013,0.000,1624,513,0
2017/3/17,15:02:45,2.25e5,4817050,9.84,,1013,0.000,1632,502,0
2017/3/17,15:03:00,2.11e5,4631902,10.09,,1012,0.000,1651,494,0
2017/3/17,15:03:15,2.02e5,4508232,10.27,,1012,0.000,1665,506,0
2017/3/17,15:03:30,1.91e5,4354733,10.47,,1013,0.000,1705,526,0
2017/3/17,15:03:45,1.79e5,4172253,10.7,,1013,0.000,1696,483,0
2017/3/17,15:04:00,1.63e5,3914975,11.02,,1012,0.000,1755,483,0
2017/3/17,15:04:15,1.56e5,3798918,11.17,,1012,0.000,1772,505,0
2017/3/17,15:04:30,1.45e5,3595461,11.41,,1013,0.000,1735,491,0
2017/3/17,15:04:45,1.37e5,3455539,11.57,,1012,0.000,1789,501,0
2017/3/17,15:05:00,1.29e5,3304148,11.74,,1012,0.000,1804,484,0
2017/3/17,15:05:15,1.23e5,3170824,11.89,,1013,0.000,1827,496,0
2017/3/17,15:05:30,1.12e5,2953413,12.13,,1012,0.000,1827,493,0
2017/3/17,15:05:45,1.07e5,2852610,12.24,,1012,0.000,1853,485,0
2017/3/17,15:06:00,1.02e5,2733454,12.36,,1012,0.000,1855,495,0
2017/3/17,15:06:15,9.43e4,2563772,12.54,,1012,0.000,1904,482,0
2017/3/17,15:06:30,8.94e4,2453892,12.66,,1012,0.000,1887,485,0
2017/3/17,15:06:45,8.43e4,2335511,12.77,,1013,0.000,1947,467,0
2017/3/17,15:07:00,7.92e4,2214658,12.89,,1012,0.000,1989,477,0
2017/3/17,15:07:15,7.41e4,2093616,13.02,,1012,0.000,1986,489,0
2017/3/17,15:07:30,6.93e4,1974956,13.13,,1013,0.000,1988,491,0
2017/3/17,15:07:45,6.53e4,1873734,13.23,,1012,0.000,2014,489,0
2017/3/17,15:08:00,6.19e4,1786340,13.31,,1012,0.000,2098,446,0
2017/3/17,15:08:15,5.79e4,1684420,13.41,,1012,0.000,2094,488,0
2017/3/17,15:08:30,5.41e4,1585233,13.5,,1012,0.000,2099,478,0
2017/3/17,15:08:45,5.11e4,1506358,13.58,,1012,0.000,2117,491,0
2017/3/17,15:09:00,4.78e4,1417074,13.66,,1013,0.000,2163,504,0
2017/3/17,15:09:15,4.46e4,1330856,13.74,,1012,0.000,2185,510,0
2017/3/17,15:09:30,4.19e4,1256511,13.81,,1012,0.000,2229,483,0
2017/3/17,15:09:45,3.98e4,1198833,13.86,,1012,0.000,2260,493,0
2017/3/17,15:10:00,3.72e4,1126490,13.93,,1012,0.000,2236,521,0
2017/3/17,15:10:15,3.50e4,1061792,13.99,,1012,0.000,2261,505,0
2017/3/17,15:10:30,3.28e4,1000691,14.05,,1012,0.000,2299,489,0
2017/3/17,15:10:45,3.12e4,956010,14.09,,1012,0.000,2276,496,0
2017/3/17,15:11:00,2.92e4,895514,14.15,,1012,0.000,2316,494,0
2017/3/17,15:11:15,2.74e4,846103,14.19,,1012,0.000,2349,479,0
2017/3/17,15:11:30,2.62e4,808840,14.23,,1012,0.000,2330,516,0
2017/3/17,15:11:45,2.43e4,752758,14.28,,1012,0.000,2351,491,0
2017/3/17,15:12:00,2.28e4,709648,14.32,,1012,0.000,2373,487,0
2017/3/17,15:12:15,2.14e4,668699,14.36,,1012,0.000,2386,488,0
2017/3/17,15:12:30,2.01e4,629015,14.39,,1012,0.000,2407,468,0
2017/3/17,15:12:45,1.91e4,599632,14.42,,1012,0.000,2431,445,0
2017/3/17,15:13:00,1.81e4,570054,14.45,,1012,0.000,2431,454,0
2017/3/17,15:13:15,1.68e4,529620,14.49,,1012,0.000,2414,483,0
2017/3/17,15:13:30,1.60e4,504757,14.51,,1012,0.000,2442,478,0
2017/3/17,15:13:45,1.51e4,477342,14.53,,1012,0.000,2451,471,0
2017/3/17,15:14:00,1.41e4,446243,14.56,,1012,0.000,2446,477,0
2017/3/17,15:14:15,1.33e4,421299,14.59,,1012,0.000,2502,415,0
2017/3/17,15:14:30,1.25e4,399200,14.61,,1012,0.000,2501,433,0
2017/3/17,15:14:45,1.19e4,378431,14.63,,1012,0.000,2482,450,0
2017/3/17,15:15:00,1.12e4,357889,14.65,,1012,0.000,2503,471,0
2017/3/17,15:15:15,1.02e4,325163,14.68,,1012,0.000,2492,444,0
2017/3/17,15:15:30,9.97e3,317930,14.69,,1012,0.000,2515,450,0
2017/3/17,15:15:45,9.42e3,300575,14.7,,1012,0.000,2518,450,0
2017/3/17,15:16:00,8.85e3,282950,14.72,,1012,0.000,2510,445,0
2017/3/17,15:16:15,8.33e3,266452,14.73,,1012,0.000,2528,426,0
2017/3/17,15:16:30,7.89e3,252715,14.75,,1012,0.000,2510,447,0
2017/3/17,15:16:45,7.48e3,239677,14.76,,1012,0.000,2514,454,0
2017/3/17,15:17:00,7.05e3,226185,14.77,,1012,0.000,2523,447,0
2017/3/17,15:17:15,6.64e3,213347,14.79,,1012,0.000,2528,444,0
2017/3/17,15:17:30,6.27e3,201677,14.8,,1012,0.000,2535,433,0
2017/3/17,15:17:45,6.00e3,193113,14.81,,1012,0.000,2515,452,0
2017/3/17,15:18:00,5.65e3,182083,14.82,,1013,0.000,2550,432,0
2017/3/17,15:18:15,5.36e3,172877,14.83,,1012,0.000,2531,434,0
2017/3/17,15:18:30,5.03e3,162065,14.84,,1012,0.000,2543,463,0
2017/3/17,15:18:45,4.79e3,154714,14.84,,1012,0.000,2573,418,0
2017/3/17,15:19:00,4.50e3,145367,14.85,,1012,0.000,2548,473,0
2017/3/17,15:19:15,4.26e3,137811,14.86,,1012,0.000,2564,433,0
2017/3/17,15:19:30,4.02e3,129960,14.87,,1013,0.000,2554,444,0
2017/3/17,15:19:45,3.79e3,122574,14.88,,1012,0.000,2578,411,0
2017/3/17,15:20:00,3.58e3,115780,14.88,,1012,0.000,2572,441,0
2017/3/17,15:20:15,3.46e3,111928,14.89,,1013,0.000,2552,427,0
2017/3/17,15:20:30,3.25e3,105389,14.89,,1012,0.000,2551,445,0
2017/3/17,15:20:45,3.05e3,98985,14.9,,1012,0.000,2578,412,0
2017/3/17,15:21:00,2.88e3,93570,14.9,,1013,0.000,2598,406,0
2017/3/17,15:21:15,2.75e3,89627,14.91,,1012,0.000,2575,456,0
2017/3/17,15:21:30,2.64e3,85869,14.91,,1013,0.000,2578,444,0
2017/3/17,15:21:45,2.52e3,82184,14.92,,1013,0.000,2585,411,0
2017/3/17,15:22:00,2.38e3,77623,14.92,,1012,0.000,2572,422,0
2017/3/17,15:22:15,2.25e3,73309,14.92,,1012,0.000,2535,484,0
2017/3/17,15:22:30,2.13e3,69539,14.93,,1013,0.000,2543,463,0
2017/3/17,15:22:45,2.01e3,65562,14.93,,1012,0.000,2551,445,0
2017/3/17,15:23:00,1.91e3,62254,14.94,,1012,0.000,2578,437,0
2017/3/17,15:23:15,1.87e3,60964,14.94,,1013,0.000,2570,438,0
2017/3/17,15:23:30,1.77e3,57644,14.94,,1012,0.000,2585,432,0
2017/3/17,15:23:45,1.66e3,54251,14.94,,1013,0.000,2570,443,0
2017/3/17,15:24:00,1.61e3,52392,14.95,,1013,0.000,2591,419,0
2017/3/17,15:24:15,1.52e3,49565,14.95,,1012,0.000,2590,432,0
2017/3/17,15:24:30,1.44e3,47003,14.95,,1013,0.000,2598,404,0
2017/3/17,15:24:45,1.38e3,44928,14.95,,1013,0.000,2565,452,0
2017/3/17,15:25:00,1.32e3,43066,14.95,,1012,0.000,2564,441,0
2017/3/17,15:25:15,1.27e3,41560,14.96,,1013,0.000,2606,407,0
2017/3/17,15:25:30,1.19e3,38921,14.96,,1013,0.000,2565,466,0
2017/3/17,15:25:45,1.15e3,37631,14.96,,1013,0.000,2561,455,0
2017/3/17,15:26:00,1.09e3,35637,14.96,,1013,0.000,2579,455,0
2017/3/17,15:26:15,1.05e3,34151,14.96,,1013,0.000,2592,438,0
2017/3/17,15:26:30,1.00e3,32530,14.97,,1012,0.000,2579,443,0
2017/3/17,15:26:45,958,31167,14.97,,1012,0.000,2569,451,0
2017/3/17,15:27:00,915,29768,14.97,,1012,0.000,2578,428,0
2017/3/17,15:27:15,886,28796,14.97,,1012,0.000,2581,434,0
2017/3/17,15:27:30,851,27682,14.97,,1012,0.000,2592,428,0
2017/3/17,15:27:45,812,26417,14.97,,1013,0.000,2563,452,0
2017/3/17,15:28:00,775,25204,14.97,,1012,0.000,2567,457,0
2017/3/17,15:28:15,743,24178,14.97,,1012,0.000,2576,455,0
2017/3/17,15:28:30,717,23314,14.97,,1012,0.000,2604,417,0
2017/3/17,15:28:45,687,22353,14.98,,1012,0.000,2591,412,0
2017/3/17,15:29:00,670,21806,14.98,,1012,0.000,2581,428,0
2017/3/17,15:29:15,644,20935,14.98,,1012,0.000,2575,441,0
2017/3/17,15:29:30,616,20021,14.98,,1012,0.000,2567,466,0
2017/3/17,15:29:45,600,19504,14.98,,1013,0.000,2568,455,0
2017/3/17,15:30:00,580,18861,14.98,,1012,0.000,2579,438,0
2017/3/17,15:30:15,557,18118,14.98,,1012,0.000,2590,424,0
2017/3/17,15:30:30,536,17446,14.98,,1012,0.000,2552,469,0
2017/3/17,15:30:45,515,16764,14.98,,1012,0.000,2568,456,0
2017/3/17,15:31:00,505,16424,14.98,,1012,0.000,2572,433,0
2017/3/17,15:31:15,483,15729,14.98,,1012,0.000,2583,441,0
2017/3/17,15:31:30,479,15597,14.98,,1012,0.000,2572,440,0
2017/3/17,15:31:45,460,14963,14.98,,1012,0.000,2606,440,0
2017/3/17,15:32:00,448,14578,14.98,,1012,0.000,2578,455,0
2017/3/17,15:32:15,436,14194,14.98,,1012,0.000,2584,437,0
2017/3/17,15:32:30,433,14087,14.98,,1012,0.000,2619,394,0
2017/3/17,15:32:45,406,13217,14.99,,1012,0.000,2593,445,0
2017/3/17,15:33:00,400,13025,14.99,,1012,0.000,2585,445,0
2017/3/17,15:33:15,386,12558,14.99,,1012,0.000,2569,462,0
2017/3/17,15:33:30,379,12349,14.99,,1012,0.000,2589,426,0
2017/3/17,15:33:45,364,11846,14.99,,1012,0.000,2573,477,0
2017/3/17,15:34:00,351,11435,14.99,,1012,0.000,2601,424,0
2017/3/17,15:34:15,350,11402,14.99,,1012,0.000,2591,435,0
2017/3/17,15:34:30,343,11170,14.99,,1012,0.000,2583,440,0
2017/3/17,15:34:45,329,10721,14.99,,1012,0.000,2575,445,0
2017/3/17,15:35:00,317,10313,14.99,,1012,0.000,2590,444,0
2017/3/17,15:35:15,313,10173,14.99,,1012,0.000,2576,443,0
2017/3/17,15:35:30,298,9697,14.99,,1012,0.000,2557,474,0
2017/3/17,15:35:45,297,9667,14.99,,1012,0.000,2580,443,0
2017/3/17,15:36:00,289,9406,14.99,,1012,0.000,2586,452,0
2017/3/17,15:36:15,285,9276,14.99,,1012,0.000,2573,473,0
2017/3/17,15:36:30,276,8983,14.99,,1012,0.000,2576,454,0
2017/3/17,15:36:45,269,8765,14.99,,1013,0.000,2596,452,0
2017/3/17,15:37:00,264,8587,14.99,,1013,0.000,2584,454,0
2017/3/17,15:37:15,259,8419,14.99,,1012,0.000,2583,454,0
2017/3/17,15:37:30,253,8226,14.99,,1012,0.000,2562,472,0
2017/3/17,15:37:45,248,8092,14.99,,1012,0.000,2589,437,0
2017/3/17,15:38:00,243,7925,14.99,,1012,0.000,2574,460,0
2017/3/17,15:38:15,235,7660,14.99,,1012,0.000,2561,471,0
2017/3/17,15:38:30,228,7421,14.99,,1012,0.000,2575,452,0
2017/3/17,15:38:45,221,7210,14.99,,1012,0.000,2558,474,0
2017/3/17,15:39:00,227,7390,14.99,,1012,0.000,2583,455,0
2017/3/17,15:39:15,223,7253,14.99,,1012,0.000,2583,441,0
2017/3/17,15:39:30,216,7033,14.99,,1012,0.000,2602,421,0
2017/3/17,15:39:45,214,6981,14.99,,1012,0.000,2589,433,0
2017/3/17,15:40:00,215,6992,14.99,,1012,0.000,2579,446,0
2017/3/17,15:40:15,210,6844,14.99,,1013,0.000,2603,430,0
2017/3/17,15:40:30,210,6849,14.99,,1012,0.000,2551,474,0
2017/3/17,15:40:45,197,6428,14.99,,1012,0.000,2561,476,0
2017/3/17,15:41:00,206,6720,14.99,,1012,0.000,2565,474,0
2017/3/17,15:41:15,201,6535,14.99,,1012,0.000,2563,468,0
2017/3/17,15:41:30,199,6478,14.99,,1012,0.000,2557,489,0
2017/3/17,15:41:45,197,6417,14.99,,1012,0.000,2583,447,0
2017/3/17,15:42:00,200,6520,14.99,,1012,0.000,2592,433,0
2017/3/17,15:42:15,198,6447,14.99,,1012,0.000,2559,474,0
2017/3/17,15:42:30,195,6347,14.99,,1012,0.000,2592,463,0
2017/3/17,15:42:45,195,6346,14.99,,1012,0.000,2569,468,0
2017/3/17,15:43:00,202,6575,14.99,,1013,0.000,2604,428,0
2017/3/17,15:43:15,200,6504,14.99,,1012,0.000,2558,462,0
2017/3/17,15:43:30,196,6397,14.99,,1012,0.000,2539,484,0
2017/3/17,15:43:45,200,6509,14.99,,1012,0.000,2600,423,0
2017/3/17,15:44:00,199,6491,14.99,,1012,0.000,2586,422,0
2017/3/17,15:44:15,197,6414,14.99,,1012,0.000,2565,460,0
2017/3/17,15:44:30,200,6507,14.99,,1013,0.000,2575,444,0
2017/3/17,15:44:45,208,6777,14.99,,1012,0.000,2578,450,0
2017/3/17,15:45:00,206,6703,14.99,,1012,0.000,2589,416,0
2017/3/17,15:45:15,210,6831,14.99,,1012,0.000,2572,447,0
2017/3/17,15:45:30,211,6887,14.99,,1012,0.000,2574,457,0
2017/3/17,15:45:45,210,6835,14.99,,1013,0.000,2550,474,0
2017/3/17,15:46:00,209,6812,14.99,,1012,0.000,2562,471,0
2017/3/17,15:46:15,203,6626,14.99,,1013,0.000,2557,458,0
2017/3/17,15:46:30,210,6825,14.99,,1012,0.000,2565,466,0
2017/3/17,15:46:45,208,6791,14.99,,1012,0.000,2583,452,0
2017/3/17,15:47:00,210,6844,14.99,,1012,0.000,2573,467,0
2017/3/17,15:47:15,206,6715,14.99,,1012,0.000,2581,443,0
2017/3/17,15:47:30,211,6860,14.99,,1012,0.000,2540,494,0
2017/3/17,15:47:45,205,6689,14.99,,1012,0.000,2601,417,0
2017/3/17,15:48:00,205,6694,14.99,,1013,0.000,2562,465,0
2017/3/17,15:48:15,196,6383,14.99,,1012,0.000,2550,496,0
2017/3/17,15:48:30,197,6419,14.99,,1013,0.000,2584,441,0
2017/3/17,15:48:45,187,6088,14.99,,1012,0.000,2585,430,0
2017/3/17,15:49:00,190,6176,14.99,,1012,0.000,2564,474,0
2017/3/17,15:49:15,184,5999,14.99,,1013,0.000,2551,482,0
2017/3/17,15:49:30,179,5826,14.99,,1013,0.000,2557,488,0
2017/3/17,15:49:45,178,5809,14.99,,1012,0.000,2568,466,0
2017/3/17,15:50:00,173,5630,14.99,,1013,0.000,2547,488,0
2017/3/17,15:50:15,167,5443,14.99,,1012,0.000,2548,483,0
2017/3/17,15:50:30,163,5311,14.99,,1012,0.000,2568,454,0
2017/3/17,15:50:45,162,5282,14.99,,1012,0.000,2559,476,0
2017/3/17,15:51:00,154,5015,14.99,,1013,0.000,2573,451,0
2017/3/17,15:51:15,157,5104,14.99,,1012,0.000,2529,506,0
2017/3/17,15:51:30,155,5043,14.99,,1012,0.000,2567,452,0
2017/3/17,15:51:45,151,4919,14.99,,1012,0.000,2573,451,0
2017/3/17,15:52:00,149,4851,14.99,,1012,0.000,2558,480,0
2017/3/17,15:52:15,150,4896,14.99,,1012,0.000,2554,485,0
2017/3/17,15:52:30,147,4785,14.99,,1013,0.000,2575,452,0
2017/3/17,15:52:45,144,4707,14.99,,1012,0.000,2551,499,0
2017/3/17,15:53:00,144,4688,14.99,,1013,0.000,2578,452,0
2017/3/17,15:53:15,142,4639,14.99,,1013,0.000,2565,469,0
2017/3/17,15:53:30,141,4585,14.99,,1012,0.000,2535,517,0
2017/3/17,15:53:45,135,4400,14.99,,1013,0.000,2579,463,0
2017/3/17,15:54:00,141,4612,14.99,,1012,0.000,2562,482,0
2017/3/17,15:54:15,140,4575,14.99,,1013,0.000,2551,496,0
2017/3/17,15:54:30,139,4537,14.99,,1012,0.000,2580,456,0
2017/3/17,15:54:45,135,4404,14.99,,1012,0.000,2570,462,0
2017/3/17,15:55:00,141,4590,14.99,,1012,0.000,2570,477,0
2017/3/17,15:55:15,142,4646,14.99,,1012,0.000,2595,462,0
2017/3/17,15:55:30,133,4344,14.99,,1012,0.000,2590,437,0
2017/3/17,15:55:45,134,4375,14.99,,1012,0.000,2602,439,0
2017/3/17,15:56:00,134,4373,14.99,,1012,0.000,2592,455,0
2017/3/17,15:56:15,134,4355,14.99,,1012,0.000,2565,476,0
2017/3/17,15:56:30,131,4275,14.99,,1012,0.000,2574,468,0
2017/3/17,15:56:45,137,4482,14.99,,1012,0.000,2592,430,0
2017/3/17,15:57:00,132,4310,14.99,,1012,0.000,2600,435,0
2017/3/17,15:57:15,129,4205,14.99,,1012,0.000,2568,473,0
2017/3/17,15:57:30,135,4396,14.99,,1012,0.000,2570,463,0
2017/3/17,15:57:45,134,4356,14.99,,1012,0.000,2597,437,0
2017/3/17,15:58:00,132,4322,14.99,,1012,0.000,2589,455,0
2017/3/17,15:58:15,132,4303,14.99,,1012,0.000,2561,467,0
2017/3/17,15:58:30,130,4242,14.99,,1012,0.000,2601,426,0
2017/3/17,15:58:45,126,4116,14.99,,1012,0.000,2556,499,0
2017/3/17,15:59:00,131,4288,14.99,,1012,0.000,2584,443,0
2017/3/17,15:59:15,132,4314,14.99,,1012,0.000,2579,477,0
2017/3/17,15:59:30,128,4190,14.99,,1012,0.000,2573,460,0
2017/3/17,15:59:45,129,4201,14.99,,1012,0.000,2585,447,0
2017/3/17,16:00:00,130,4236,14.99,,1012,0.000,2570,483,0
2017/3/17,16:00:15,132,4301,14.99,,1012,0.000,2579,447,0
2017/3/17,16:00:30,125,4082,14.99,,1012,0.000,2611,435,0
2017/3/17,16:00:45,131,4287,14.99,,1012,0.000,2572,472,0
2017/3/17,16:01:00,130,4232,14.99,,1012,0.000,2609,401,0
2017/3/17,16:01:15,135,4396,14.99,,1012,0.000,2573,472,0
2017/3/17,16:01:30,131,4285,14.99,,1012,0.000,2583,468,0
2017/3/17,16:01:45,129,4216,14.99,,1012,0.000,2591,444,0
2017/3/17,16:02:00,131,4265,14.99,,1012,0.000,2580,449,0
2017/3/17,16:02:15,133,4353,14.99,,1012,0.000,2569,491,0
2017/3/17,16:02:30,128,4166,14.99,,1013,0.000,2606,423,0
2017/3/17,16:02:45,131,4275,14.99,,1012,0.000,2537,506,0
2017/3/17,16:03:00,130,4243,14.99,,1012,0.000,2600,417,0
2017/3/17,16:03:15,134,4359,14.99,,1012,0.000,2578,440,0
2017/3/17,16:03:30,132,4308,14.99,,1012,0.000,2559,490,0
2017/3/17,16:03:45,131,4276,14.99,,1012,0.000,2558,482,0
2017/3/17,16:04:00,135,4391,14.99,,1012,0.000,2576,466,0
2017/3/17,16:04:15,130,4239,14.99,,1012,0.000,2552,478,0
2017/3/17,16:04:30,133,4327,14.99,,1012,0.000,2585,433,0
2017/3/17,16:04:45,130,4232,14.99,,1012,0.000,2590,437,0
2017/3/17,16:05:00,127,4152,14.99,,1012,0.000,2580,451,0
2017/3/17,16:05:15,131,4276,14.99,,1013,0.000,2583,447,0
2017/3/17,16:05:30,133,4323,14.99,,1012,0.000,2563,469,0
2017/3/17,16:05:45,131,4259,14.99,,1012,0.000,2568,468,0
2017/3/17,16:06:00,130,4249,14.99,,1013,0.000,2603,410,0
2017/3/17,16:06:15,130,4236,14.99,,1012,0.000,2567,489,0
2017/3/17,16:06:30,128,4180,14.99,,1012,0.000,2578,468,0
2017/3/17,16:06:45,127,4141,14.99,,1013,0.000,2556,491,0
2017/3/17,16:07:00,125,4066,14.99,,1012,0.000,2585,451,0
2017/3/17,16:07:15,131,4271,14.99,,1012,0.000,2572,471,0
2017/3/17,16:07:30,126,4106,14.99,,1012,0.000,2570,473,0
2017/3/17,16:07:45,132,4311,14.99,,1012,0.000,2572,480,0
2017/3/17,16:08:00,128,4179,14.99,,1012,0.000,2595,438,0
2017/3/17,16:08:15,131,4287,14.99,,1012,0.000,2557,493,0
2017/3/17,16:08:30,129,4202,14.99,,1012,0.000,2622,400,0
2017/3/17,16:08:45,132,4307,14.99,,1012,0.000,2576,474,0
2017/3/17,16:09:00,131,4265,14.99,,1012,0.000,2559,472,0
2017/3/17,16:09:15,134,4380,14.99,,1012,0.000,2568,458,0
2017/3/17,16:09:30,130,4233,14.99,,1012,0.000,2569,469,0
2017/3/17,16:09:45,133,4344,14.99,,1012,0.000,2562,490,0
2017/3/17,16:10:00,128,4167,14.99,,1012,0.000,2606,424,0
2017/3/17,16:10:15,132,4314,14.99,,1012,0.000,2567,456,0
2017/3/17,16:10:30,127,4147,14.99,,1012,0.000,2579,463,0
2017/3/17,16:10:45,137,4463,14.99,,1012,0.000,2596,434,0
2017/3/17,16:11:00,133,4336,14.99,,1012,0.000,2554,482,0
2017/3/17,16:11:15,133,4330,14.99,,1012,0.000,2585,452,0
2017/3/17,16:11:30,134,4371,14.99,,1012,0.000,2570,483,0
2017/3/17,16:11:45,130,4237,14.99,,1012,0.000,2586,429,0
2017/3/17,16:12:00,134,4356,14.99,,1012,0.000,2573,465,0
2017/3/17,16:12:15,132,4311,14.99,,1013,0.000,2598,460,0
2017/3/17,16:12:30,132,4305,14.99,,1012,0.000,2574,479,0
2017/3/17,16:12:45,135,4400,14.99,,1012,0.000,2576,444,0
2017/3/17,16:13:00,133,4347,14.99,,1012,0.000,2600,444,0
2017/3/17,16:13:15,128,4175,14.99,,1012,0.000,2591,461,0
2017/3/17,16:13:30,135,4395,14.99,,1012,0.000,2581,469,0
2017/3/17,16:13:45,131,4262,14.99,,1012,0.000,2603,441,0
2017/3/17,16:14:00,133,4353,14.99,,1012,0.000,2595,450,0
2017/3/17,16:14:15,131,4263,14.99,,1012,0.000,2572,476,0
2017/3/17,16:14:30,129,4213,14.99,,1012,0.000,2565,477,0
2017/3/17,16:14:45,136,4428,14.99,,1012,0.000,2559,504,0
2017/3/17,16:15:00,133,4339,14.99,,1012,0.000,2574,468,0
2017/3/17,16:15:15,133,4328,14.99,,1012,0.000,2561,488,0
2017/3/17,16:15:30,130,4252,14.99,,1012,0.000,2565,479,0
2017/3/17,16:15:45,130,4240,14.99,,1012,0.000,2574,451,0
2017/3/17,16:16:00,134,4375,14.99,,1012,0.000,2574,471,0
2017/3/17,16:16:15,143,4655,14.99,,1012,0.000,2576,466,0
2017/3/17,16:16:30,167,5457,14.99,,1012,0.000,2572,454,0
2017/3/17,16:16:45,172,5622,14.99,,1012,0.000,2622,406,0
2017/3/17,16:17:00,177,5783,14.99,,1012,0.000,2593,452,0
2017/3/17,16:17:15,174,5665,14.99,,1012,0.000,2570,463,0
2017/3/17,16:17:30,172,5614,14.99,,1012,0.000,2615,401,0
2017/3/17,16:17:45,164,5344,14.99,,1012,0.000,2600,439,0
2017/3/17,16:18:00,167,5445,14.99,,1012,0.000,2567,479,0
2017/3/17,16:18:15,164,5350,14.99,,1012,0.000,2576,446,0
2017/3/17,16:18:30,158,5155,14.99,,1012,0.000,2583,439,0
