TSI CPC DATA VERSION 3
1490202907,2017/3/22,17:15:07
15
1.08,130
Model 3783 Ver 1.27 S/N 3783111302
"Date","Time","Concentration","Count"," Live-Time","Blank","Abs Press"," Analog In","Pulse Height"," Pulse STD","Status Flags"
2017/3/22,17:15:00,2.84e3,92358,14.9,,1013,0.000,2602,428,0
2017/3/22,17:15:15,2.75e3,89538,14.91,,1013,0.000,2583,427,0
2017/3/22,17:15:30,2.71e3,88069,14.91,,1013,0.000,2575,446,0
2017/3/22,17:15:45,2.65e3,86393,14.91,,1013,0.000,2601,413,0
2017/3/22,17:16:00,2.67e3,86813,14.91,,1013,0.000,2596,415,0
2017/3/22,17:16:15,2.69e3,87427,14.91,,1013,0.000,2558,441,0
2017/3/22,17:16:30,2.65e3,86290,14.91,,1012,0.000,2580,446,0
2017/3/22,17:16:45,2.67e3,87090,14.91,,1013,0.000,2568,446,0
2017/3/22,17:17:00,2.65e3,86258,14.91,,1013,0.000,2586,430,0
2017/3/22,17:17:15,2.58e3,84082,14.91,,1013,0.000,2604,405,0
2017/3/22,17:17:30,2.55e3,83123,14.91,,1013,0.000,2596,433,0
2017/3/22,17:17:45,2.58e3,83923,14.91,,1013,0.000,2589,447,0
2017/3/22,17:18:00,2.51e3,81709,14.91,,1013,0.000,2590,426,0
2017/3/22,17:18:15,2.45e3,79818,14.92,,1013,0.000,2587,435,0
2017/3/22,17:18:30,2.44e3,79354,14.92,,1013,0.000,2569,463,0
2017/3/22,17:18:45,2.42e3,78957,14.92,,1013,0.000,2598,410,0
2017/3/22,17:19:00,2.41e3,78388,14.92,,1013,0.000,2600,402,0
2017/3/22,17:19:15,2.37e3,77118,14.92,,1013,0.000,2598,419,0
2017/3/22,17:19:30,2.38e3,77425,14.92,,1013,0.000,2608,393,0
2017/3/22,17:19:45,2.36e3,76873,14.92,,1013,0.000,2583,455,0
2017/3/22,17:20:00,2.35e3,76509,14.92,,1013,0.000,2587,426,0
2017/3/22,17:20:15,2.32e3,75484,14.92,,1013,0.000,2586,443,0
2017/3/22,17:20:30,2.32e3,75408,14.92,,1013,0.000,2575,444,0
2017/3/22,17:20:45,2.51e3,81714,14.91,,1013,0.000,2584,432,0
2017/3/22,17:21:00,4.60e3,148346,14.85,,1013,0.000,2600,396,0
2017/3/22,17:21:15,1.00e4,319090,14.69,,1013,0.000,2515,429,0
2017/3/22,17:21:30,1.04e4,332808,14.67,,1013,0.000,2575,364,0
2017/3/22,17:21:45,1.34e4,424519,14.59,,1013,0.000,2525,380,0
2017/3/22,17:22:00,1.69e4,530834,14.49,,1013,0.000,2503,371,0
2017/3/22,17:22:15,6.56e4,1865507,13.25,,1013,0.000,2087,411,0
2017/3/22,17:22:30,7.22e4,2036938,13.09,,1013,0.000,2034,406,0
2017/3/22,17:22:45,8.81e4,2417848,12.71,,1013,0.000,1967,402,0
2017/3/22,17:23:00,1.04e5,2791978,12.33,,1013,0.000,1899,406,0
2017/3/22,17:23:15,1.24e5,3207111,11.88,,1013,0.000,1823,468,0
2017/3/22,17:23:30,1.25e5,3220676,11.86,,1013,0.000,1846,468,0
2017/3/22,17:23:45,1.51e5,3711738,11.29,,1013,0.000,1788,451,0
2017/3/22,17:24:00,1.64e5,3931446,11.02,,1013,0.000,1756,482,0
2017/3/22,17:24:15,1.78e5,4159102,10.73,,1013,0.000,1705,480,0
2017/3/22,17:24:30,1.96e5,4417413,10.39,,1013,0.000,1657,506,0
2017/3/22,17:24:45,2.43e5,4993824,9.549,,1013,0.000,1605,524,0
2017/3/22,17:25:00,2.61e5,5223322,9.22,,1013,0.000,1589,507,0
2017/3/22,17:25:15,2.54e5,5148953,9.344,,1013,0.000,1584,510,0
2017/3/22,17:25:30,2.86e5,5464341,8.807,,1013,0.000,1550,524,0
2017/3/22,17:25:45,3.19e5,5742540,8.29,,1013,0.000,1489,533,0
2017/3/22,17:26:00,3.45e5,5912096,7.905,,1013,0.000,1485,535,0
2017/3/22,17:26:15,3.95e5,6169851,7.23,,1013,0.000,1417,529,0
2017/3/22,17:26:30,4.02e5,6207794,7.118,,1013,0.000,1430,546,0
2017/3/22,17:26:45,4.14e5,6254582,6.962,,1013,0.000,1484,581,0
2017/3/22,17:27:00,4.29e5,6309935,6.78,,1013,0.000,1440,574,0
2017/3/22,17:27:15,4.51e5,6366584,6.514,,1013,0.000,1414,546,0
2017/3/22,17:27:30,4.52e5,6364631,6.49,,1013,0.000,1431,548,0
2017/3/22,17:27:45,4.75e5,6421778,6.242,,1013,0.000,1427,581,0
2017/3/22,17:28:00,4.88e5,6447824,6.093,,1013,0.000,1396,556,0
2017/3/22,17:28:15,4.47e5,6333544,6.589,,1013,0.000,1365,543,0
2017/3/22,17:28:30,4.76e5,6421044,6.222,,1013,0.000,1384,563,0
2017/3/22,17:28:45,4.65e5,6399710,6.34,,1013,0.000,1380,535,0
2017/3/22,17:29:00,4.56e5,6385263,6.465,,1013,0.000,1385,552,0
2017/3/22,17:29:15,4.52e5,6364289,6.498,,1013,0.000,1419,568,0
2017/3/22,17:29:30,4.57e5,6383039,6.435,,1013,0.000,1397,557,0
2017/3/22,17:29:45,4.39e5,6334243,6.66,,1013,0.000,1411,548,0
2017/3/22,17:30:00,4.35e5,6323951,6.709,,1013,0.000,1394,531,0
2017/3/22,17:30:15,4.26e5,6296426,6.809,,1013,0.000,1427,549,0
2017/3/22,17:30:30,4.17e5,6231438,6.977,,1013,0.000,1396,546,0
2017/3/22,17:30:45,4.10e5,6240728,7.02,,1013,0.000,1412,539,0
2017/3/22,17:31:00,4.07e5,6228976,7.063,,1013,0.000,1444,546,0
2017/3/22,17:31:15,3.97e5,6185189,7.177,,1013,0.000,1413,540,0
2017/3/22,17:31:30,3.83e5,6122064,7.369,,1013,0.000,1441,565,0
2017/3/22,17:31:45,3.85e5,6123427,7.34,,1013,0.000,1450,559,0
2017/3/22,17:32:00,3.83e5,6122948,7.362,,1013,0.000,1427,548,0
2017/3/22,17:32:15,3.85e5,6127539,7.333,,1013,0.000,1417,543,0
2017/3/22,17:32:30,3.80e5,6104415,7.409,,1013,0.000,1459,562,0
2017/3/22,17:32:45,3.75e5,6079269,7.475,,1013,0.000,1477,550,0
2017/3/22,17:33:00,3.74e5,6076105,7.499,,1013,0.000,1448,533,0
2017/3/22,17:33:15,3.76e5,6085693,7.461,,1013,0.000,1485,555,0
2017/3/22,17:33:30,3.76e5,6089368,7.463,,1013,0.000,1433,554,0
2017/3/22,17:33:45,3.74e5,6076639,7.487,,1013,0.000,1483,546,0
2017/3/22,17:34:00,3.73e5,6072264,7.511,,1013,0.000,1475,538,0
2017/3/22,17:34:15,3.68e5,6042038,7.57,,1013,0.000,1495,549,0
2017/3/22,17:34:30,3.86e5,6136021,7.329,,1013,0.000,1464,543,0
2017/3/22,17:34:45,3.98e5,6189592,7.172,,1013,0.000,1442,555,0
2017/3/22,17:35:00,3.92e5,6165825,7.245,,1013,0.000,1434,540,0
2017/3/22,17:35:15,3.95e5,6177442,7.207,,1013,0.000,1461,559,0
2017/3/22,17:35:30,3.86e5,6127325,7.331,,1013,0.000,1462,561,0
2017/3/22,17:35:45,3.97e5,6186208,7.186,,1013,0.000,1434,554,0
2017/3/22,17:36:00,3.79e5,6106414,7.424,,1013,0.000,1469,522,0
2017/3/22,17:36:15,3.81e5,6112058,7.393,,1013,0.000,1470,550,0
2017/3/22,17:36:30,3.83e5,6120537,7.369,,1013,0.000,1435,543,0
2017/3/22,17:36:45,3.81e5,6112698,7.399,,1013,0.000,1453,556,0
2017/3/22,17:37:00,3.90e5,6155385,7.275,,1013,0.000,1428,562,0
2017/3/22,17:37:15,4.01e5,6198441,7.133,,1013,0.000,1428,538,0
2017/3/22,17:37:30,3.98e5,6191929,7.171,,1013,0.000,1455,535,0
2017/3/22,17:37:45,3.84e5,6127731,7.355,,1013,0.000,1474,563,0
2017/3/22,17:38:00,3.83e5,6123898,7.37,,1013,0.000,1433,556,0
2017/3/22,17:38:15,3.78e5,6091374,7.431,,1013,0.000,1440,532,0
2017/3/22,17:38:30,3.71e5,6059211,7.529,,1013,0.000,1451,535,0
2017/3/22,17:38:45,3.64e5,6021192,7.631,,1013,0.000,1462,529,0
2017/3/22,17:39:00,3.57e5,5984600,7.726,,1013,0.000,1451,533,0
2017/3/22,17:39:15,3.53e5,5953808,7.782,,1013,0.000,1472,540,0
2017/3/22,17:39:30,3.50e5,5937762,7.824,,1013,0.000,1507,520,0
2017/3/22,17:39:45,3.44e5,5898126,7.908,,1013,0.000,1490,526,0
2017/3/22,17:40:00,3.42e5,5892311,7.941,,1013,0.000,1527,545,0
2017/3/22,17:40:15,3.53e5,5955108,7.776,,1013,0.000,1463,548,0
2017/3/22,17:40:30,3.55e5,5972306,7.751,,1013,0.000,1455,544,0
2017/3/22,17:40:45,3.54e5,5962591,7.763,,1013,0.000,1510,555,0
2017/3/22,17:41:00,3.56e5,5980335,7.748,,1013,0.000,1474,560,0
2017/3/22,17:41:15,3.47e5,5918937,7.863,,1013,0.000,1486,559,0
2017/3/22,17:41:30,3.38e5,5860884,7.998,,1013,0.000,1477,524,0
2017/3/22,17:41:45,3.35e5,5844214,8.043,,1013,0.000,1486,548,0
2017/3/22,17:42:00,3.30e5,5814620,8.115,,1013,0.000,1491,559,0
2017/3/22,17:42:15,3.31e5,5814287,8.108,,1013,0.000,1472,537,0
2017/3/22,17:42:30,3.19e5,5733110,8.28,,1013,0.000,1511,556,0
2017/3/22,17:42:45,3.15e5,5702565,8.333,,1013,0.000,1481,541,0
2017/3/22,17:43:00,3.09e5,5656864,8.433,,1013,0.000,1520,524,0
2017/3/22,17:43:15,3.12e5,5676789,8.383,,1013,0.000,1488,522,0
2017/3/22,17:43:30,3.07e5,5634745,8.466,,1013,0.000,1519,544,0
2017/3/22,17:43:45,3.03e5,5607930,8.519,,1013,0.000,1528,524,0
2017/3/22,17:44:00,3.00e5,5586395,8.574,,1013,0.000,1555,549,0
2017/3/22,17:44:15,2.98e5,5558294,8.607,,1013,0.000,1496,531,0
2017/3/22,17:44:30,2.92e5,5511918,8.703,,1013,0.000,1514,532,0
2017/3/22,17:44:45,2.87e5,5464467,8.772,,1013,0.000,1516,538,0
2017/3/22,17:45:00,2.85e5,5450594,8.802,,1013,0.000,1552,531,0
2017/3/22,17:45:15,2.84e5,5442752,8.819,,1013,0.000,1549,538,0
2017/3/22,17:45:30,2.79e5,5391773,8.904,,1013,0.000,1560,515,0
2017/3/22,17:45:45,2.77e5,5366959,8.94,,1013,0.000,1571,550,0
2017/3/22,17:46:00,2.77e5,5373585,8.945,,1013,0.000,1594,543,0
2017/3/22,17:46:15,2.72e5,5322270,9.025,,1013,0.000,1563,523,0
2017/3/22,17:46:30,2.67e5,5270694,9.104,,1013,0.000,1541,521,0
2017/3/22,17:46:45,2.63e5,5234239,9.167,,1013,0.000,1589,541,0
2017/3/22,17:47:00,2.55e5,5136733,9.331,,1013,0.000,1572,523,0
2017/3/22,17:47:15,2.56e5,5165241,9.288,,1013,0.000,1562,515,0
2017/3/22,17:47:30,2.55e5,5156675,9.306,,1013,0.000,1563,554,0
2017/3/22,17:47:45,2.53e5,5133343,9.34,,1013,0.000,1580,522,0
2017/3/22,17:48:00,2.57e5,5171516,9.277,,1013,0.000,1585,535,0
2017/3/22,17:48:15,2.60e5,5207456,9.224,,1013,0.000,1550,539,0
2017/3/22,17:48:30,2.66e5,5271314,9.114,,1013,0.000,1547,538,0
2017/3/22,17:48:45,2.59e5,5196667,9.233,,1013,0.000,1560,526,0
2017/3/22,17:49:00,2.56e5,5167387,9.289,,1013,0.000,1520,529,0
2017/3/22,17:49:15,2.51e5,5105585,9.373,,1013,0.000,1561,521,0
2017/3/22,17:49:30,2.50e5,5093244,9.399,,1013,0.000,1589,510,0
2017/3/22,17:49:45,2.35e5,4921378,9.659,,1013,0.000,1628,545,0
2017/3/22,17:50:00,2.40e5,4989162,9.562,,1013,0.000,1607,537,0
2017/3/22,17:50:15,2.47e5,5061451,9.454,,1013,0.000,1617,523,0
2017/3/22,17:50:30,2.48e5,5076625,9.431,,1013,0.000,1616,511,0
2017/3/22,17:50:45,2.41e5,4991753,9.559,,1013,0.000,1584,538,0
2017/3/22,17:51:00,2.14e5,4668442,10.04,,1013,0.000,1644,504,0
2017/3/22,17:51:15,1.97e5,4430594,10.36,,1013,0.000,1685,551,0
2017/3/22,17:51:30,1.89e5,4306636,10.51,,1014,0.000,1666,502,0
2017/3/22,17:51:45,1.82e5,4209253,10.65,,1013,0.000,1691,494,0
2017/3/22,17:52:00,1.72e5,4051066,10.85,,1013,0.000,1707,496,0
2017/3/22,17:52:15,1.55e5,3773568,11.18,,1014,0.000,1770,474,0
2017/3/22,17:52:30,1.48e5,3652902,11.33,,1013,0.000,1788,479,0
2017/3/22,17:52:45,1.34e5,3394456,11.63,,1013,0.000,1817,485,0
2017/3/22,17:53:00,1.17e5,3065390,12.0,,1014,0.000,1859,458,0
2017/3/22,17:53:15,1.16e5,3041025,12.03,,1014,0.000,1843,482,0
2017/3/22,17:53:30,1.11e5,2930793,12.14,,1014,0.000,1850,474,0
2017/3/22,17:53:45,1.02e5,2743074,12.34,,1014,0.000,1904,478,0
2017/3/22,17:54:00,1.01e5,2731285,12.36,,1013,0.000,1879,493,0
2017/3/22,17:54:15,9.05e4,2477795,12.62,,1013,0.000,1909,462,0
2017/3/22,17:54:30,8.36e4,2316792,12.79,,1013,0.000,1959,468,0
2017/3/22,17:54:45,7.69e4,2159489,12.94,,1014,0.000,2003,463,0
2017/3/22,17:55:00,7.32e4,2070574,13.03,,1013,0.000,1999,461,0
2017/3/22,17:55:15,7.05e4,2001795,13.1,,1014,0.000,1978,489,0
2017/3/22,17:55:30,6.41e4,1843626,13.25,,1014,0.000,2041,484,0
2017/3/22,17:55:45,6.25e4,1800996,13.29,,1014,0.000,2058,504,0
2017/3/22,17:56:00,5.56e4,1624209,13.46,,1014,0.000,2108,454,0
2017/3/22,17:56:15,5.49e4,1604990,13.48,,1013,0.000,2115,482,0
2017/3/22,17:56:30,5.02e4,1480057,13.6,,1013,0.000,2142,498,0
2017/3/22,17:56:45,4.63e4,1377026,13.69,,1013,0.000,2185,482,0
2017/3/22,17:57:00,4.43e4,1322515,13.75,,1014,0.000,2208,490,0
2017/3/22,17:57:15,4.15e4,1244794,13.82,,1014,0.000,2214,500,0
2017/3/22,17:57:30,3.88e4,1168529,13.89,,1014,0.000,2275,460,0
2017/3/22,17:57:45,3.79e4,1144667,13.91,,1014,0.000,2269,487,0
2017/3/22,17:58:00,3.52e4,1069719,13.98,,1014,0.000,2268,499,0
2017/3/22,17:58:15,3.19e4,975882,14.07,,1013,0.000,2310,471,0
2017/3/22,17:58:30,3.04e4,932755,14.11,,1014,0.000,2318,506,0
2017/3/22,17:58:45,2.76e4,850609,14.18,,1014,0.000,2355,485,0
2017/3/22,17:59:00,2.64e4,814455,14.22,,1014,0.000,2385,468,0
2017/3/22,17:59:15,2.54e4,786909,14.24,,1014,0.000,2380,480,0
2017/3/22,17:59:30,2.43e4,752452,14.27,,1013,0.000,2379,477,0
2017/3/22,17:59:45,2.23e4,694434,14.33,,1014,0.000,2375,510,0
2017/3/22,18:00:00,2.14e4,669025,14.35,,1014,0.000,2415,466,0
2017/3/22,18:00:15,1.91e4,598835,14.42,,1014,0.000,2438,458,0
2017/3/22,18:00:30,1.80e4,565249,14.45,,1014,0.000,2440,468,0
2017/3/22,18:00:45,1.72e4,542421,14.47,,1014,0.000,2462,428,0
2017/3/22,18:01:00,1.63e4,514404,14.5,,1014,0.000,2459,434,0
2017/3/22,18:01:15,1.52e4,481703,14.53,,1013,0.000,2475,444,0
2017/3/22,18:01:30,1.42e4,451141,14.56,,1014,0.000,2451,474,0
2017/3/22,18:01:45,1.34e4,425081,14.58,,1014,0.000,2479,451,0
2017/3/22,18:02:00,1.25e4,398552,14.61,,1014,0.000,2500,445,0
2017/3/22,18:02:15,1.20e4,383038,14.62,,1014,0.000,2507,444,0
2017/3/22,18:02:30,1.13e4,359537,14.64,,1014,0.000,2520,426,0
2017/3/22,18:02:45,1.06e4,337781,14.66,,1014,0.000,2495,479,0
2017/3/22,18:03:00,1.00e4,319516,14.68,,1014,0.000,2510,462,0
2017/3/22,18:03:15,9.11e3,291004,14.71,,1014,0.000,2517,449,0
2017/3/22,18:03:30,8.42e3,269273,14.73,,1014,0.000,2541,408,0
2017/3/22,18:03:45,8.01e3,256423,14.74,,1014,0.000,2540,434,0
2017/3/22,18:04:00,7.61e3,243781,14.76,,1014,0.000,2557,410,0
2017/3/22,18:04:15,7.10e3,227947,14.77,,1014,0.000,2531,447,0
2017/3/22,18:04:30,6.66e3,213964,14.78,,1014,0.000,2551,427,0
2017/3/22,18:04:45,6.19e3,199129,14.8,,1014,0.000,2581,397,0
2017/3/22,18:05:00,5.88e3,189215,14.81,,1014,0.000,2557,439,0
2017/3/22,18:05:15,5.39e3,173744,14.82,,1014,0.000,2574,413,0
2017/3/22,18:05:30,5.12e3,164936,14.83,,1014,0.000,2583,444,0
2017/3/22,18:05:45,4.91e3,158268,14.84,,1014,0.000,2592,391,0
2017/3/22,18:06:00,4.52e3,145934,14.85,,1014,0.000,2559,446,0
2017/3/22,18:06:15,4.27e3,138025,14.86,,1014,0.000,2579,428,0
2017/3/22,18:06:30,4.09e3,132154,14.86,,1014,0.000,2550,454,0
2017/3/22,18:06:45,3.81e3,123409,14.87,,1014,0.000,2576,446,0
2017/3/22,18:07:00,3.60e3,116373,14.88,,1014,0.000,2603,394,0
2017/3/22,18:07:15,3.37e3,109068,14.89,,1014,0.000,2601,396,0
2017/3/22,18:07:30,3.14e3,102007,14.89,,1014,0.000,2598,415,0
2017/3/22,18:07:45,2.94e3,95491,14.9,,1014,0.000,2563,443,0
2017/3/22,18:08:00,2.81e3,91469,14.91,,1014,0.000,2623,389,0
2017/3/22,18:08:15,2.58e3,84155,14.91,,1014,0.000,2584,433,0
2017/3/22,18:08:30,2.43e3,79081,14.92,,1014,0.000,2601,417,0
2017/3/22,18:08:45,2.30e3,75034,14.92,,1014,0.000,2589,423,0
2017/3/22,18:09:00,2.19e3,71365,14.93,,1014,0.000,2601,424,0
2017/3/22,18:09:15,2.00e3,65055,14.93,,1014,0.000,2597,421,0
2017/3/22,18:09:30,1.95e3,63443,14.93,,1014,0.000,2584,446,0
2017/3/22,18:09:45,1.86e3,60619,14.94,,1014,0.000,2586,440,0
2017/3/22,18:10:00,1.72e3,56024,14.94,,1014,0.000,2590,422,0
2017/3/22,18:10:15,1.65e3,53889,14.94,,1014,0.000,2620,394,0
2017/3/22,18:10:30,1.57e3,51123,14.95,,1014,0.000,2579,456,0
2017/3/22,18:10:45,1.45e3,47135,14.95,,1014,0.000,2620,390,0
2017/3/22,18:11:00,1.38e3,45080,14.95,,1014,0.000,2607,410,0
2017/3/22,18:11:15,1.32e3,42957,14.95,,1014,0.000,2619,407,0
2017/3/22,18:11:30,1.25e3,40841,14.96,,1014,0.000,2636,383,0
2017/3/22,18:11:45,1.15e3,37523,14.96,,1014,0.000,2600,408,0
2017/3/22,18:12:00,1.11e3,36157,14.96,,1014,0.000,2624,393,0
2017/3/22,18:12:15,1.05e3,34276,14.96,,1014,0.000,2613,419,0
2017/3/22,18:12:30,1.01e3,32874,14.96,,1014,0.000,2618,396,0
2017/3/22,18:12:45,921,29963,14.97,,1014,0.000,2609,426,0
2017/3/22,18:13:00,871,28315,14.97,,1013,0.000,2644,378,0
2017/3/22,18:13:15,830,26980,14.97,,1014,0.000,2618,423,0
2017/3/22,18:13:30,798,25958,14.97,,1014,0.000,2609,435,0
2017/3/22,18:13:45,748,24330,14.97,,1014,0.000,2613,422,0
2017/3/22,18:14:00,711,23111,14.97,,1014,0.000,2630,378,0
2017/3/22,18:14:15,692,22491,14.98,,1014,0.000,2653,367,0
2017/3/22,18:14:30,616,20028,14.98,,1014,0.000,2614,417,0
2017/3/22,18:14:45,629,20464,14.98,,1014,0.000,2624,396,0
2017/3/22,18:15:00,604,19651,14.98,,1014,0.000,2626,386,0
2017/3/22,18:15:15,549,17864,14.98,,1014,0.000,2630,413,0
2017/3/22,18:15:30,534,17367,14.98,,1014,0.000,2589,432,0
2017/3/22,18:15:45,512,16672,14.98,,1014,0.000,2612,423,0
2017/3/22,18:16:00,483,15710,14.98,,1014,0.000,2641,396,0
2017/3/22,18:16:15,475,15447,14.98,,1014,0.000,2631,382,0
2017/3/22,18:16:30,435,14163,14.98,,1014,0.000,2613,421,0
2017/3/22,18:16:45,429,13950,14.98,,1014,0.000,2586,446,0
2017/3/22,18:17:00,406,13217,14.99,,1014,0.000,2602,430,0
2017/3/22,18:17:15,389,12646,14.99,,1014,0.000,2631,406,0
2017/3/22,18:17:30,368,11989,14.99,,1014,0.000,2619,410,0
2017/3/22,18:17:45,352,11449,14.99,,1014,0.000,2647,377,0
2017/3/22,18:18:00,347,11297,14.99,,1014,0.000,2648,382,0
2017/3/22,18:18:15,329,10695,14.99,,1014,0.000,2603,422,0
2017/3/22,18:18:30,330,10738,14.99,,1014,0.000,2624,402,0
2017/3/22,18:18:45,300,9757,14.99,,1014,0.000,2604,430,0
2017/3/22,18:19:00,297,9673,14.99,,1014,0.000,2606,426,0
2017/3/22,18:19:15,283,9199,14.99,,1014,0.000,2630,404,0
2017/3/22,18:19:30,265,8626,14.99,,1014,0.000,2620,406,0
2017/3/22,18:19:45,260,8472,14.99,,1014,0.000,2618,423,0
2017/3/22,18:20:00,250,8150,14.99,,1014,0.000,2633,404,0
2017/3/22,18:20:15,244,7950,14.99,,1014,0.000,2595,443,0
2017/3/22,18:20:30,233,7587,14.99,,1014,0.000,2620,396,0
2017/3/22,18:20:45,236,7674,14.99,,1014,0.000,2623,415,0
2017/3/22,18:21:00,229,7463,14.99,,1014,0.000,2591,438,0
2017/3/22,18:21:15,225,7344,14.99,,1014,0.000,2611,415,0
2017/3/22,18:21:30,219,7120,14.99,,1014,0.000,2604,438,0
2017/3/22,18:21:45,210,6849,14.99,,1014,0.000,2612,399,0
2017/3/22,18:22:00,212,6899,14.99,,1014,0.000,2631,384,0
2017/3/22,18:22:15,200,6519,14.99,,1014,0.000,2600,452,0
2017/3/22,18:22:30,203,6598,14.99,,1014,0.000,2614,418,0
2017/3/22,18:22:45,204,6648,14.99,,1014,0.000,2608,430,0
2017/3/22,18:23:00,203,6624,14.99,,1014,0.000,2635,386,0
2017/3/22,18:23:15,194,6329,14.99,,1014,0.000,2601,444,0
2017/3/22,18:23:30,188,6122,14.99,,1014,0.000,2612,424,0
2017/3/22,18:23:45,185,6032,14.99,,1014,0.000,2590,445,0
2017/3/22,18:24:00,183,5964,14.99,,1014,0.000,2613,419,0
2017/3/22,18:24:15,182,5941,14.99,,1014,0.000,2620,419,0
2017/3/22,18:24:30,180,5863,14.99,,1014,0.000,2593,428,0
2017/3/22,18:24:45,170,5542,14.99,,1014,0.000,2611,449,0
2017/3/22,18:25:00,176,5729,14.99,,1014,0.000,2583,458,0
2017/3/22,18:25:15,173,5628,14.99,,1014,0.000,2606,435,0
2017/3/22,18:25:30,171,5562,14.99,,1014,0.000,2623,411,0
2017/3/22,18:25:45,165,5375,14.99,,1014,0.000,2611,428,0
2017/3/22,18:26:00,167,5456,14.99,,1014,0.000,2589,455,0
2017/3/22,18:26:15,159,5181,14.99,,1014,0.000,2620,429,0
2017/3/22,18:26:30,156,5095,14.99,,1014,0.000,2608,404,0
2017/3/22,18:26:45,153,4997,14.99,,1014,0.000,2601,462,0
2017/3/22,18:27:00,151,4912,14.99,,1014,0.000,2626,408,0
2017/3/22,18:27:15,151,4939,14.99,,1014,0.000,2635,404,0
2017/3/22,18:27:30,150,4880,14.99,,1014,0.000,2618,417,0
2017/3/22,18:27:45,155,5052,14.99,,1014,0.000,2591,467,0
2017/3/22,18:28:00,142,4622,14.99,,1014,0.000,2618,417,0
2017/3/22,18:28:15,144,4708,14.99,,1014,0.000,2614,446,0
2017/3/22,18:28:30,143,4669,14.99,,1014,0.000,2604,427,0
2017/3/22,18:28:45,141,4606,14.99,,1014,0.000,2615,406,0
2017/3/22,18:29:00,136,4426,14.99,,1014,0.000,2620,419,0
2017/3/22,18:29:15,135,4404,14.99,,1014,0.000,2609,426,0
2017/3/22,18:29:30,128,4171,14.99,,1014,0.000,2592,473,0
2017/3/22,18:29:45,127,4157,14.99,,1014,0.000,2603,435,0
2017/3/22,18:30:00,129,4201,14.99,,1014,0.000,2596,458,0
2017/3/22,18:30:15,129,4194,14.99,,1014,0.000,2613,411,0
2017/3/22,18:30:30,126,4098,14.99,,1014,0.000,2611,435,0
2017/3/22,18:30:45,123,4013,14.99,,1014,0.000,2615,433,0
2017/3/22,18:31:00,125,4078,14.99,,1014,0.000,2620,417,0
2017/3/22,18:31:15,124,4038,14.99,,1014,0.000,2604,428,0
2017/3/22,18:31:30,121,3953,14.99,,1014,0.000,2607,460,0
2017/3/22,18:31:45,121,3943,14.99,,1014,0.000,2601,467,0
2017/3/22,18:32:00,118,3848,14.99,,1014,0.000,2572,466,0
2017/3/22,18:32:15,123,4015,14.99,,1014,0.000,2608,449,0
2017/3/22,18:32:30,115,3764,14.99,,1014,0.000,2574,495,0
2017/3/22,18:32:45,118,3860,14.99,,1014,0.000,2598,458,0
2017/3/22,18:33:00,115,3750,14.99,,1014,0.000,2620,413,0
2017/3/22,18:33:15,113,3702,14.99,,1014,0.000,2622,439,0
2017/3/22,18:33:30,111,3632,14.99,,1014,0.000,2622,430,0
2017/3/22,18:33:45,107,3480,14.99,,1014,0.000,2612,437,0
2017/3/22,18:34:00,109,3566,14.99,,1014,0.000,2587,455,0
2017/3/22,18:34:15,109,3571,14.99,,1014,0.000,2597,468,0
2017/3/22,18:34:30,112,3657,14.99,,1014,0.000,2603,407,0
2017/3/22,18:34:45,110,3580,14.99,,1014,0.000,2592,494,0
2017/3/22,18:35:00,110,3575,14.99,,1014,0.000,2617,435,0
2017/3/22,18:35:15,108,3531,14.99,,1014,0.000,2602,439,0
2017/3/22,18:35:30,107,3497,14.99,,1014,0.000,2586,473,0
2017/3/22,18:35:45,106,3477,14.99,,1014,0.000,2579,466,0
2017/3/22,18:36:00,103,3373,14.99,,1014,0.000,2612,411,0
2017/3/22,18:36:15,101,3297,14.99,,1014,0.000,2606,446,0
2017/3/22,18:36:30,100,3258,14.99,,1014,0.000,2620,406,0
2017/3/22,18:36:45,101,3297,14.99,,1014,0.000,2600,468,0
2017/3/22,18:37:00,99.8,3246,14.99,,1014,0.000,2589,462,0
2017/3/22,18:37:15,101,3307,14.99,,1014,0.000,2596,476,0
2017/3/22,18:37:30,102,3330,14.99,,1014,0.000,2558,501,0
2017/3/22,18:37:45,102,3329,14.99,,1014,0.000,2602,433,0
2017/3/22,18:38:00,102,3344,14.99,,1014,0.000,2583,487,0
2017/3/22,18:38:15,110,3597,14.99,,1014,0.000,2576,477,0
2017/3/22,18:38:30,106,3468,14.99,,1014,0.000,2580,490,0
2017/3/22,18:38:45,104,3388,14.99,,1014,0.000,2624,402,0
2017/3/22,18:39:00,106,3473,14.99,,1014,0.000,2601,478,0
2017/3/22,18:39:15,102,3321,14.99,,1014,0.000,2619,428,0
2017/3/22,18:39:30,102,3335,14.99,,1014,0.000,2602,462,0
2017/3/22,18:39:45,104,3394,14.99,,1014,0.000,2584,480,0
2017/3/22,18:40:00,105,3420,14.99,,1014,0.000,2613,423,0
2017/3/22,18:40:15,104,3388,14.99,,1014,0.000,2608,465,0
2017/3/22,18:40:30,104,3383,14.99,,1014,0.000,2618,438,0
2017/3/22,18:40:45,104,3409,14.99,,1014,0.000,2606,446,0
2017/3/22,18:41:00,105,3414,14.99,,1014,0.000,2607,457,0
2017/3/22,18:41:15,102,3346,14.99,,1015,0.000,2575,487,0
2017/3/22,18:41:30,105,3438,14.99,,1015,0.000,2580,456,0
2017/3/22,18:41:45,101,3294,14.99,,1015,0.000,2611,418,0
2017/3/22,18:42:00,102,3344,14.99,,1014,0.000,2597,463,0
2017/3/22,18:42:15,97.4,3167,14.99,,1014,0.000,2587,468,0
2017/3/22,18:42:30,98.5,3203,14.99,,1015,0.000,2580,468,0
2017/3/22,18:42:45,98.5,3203,14.99,,1015,0.000,2618,430,0
2017/3/22,18:43:00,101,3313,14.99,,1014,0.000,2612,415,0
2017/3/22,18:43:15,99.0,3218,14.99,,1015,0.000,2607,456,0
2017/3/22,18:43:30,97.7,3176,14.99,,1015,0.000,2595,465,0
2017/3/22,18:43:45,105,3430,14.99,,1015,0.000,2607,446,0
2017/3/22,18:44:00,100,3269,14.99,,1015,0.000,2591,474,0
2017/3/22,18:44:15,97.8,3180,14.99,,1015,0.000,2604,461,0
2017/3/22,18:44:30,94.3,3067,14.99,,1015,0.000,2580,462,0
2017/3/22,18:44:45,96.2,3128,14.99,,1015,0.000,2576,490,0
2017/3/22,18:45:00,95.4,3102,14.99,,1015,0.000,2602,461,0
2017/3/22,18:45:15,97.7,3178,14.99,,1014,0.000,2585,489,0
2017/3/22,18:45:30,94.6,3075,14.99,,1015,0.000,2572,505,0
2017/3/22,18:45:45,95.9,3117,14.99,,1014,0.000,2576,500,0
2017/3/22,18:46:00,93.0,3025,14.99,,1014,0.000,2595,457,0
2017/3/22,18:46:15,93.3,3033,14.99,,1014,0.000,2608,437,0
2017/3/22,18:46:30,92.8,3019,14.99,,1015,0.000,2613,455,0
2017/3/22,18:46:45,94.0,3056,14.99,,1015,0.000,2613,446,0
2017/3/22,18:47:00,97.7,3177,14.99,,1014,0.000,2608,482,0
2017/3/22,18:47:15,102,3346,14.99,,1015,0.000,2636,388,0
2017/3/22,18:47:30,100,3279,14.99,,1015,0.000,2585,478,0
2017/3/22,18:47:45,96.2,3129,14.99,,1015,0.000,2630,401,0
2017/3/22,18:48:00,96.5,3138,14.99,,1015,0.000,2619,418,0
2017/3/22,18:48:15,95.3,3099,14.99,,1015,0.000,2580,473,0
2017/3/22,18:48:30,91.0,2959,14.99,,1015,0.000,2596,506,0
2017/3/22,18:48:45,95.9,3117,14.99,,1015,0.000,2606,426,0
2017/3/22,18:49:00,91.6,2977,14.99,,1015,0.000,2609,451,0
2017/3/22,18:49:15,95.8,3115,14.99,,1015,0.000,2595,447,0
2017/3/22,18:49:30,95.3,3100,14.99,,1014,0.000,2603,446,0
2017/3/22,18:49:45,89.8,2921,14.99,,1014,0.000,2598,437,0
2017/3/22,18:50:00,90.8,2951,14.99,,1015,0.000,2600,456,0
2017/3/22,18:50:15,90.8,2954,14.99,,1014,0.000,2572,512,0
2017/3/22,18:50:30,96.0,3123,14.99,,1014,0.000,2609,437,0
2017/3/22,18:50:45,90.7,2950,14.99,,1015,0.000,2604,444,0
2017/3/22,18:51:00,88.6,2882,14.99,,1015,0.000,2602,469,0
2017/3/22,18:51:15,88.0,2863,14.99,,1015,0.000,2607,450,0
2017/3/22,18:51:30,87.3,2839,14.99,,1015,0.000,2586,447,0
2017/3/22,18:51:45,92.0,2990,14.99,,1014,0.000,2611,430,0
2017/3/22,18:52:00,86.9,2825,14.99,,1015,0.000,2604,469,0
2017/3/22,18:52:15,89.0,2893,14.99,,1015,0.000,2617,432,0
2017/3/22,18:52:30,88.5,2877,14.99,,1015,0.000,2593,479,0
2017/3/22,18:52:45,83.5,2715,14.99,,1015,0.000,2595,471,0
2017/3/22,18:53:00,85.4,2778,14.99,,1015,0.000,2580,499,0
2017/3/22,18:53:15,85.6,2784,14.99,,1015,0.000,2595,468,0
2017/3/22,18:53:30,86.6,2817,14.99,,1015,0.000,2592,483,0
2017/3/22,18:53:45,85.4,2778,14.99,,1015,0.000,2584,443,0
2017/3/22,18:54:00,86.0,2795,14.99,,1015,0.000,2603,490,0
2017/3/22,18:54:15,82.8,2693,14.99,,1015,0.000,2618,452,0
2017/3/22,18:54:30,83.6,2720,14.99,,1015,0.000,2583,499,0
2017/3/22,18:54:45,83.4,2712,14.99,,1015,0.000,2644,412,0
2017/3/22,18:55:00,85.2,2769,14.99,,1015,0.000,2597,437,0
2017/3/22,18:55:15,87.6,2848,14.99,,1015,0.000,2617,424,0
2017/3/22,18:55:30,84.9,2760,14.99,,1015,0.000,2602,445,0
2017/3/22,18:55:45,85.2,2772,14.99,,1015,0.000,2579,484,0
2017/3/22,18:56:00,83.3,2709,14.99,,1015,0.000,2602,460,0
2017/3/22,18:56:15,83.7,2722,14.99,,1015,0.000,2591,472,0
2017/3/22,18:56:30,81.6,2652,14.99,,1015,0.000,2574,496,0
2017/3/22,18:56:45,81.6,2654,14.99,,1015,0.000,2603,488,0
2017/3/22,18:57:00,82.9,2697,14.99,,1015,0.000,2576,478,0
2017/3/22,18:57:15,84.7,2753,14.99,,1015,0.000,2600,447,0
2017/3/22,18:57:30,83.5,2715,14.99,,1015,0.000,2587,521,0
2017/3/22,18:57:45,83.6,2719,14.99,,1015,0.000,2562,488,0
2017/3/22,18:58:00,84.2,2737,14.99,,1015,0.000,2604,474,0
2017/3/22,18:58:15,83.2,2705,14.99,,1015,0.000,2569,521,0
2017/3/22,18:58:30,86.9,2826,14.99,,1015,0.000,2593,466,0
2017/3/22,18:58:45,84.8,2759,14.99,,1015,0.000,2583,472,0
2017/3/22,18:59:00,86.0,2798,14.99,,1015,0.000,2556,544,0
2017/3/22,18:59:15,84.0,2733,14.99,,1015,0.000,2596,469,0
2017/3/22,18:59:30,84.2,2737,14.99,,1015,0.000,2609,446,0
2017/3/22,18:59:45,84.1,2736,14.99,,1015,0.000,2572,501,0
2017/3/22,19:00:00,82.4,2679,14.99,,1015,0.000,2598,461,0
2017/3/22,19:00:15,81.2,2641,14.99,,1015,0.000,2590,473,0
2017/3/22,19:00:30,84.2,2737,14.99,,1015,0.000,2604,478,0
2017/3/22,19:00:45,80.7,2624,14.99,,1015,0.000,2597,485,0
2017/3/22,19:01:00,82.3,2677,14.99,,1015,0.000,2568,511,0
2017/3/22,19:01:15,83.8,2726,14.99,,1015,0.000,2608,467,0
2017/3/22,19:01:30,80.8,2627,14.99,,1015,0.000,2620,404,0
2017/3/22,19:01:45,83.2,2704,14.99,,1015,0.000,2576,506,0
2017/3/22,19:02:00,85.4,2777,14.99,,1015,0.000,2558,510,0
2017/3/22,19:02:15,79.3,2578,14.99,,1015,0.000,2625,429,0
2017/3/22,19:02:30,82.4,2680,14.99,,1015,0.000,2593,480,0
2017/3/22,19:02:45,80.6,2622,14.99,,1015,0.000,2619,440,0
2017/3/22,19:03:00,82.5,2684,15.0,,1015,0.000,2589,500,0
2017/3/22,19:03:15,81.1,2638,14.99,,1015,0.000,2561,535,0
2017/3/22,19:03:30,83.9,2729,14.99,,1015,0.000,2568,490,0
2017/3/22,19:03:45,83.2,2704,14.99,,1015,0.000,2624,417,0
2017/3/22,19:04:00,83.9,2729,14.99,,1015,0.000,2596,482,0
2017/3/22,19:04:15,82.6,2685,14.99,,1015,0.000,2602,458,0
2017/3/22,19:04:30,82.7,2689,14.99,,1015,0.000,2579,496,0
2017/3/22,19:04:45,77.0,2503,14.99,,1015,0.000,2567,518,0
2017/3/22,19:05:00,81.5,2651,14.99,,1015,0.000,2603,452,0
2017/3/22,19:05:15,83.9,2729,14.99,,1015,0.000,2606,455,0
