TSI CPC DATA VERSION 3
1490347081,2017/3/24,09:18:01
15
1.08,130
Model 3783 Ver 1.27 S/N 3783111302
"Date","Time","Concentration","Count"," Live-Time","Blank","Abs Press"," Analog In","Pulse Height"," Pulse STD","Status Flags"
2017/3/24,09:17:54,4.37e3,141379,14.85,,1024,0.000,2561,498,0
2017/3/24,09:18:10,4.38e3,141533,14.85,,1024,0.000,2581,458,0
2017/3/24,09:18:25,4.38e3,141670,14.85,,1024,0.000,2551,484,0
2017/3/24,09:18:40,4.45e3,143832,14.85,,1024,0.000,2562,450,0
2017/3/24,09:18:55,4.49e3,144928,14.85,,1024,0.000,2569,446,0
2017/3/24,09:19:10,4.44e3,143311,14.85,,1024,0.000,2585,454,0
2017/3/24,09:19:25,4.48e3,144667,14.85,,1024,0.000,2570,434,0
2017/3/24,09:19:40,4.47e3,144385,14.85,,1024,0.000,2572,443,0
2017/3/24,09:19:55,4.32e3,139610,14.85,,1024,0.000,2572,465,0
2017/3/24,09:20:10,4.28e3,138532,14.85,,1024,0.000,2613,416,0
2017/3/24,09:20:25,4.26e3,137804,14.85,,1024,0.000,2564,479,0
2017/3/24,09:20:40,4.23e3,136664,14.85,,1024,0.000,2552,444,0
2017/3/24,09:20:55,4.27e3,138052,14.85,,1024,0.000,2593,437,0
2017/3/24,09:21:10,4.20e3,135689,14.86,,1024,0.000,2598,435,0
2017/3/24,09:21:25,4.26e3,137786,14.85,,1024,0.000,2598,443,0
2017/3/24,09:21:40,4.24e3,137222,14.85,,1024,0.000,2606,428,0
2017/3/24,09:21:55,4.23e3,136682,14.85,,1024,0.000,2606,435,0
2017/3/24,09:22:10,4.19e3,135435,14.85,,1024,0.000,2598,441,0
2017/3/24,09:22:25,4.15e3,134218,14.86,,1024,0.000,2597,440,0
2017/3/24,09:22:40,4.10e3,132491,14.86,,1024,0.000,2591,452,0
2017/3/24,09:22:55,4.08e3,131931,14.86,,1024,0.000,2596,445,0
2017/3/24,09:23:10,4.07e3,131675,14.86,,1024,0.000,2620,419,0
2017/3/24,09:23:25,4.06e3,131456,14.86,,1024,0.000,2617,413,0
2017/3/24,09:23:40,4.28e3,138395,14.85,,1024,0.000,2604,438,0
2017/3/24,09:23:55,5.90e3,189148,14.8,,1024,0.000,2589,428,0
2017/3/24,09:24:10,4.48e3,144642,14.85,,1024,0.000,2603,417,0
2017/3/24,09:24:25,5.32e3,171490,14.82,,1024,0.000,2591,446,0
2017/3/24,09:24:40,3.69e4,1049896,13.95,,1024,0.000,2330,561,0
2017/3/24,09:24:55,3.28e4,975356,14.03,,1024,0.000,2369,489,0
2017/3/24,09:25:10,4.49e4,1319426,13.7,,1024,0.000,2286,499,0
2017/3/24,09:25:25,9.70e4,2436039,12.5,,1024,0.000,2047,546,0
2017/3/24,09:25:40,1.66e5,3796691,10.95,,1024,0.000,1818,521,0
2017/3/24,09:25:55,1.90e5,4049264,10.54,,1024,0.000,1785,499,0
2017/3/24,09:26:10,1.24e5,3132345,11.8,,1024,0.000,1899,493,0
2017/3/24,09:26:25,1.26e5,3164936,11.77,,1024,0.000,1893,495,0
2017/3/24,09:26:40,1.50e5,3514017,11.3,,1024,0.000,1816,522,0
2017/3/24,09:26:55,1.33e5,3285370,11.62,,1024,0.000,1854,484,0
2017/3/24,09:27:10,2.19e5,4584451,9.909,,1024,0.000,1729,533,0
2017/3/24,09:27:25,2.05e5,4458652,10.14,,1024,0.000,1717,501,0
2017/3/24,09:27:40,3.76e5,5826988,7.446,,1024,0.000,1551,538,0
2017/3/24,09:27:55,3.44e5,5556539,7.968,,1024,0.000,1573,556,0
2017/3/24,09:28:10,4.33e5,6113103,6.66,,1024,0.000,1497,567,0
2017/3/24,09:28:25,4.51e5,6125739,6.473,,1024,0.000,1494,589,0
2017/3/24,09:28:40,4.95e5,6171026,5.999,,1024,0.000,1434,572,0
2017/3/24,09:28:55,6.11e5,6169584,4.965,,1024,0.000,1462,601,0
2017/3/24,09:29:10,5.95e5,6233911,5.039,,1024,0.000,1464,625,0
2017/3/24,09:29:25,6.85e5,6163357,4.375,,1024,0.000,1398,576,0
2017/3/24,09:29:40,5.84e5,6209490,5.188,,1024,0.000,1435,590,0
2017/3/24,09:29:55,5.91e5,6245764,5.055,,1024,0.000,1424,572,0
2017/3/24,09:30:10,5.26e5,6305110,5.567,,1024,0.000,1433,578,0
2017/3/24,09:30:25,6.67e5,6207869,4.444,,1024,0.000,1407,576,0
2017/3/24,09:30:40,7.47e5,6099220,3.869,,1024,0.000,1354,581,0
2017/3/24,09:30:55,7.71e5,6064128,3.711,,1024,0.000,1353,610,0
2017/3/24,09:31:10,6.13e5,6279648,4.818,,1024,0.000,1434,621,0
2017/3/24,09:31:25,6.17e5,6286661,4.786,,1024,0.000,1433,599,0
2017/3/24,09:31:40,7.37e5,6099615,3.958,,1024,0.000,1357,572,0
2017/3/24,09:31:55,6.72e5,6218718,4.361,,1024,0.000,1412,603,0
2017/3/24,09:32:10,7.12e5,6127036,4.147,,1024,0.000,1383,573,0
2017/3/24,09:32:25,6.01e5,6312504,4.902,,1024,0.000,1428,590,0
2017/3/24,09:32:40,5.83e5,6290335,5.085,,1024,0.000,1439,588,0
2017/3/24,09:32:55,5.74e5,6302688,5.135,,1024,0.000,1417,571,0
2017/3/24,09:33:10,6.60e5,6244181,4.411,,1024,0.000,1368,583,0
2017/3/24,09:33:25,6.40e5,6257347,4.607,,1024,0.000,1400,604,0
2017/3/24,09:33:40,8.72e5,5881924,3.14,,1024,0.000,1376,634,0
2017/3/24,09:33:55,6.64e5,6257190,4.361,,1024,0.000,1402,605,0
2017/3/24,09:34:10,7.52e5,6102140,3.811,,1024,0.000,1385,633,0
2017/3/24,09:34:25,6.33e5,6279912,4.621,,1024,0.000,1441,603,0
2017/3/24,09:34:40,8.30e5,5944780,3.401,,1024,0.000,1361,612,0
2017/3/24,09:34:55,7.60e5,6076955,3.788,,1024,0.000,1345,600,0
2017/3/24,09:35:10,6.98e5,6184944,4.155,,1024,0.000,1380,614,0
2017/3/24,09:35:25,8.14e5,5985791,3.472,,1024,0.000,1363,601,0
2017/3/24,09:35:40,8.14e5,5992346,3.43,,1024,0.000,1363,623,0
2017/3/24,09:35:55,9.40e5,5740685,2.821,,1024,0.000,1374,620,0
2017/3/24,09:36:10,8.61e5,5892397,3.195,,1024,0.000,1333,612,0
2017/3/24,09:36:25,9.11e5,5803242,2.966,,1024,0.000,1324,595,0
2017/3/24,09:36:40,8.36e5,5898410,3.411,,1024,0.000,1358,618,0
2017/3/24,09:36:55,7.83e5,6052184,3.626,,1024,0.000,1379,616,0
2017/3/24,09:37:10,7.95e5,6021438,3.525,,1024,0.000,1400,627,0
2017/3/24,09:37:25,6.84e5,6215212,4.265,,1024,0.000,1361,576,0
2017/3/24,09:37:40,6.20e5,6284966,4.703,,1024,0.000,1401,615,0
2017/3/24,09:37:55,6.67e5,6232472,4.34,,1024,0.000,1419,611,0
2017/3/24,09:38:10,6.65e5,6231863,4.375,,1024,0.000,1407,612,0
2017/3/24,09:38:25,7.01e5,6186157,4.121,,1024,0.000,1346,600,0
2017/3/24,09:38:40,8.60e5,5885705,3.25,,1024,0.000,1369,617,0
2017/3/24,09:38:55,7.99e5,5994704,3.558,,1024,0.000,1387,610,0
2017/3/24,09:39:10,6.78e5,6218281,4.261,,1024,0.000,1370,595,0
2017/3/24,09:39:25,7.71e5,6056880,3.761,,1024,0.000,1333,599,0
2017/3/24,09:39:40,8.82e5,5849426,3.097,,1024,0.000,1361,589,0
2017/3/24,09:39:55,8.37e5,5937632,3.311,,1024,0.000,1320,629,0
2017/3/24,09:40:10,6.65e5,6240507,4.351,,1024,0.000,1370,626,0
2017/3/24,09:40:25,7.68e5,6074555,3.695,,1024,0.000,1361,589,0
2017/3/24,09:40:40,7.29e5,6150230,3.898,,1024,0.000,1362,605,0
2017/3/24,09:40:55,7.14e5,6158292,4.016,,1024,0.000,1380,623,0
2017/3/24,09:41:10,7.19e5,6173666,3.987,,1024,0.000,1373,605,0
2017/3/24,09:41:25,6.78e5,6233360,4.264,,1024,0.000,1403,588,0
2017/3/24,09:41:40,6.88e5,6207181,4.19,,1024,0.000,1367,625,0
2017/3/24,09:41:55,7.42e5,6118944,3.841,,1024,0.000,1364,607,0
2017/3/24,09:42:10,7.51e5,6112916,3.778,,1024,0.000,1383,634,0
2017/3/24,09:42:25,7.65e5,6094643,3.677,,1024,0.000,1364,596,0
2017/3/24,09:42:40,7.58e5,6104544,3.72,,1024,0.000,1389,596,0
2017/3/24,09:42:55,7.39e5,6118172,3.847,,1024,0.000,1343,601,0
2017/3/24,09:43:10,6.77e5,6224940,4.265,,1024,0.000,1392,621,0
2017/3/24,09:43:25,7.16e5,6170581,3.987,,1024,0.000,1422,633,0
2017/3/24,09:43:40,7.20e5,6162611,3.954,,1024,0.000,1391,600,0
2017/3/24,09:43:55,6.78e5,6228794,4.246,,1024,0.000,1368,606,0
2017/3/24,09:44:10,6.89e5,6210714,4.165,,1024,0.000,1390,633,0
2017/3/24,09:44:25,6.82e5,6239832,4.227,,1024,0.000,1368,611,0
2017/3/24,09:44:40,6.83e5,6226866,4.205,,1024,0.000,1398,589,0
2017/3/24,09:44:55,6.63e5,6259338,4.358,,1024,0.000,1348,601,0
2017/3/24,09:45:10,6.42e5,6275059,4.509,,1024,0.000,1406,570,0
2017/3/24,09:45:25,6.22e5,6305059,4.678,,1024,0.000,1418,594,0
2017/3/24,09:45:40,6.44e5,6277158,4.5,,1024,0.000,1431,601,0
2017/3/24,09:45:55,6.41e5,6279295,4.524,,1024,0.000,1369,603,0
2017/3/24,09:46:10,6.51e5,6266839,4.442,,1024,0.000,1361,587,0
2017/3/24,09:46:25,6.22e5,6307079,4.691,,1024,0.000,1406,626,0
2017/3/24,09:46:40,6.00e5,6318164,4.861,,1024,0.000,1417,612,0
2017/3/24,09:46:55,6.09e5,6309027,4.784,,1024,0.000,1386,611,0
2017/3/24,09:47:10,5.87e5,6325635,4.987,,1024,0.000,1418,598,0
2017/3/24,09:47:25,5.95e5,6314332,4.926,,1024,0.000,1412,606,0
2017/3/24,09:47:40,5.59e5,6330713,5.234,,1024,0.000,1447,577,0
2017/3/24,09:47:55,6.07e5,6308293,4.8,,1024,0.000,1380,595,0
2017/3/24,09:48:10,5.94e5,6332528,4.924,,1024,0.000,1398,590,0
2017/3/24,09:48:25,6.28e5,6296668,4.647,,1024,0.000,1381,587,0
2017/3/24,09:48:40,6.37e5,6287442,4.579,,1024,0.000,1372,615,0
2017/3/24,09:48:55,6.12e5,6310186,4.769,,1024,0.000,1345,573,0
2017/3/24,09:49:10,6.21e5,6304227,4.693,,1024,0.000,1390,590,0
2017/3/24,09:49:25,6.10e5,6319409,4.787,,1024,0.000,1385,566,0
2017/3/24,09:49:40,6.66e5,6267476,4.348,,1024,0.000,1386,620,0
2017/3/24,09:49:55,6.85e5,6235744,4.215,,1024,0.000,1406,605,0
2017/3/24,09:50:10,6.28e5,6297046,4.632,,1024,0.000,1408,612,0
2017/3/24,09:50:25,6.26e5,6292496,4.688,,1024,0.000,1374,596,0
2017/3/24,09:50:40,6.27e5,6304053,4.647,,1024,0.000,1369,604,0
2017/3/24,09:50:55,6.38e5,6291722,4.564,,1024,0.000,1416,629,0
2017/3/24,09:51:10,6.40e5,6287503,4.544,,1024,0.000,1390,585,0
2017/3/24,09:51:25,5.95e5,6333480,4.921,,1024,0.000,1362,554,0
2017/3/24,09:51:40,6.06e5,6327370,4.825,,1024,0.000,1397,599,0
2017/3/24,09:51:55,5.78e5,6337818,5.068,,1024,0.000,1418,601,0
2017/3/24,09:52:10,5.87e5,6332260,4.979,,1024,0.000,1413,583,0
2017/3/24,09:52:25,5.95e5,6330243,4.911,,1024,0.000,1381,585,0
2017/3/24,09:52:40,5.64e5,6305947,5.256,,1024,0.000,1403,588,0
2017/3/24,09:52:55,5.54e5,6348166,5.283,,1024,0.000,1442,622,0
2017/3/24,09:53:10,5.42e5,6337055,5.389,,1024,0.000,1412,579,0
2017/3/24,09:53:25,5.92e5,6324782,4.941,,1024,0.000,1430,601,0
2017/3/24,09:53:40,5.53e5,6332068,5.287,,1024,0.000,1435,603,0
2017/3/24,09:53:55,5.24e5,6330745,5.576,,1024,0.000,1431,618,0
2017/3/24,09:54:10,5.00e5,6308678,5.822,,1024,0.000,1434,574,0
2017/3/24,09:54:25,4.68e5,6272520,6.18,,1024,0.000,1479,556,0
2017/3/24,09:54:40,4.43e5,6213828,6.467,,1024,0.000,1461,583,0
2017/3/24,09:54:55,4.08e5,6110606,6.901,,1024,0.000,1480,549,0
2017/3/24,09:55:10,3.86e5,6021122,7.189,,1024,0.000,1525,563,0
2017/3/24,09:55:25,3.49e5,5833326,7.721,,1024,0.000,1553,587,0
2017/3/24,09:55:40,3.39e5,5776331,7.864,,1024,0.000,1561,567,0
2017/3/24,09:55:55,3.16e5,5624403,8.205,,1024,0.000,1541,551,0
2017/3/24,09:56:10,2.93e5,5446289,8.563,,1024,0.000,1611,572,0
2017/3/24,09:56:25,2.74e5,5278649,8.87,,1024,0.000,1618,524,0
2017/3/24,09:56:40,2.57e5,5115946,9.161,,1024,0.000,1618,576,0
2017/3/24,09:56:55,2.39e5,4912316,9.484,,1024,0.000,1624,563,0
2017/3/24,09:57:10,2.24e5,4745620,9.742,,1024,0.000,1628,549,0
2017/3/24,09:57:25,2.10e5,4566351,10.01,,1024,0.000,1679,545,0
2017/3/24,09:57:40,1.98e5,4408190,10.24,,1024,0.000,1744,541,0
2017/3/24,09:57:55,1.83e5,4189948,10.52,,1024,0.000,1728,560,0
2017/3/24,09:58:10,1.70e5,3995016,10.79,,1024,0.000,1749,562,0
2017/3/24,09:58:25,1.59e5,3804259,11.04,,1024,0.000,1796,531,0
2017/3/24,09:58:40,1.53e5,3709093,11.15,,1024,0.000,1768,537,0
2017/3/24,09:58:55,1.39e5,3458781,11.45,,1024,0.000,1838,535,0
2017/3/24,09:59:10,1.28e5,3252723,11.7,,1024,0.000,1838,527,0
2017/3/24,09:59:25,1.22e5,3150382,11.82,,1024,0.000,1826,522,0
2017/3/24,09:59:40,1.13e5,2967804,12.02,,1024,0.000,1861,535,0
2017/3/24,09:59:55,1.07e5,2830282,12.17,,1024,0.000,1892,516,0
2017/3/24,10:00:10,1.00e5,2684317,12.33,,1024,0.000,1885,526,0
2017/3/24,10:00:25,9.32e4,2527043,12.5,,1024,0.000,1926,517,0
2017/3/24,10:00:40,8.77e4,2403337,12.63,,1024,0.000,1950,534,0
2017/3/24,10:00:55,8.57e4,2356432,12.68,,1024,0.000,1966,529,0
2017/3/24,10:01:10,7.92e4,2205373,12.84,,1024,0.000,1968,537,0
2017/3/24,10:01:25,7.53e4,2113074,12.93,,1024,0.000,1988,535,0
2017/3/24,10:01:40,6.95e4,1970580,13.07,,1024,0.000,2069,534,0
2017/3/24,10:01:55,6.55e4,1871022,13.17,,1024,0.000,2026,537,0
2017/3/24,10:02:10,6.14e4,1767880,13.27,,1024,0.000,2055,555,0
2017/3/24,10:02:25,5.74e4,1664891,13.37,,1024,0.000,2141,521,0
2017/3/24,10:02:40,5.44e4,1588235,13.45,,1024,0.000,2155,531,0
2017/3/24,10:02:55,5.13e4,1506409,13.53,,1024,0.000,2158,548,0
2017/3/24,10:03:10,4.90e4,1444268,13.59,,1024,0.000,2154,545,0
2017/3/24,10:03:25,4.56e4,1352643,13.68,,1024,0.000,2193,528,0
2017/3/24,10:03:40,4.26e4,1271527,13.75,,1024,0.000,2211,531,0
2017/3/24,10:03:55,3.95e4,1186122,13.83,,1024,0.000,2250,545,0
2017/3/24,10:04:10,3.78e4,1139329,13.88,,1024,0.000,2229,561,0
2017/3/24,10:04:25,3.52e4,1066253,13.95,,1024,0.000,2297,517,0
2017/3/24,10:04:40,3.36e4,1020625,13.99,,1024,0.000,2324,501,0
2017/3/24,10:04:55,3.14e4,957357,14.05,,1024,0.000,2327,520,0
2017/3/24,10:05:10,2.96e4,907285,14.1,,1024,0.000,2341,490,0
2017/3/24,10:05:25,2.82e4,867057,14.14,,1024,0.000,2348,507,0
2017/3/24,10:05:40,2.61e4,805080,14.2,,1024,0.000,2376,507,0
2017/3/24,10:05:55,2.49e4,768790,14.23,,1024,0.000,2376,502,0
2017/3/24,10:06:10,2.33e4,723968,14.28,,1024,0.000,2418,498,0
2017/3/24,10:06:25,2.24e4,697359,14.3,,1024,0.000,2384,511,0
2017/3/24,10:06:40,2.08e4,648204,14.35,,1024,0.000,2448,471,0
2017/3/24,10:06:55,1.98e4,617410,14.38,,1024,0.000,2392,526,0
2017/3/24,10:07:10,1.86e4,581760,14.41,,1024,0.000,2464,479,0
2017/3/24,10:07:25,1.72e4,541407,14.45,,1024,0.000,2430,509,0
2017/3/24,10:07:40,1.64e4,515954,14.48,,1024,0.000,2443,498,0
2017/3/24,10:07:55,1.53e4,484421,14.51,,1024,0.000,2482,491,0
2017/3/24,10:08:10,1.46e4,462393,14.53,,1024,0.000,2486,468,0
2017/3/24,10:08:25,1.38e4,437973,14.55,,1024,0.000,2475,493,0
2017/3/24,10:08:40,1.30e4,411834,14.58,,1024,0.000,2490,478,0
2017/3/24,10:08:55,1.22e4,389183,14.6,,1024,0.000,2480,510,0
2017/3/24,10:09:10,1.19e4,378445,14.61,,1024,0.000,2503,466,0
2017/3/24,10:09:25,1.12e4,356728,14.63,,1024,0.000,2506,478,0
2017/3/24,10:09:40,1.04e4,332113,14.66,,1024,0.000,2539,443,0
2017/3/24,10:09:55,9.89e3,315096,14.68,,1024,0.000,2535,458,0
2017/3/24,10:10:10,9.23e3,294459,14.7,,1024,0.000,2539,467,0
2017/3/24,10:10:25,8.75e3,279653,14.71,,1024,0.000,2540,455,0
2017/3/24,10:10:40,8.32e3,266182,14.72,,1024,0.000,2529,462,0
2017/3/24,10:10:55,7.96e3,254659,14.74,,1024,0.000,2543,477,0
2017/3/24,10:11:10,7.36e3,235749,14.75,,1024,0.000,2547,450,0
2017/3/24,10:11:25,6.92e3,221891,14.77,,1024,0.000,2532,447,0
2017/3/24,10:11:40,6.67e3,214167,14.78,,1024,0.000,2580,416,0
2017/3/24,10:11:55,6.16e3,198006,14.79,,1024,0.000,2587,412,0
2017/3/24,10:12:10,5.87e3,188705,14.8,,1023,0.000,2547,468,0
2017/3/24,10:12:25,5.49e3,176919,14.81,,1024,0.000,2552,465,0
2017/3/24,10:12:40,5.22e3,168282,14.82,,1024,0.000,2564,450,0
2017/3/24,10:12:55,4.93e3,158884,14.83,,1024,0.000,2569,469,0
2017/3/24,10:13:10,4.58e3,147773,14.84,,1024,0.000,2597,419,0
2017/3/24,10:13:25,4.31e3,139249,14.85,,1024,0.000,2600,427,0
2017/3/24,10:13:40,4.08e3,131870,14.86,,1024,0.000,2590,447,0
2017/3/24,10:13:55,3.98e3,128776,14.86,,1024,0.000,2562,447,0
2017/3/24,10:14:10,3.68e3,118925,14.87,,1023,0.000,2574,452,0
2017/3/24,10:14:25,3.56e3,115336,14.88,,1024,0.000,2597,427,0
2017/3/24,10:14:40,3.30e3,106888,14.89,,1024,0.000,2580,466,0
2017/3/24,10:14:55,3.11e3,101154,14.89,,1024,0.000,2625,404,0
2017/3/24,10:15:10,2.94e3,95670,14.9,,1024,0.000,2596,429,0
2017/3/24,10:15:25,2.83e3,91969,14.9,,1024,0.000,2625,418,0
2017/3/24,10:15:40,2.73e3,89011,14.9,,1024,0.000,2604,427,0
2017/3/24,10:15:55,2.53e3,82324,14.91,,1024,0.000,2623,424,0
2017/3/24,10:16:10,2.44e3,79355,14.91,,1024,0.000,2626,412,0
2017/3/24,10:16:25,2.31e3,75083,14.92,,1024,0.000,2611,441,0
2017/3/24,10:16:40,2.25e3,73314,14.92,,1024,0.000,2576,476,0
2017/3/24,10:16:55,2.10e3,68292,14.93,,1024,0.000,2614,454,0
2017/3/24,10:17:10,2.03e3,66075,14.93,,1023,0.000,2604,437,0
2017/3/24,10:17:25,1.93e3,62895,14.93,,1023,0.000,2613,451,0
2017/3/24,10:17:40,1.82e3,59168,14.94,,1024,0.000,2611,445,0
2017/3/24,10:17:55,1.77e3,57596,14.94,,1024,0.000,2625,415,0
2017/3/24,10:18:10,1.66e3,53991,14.94,,1023,0.000,2618,433,0
2017/3/24,10:18:25,1.60e3,52011,14.94,,1024,0.000,2595,462,0
2017/3/24,10:18:40,1.54e3,50212,14.95,,1024,0.000,2642,391,0
2017/3/24,10:18:55,1.46e3,47719,14.95,,1023,0.000,2603,421,0
2017/3/24,10:19:10,1.40e3,45531,14.95,,1024,0.000,2628,424,0
2017/3/24,10:19:25,1.34e3,43694,14.95,,1023,0.000,2612,452,0
2017/3/24,10:19:40,1.29e3,41991,14.95,,1024,0.000,2614,422,0
2017/3/24,10:19:55,1.22e3,39772,14.96,,1024,0.000,2626,427,0
2017/3/24,10:20:10,1.17e3,38109,14.96,,1023,0.000,2624,447,0
2017/3/24,10:20:25,1.12e3,36681,14.96,,1023,0.000,2630,422,0
2017/3/24,10:20:40,1.08e3,35383,14.96,,1023,0.000,2601,461,0
2017/3/24,10:20:55,1.05e3,34198,14.96,,1023,0.000,2597,447,0
2017/3/24,10:21:10,1.00e3,32517,14.96,,1023,0.000,2624,422,0
2017/3/24,10:21:25,968,31473,14.97,,1023,0.000,2639,395,0
2017/3/24,10:21:39,921,29943,14.97,,1023,0.000,2630,415,0
2017/3/24,10:21:54,910,29607,14.97,,1023,0.000,2593,463,0
2017/3/24,10:22:09,864,28108,14.97,,1023,0.000,2641,385,0
2017/3/24,10:22:25,830,27001,14.97,,1023,0.000,2609,424,0
2017/3/24,10:22:39,796,25900,14.97,,1023,0.000,2624,438,0
2017/3/24,10:22:54,763,24829,14.97,,1023,0.000,2614,455,0
2017/3/24,10:23:09,721,23439,14.97,,1023,0.000,2622,419,0
2017/3/24,10:23:24,699,22736,14.97,,1023,0.000,2620,433,0
2017/3/24,10:23:39,654,21264,14.98,,1023,0.000,2592,460,0
2017/3/24,10:23:54,632,20557,14.98,,1023,0.000,2629,423,0
2017/3/24,10:24:09,606,19706,14.98,,1023,0.000,2595,462,0
2017/3/24,10:24:24,578,18787,14.98,,1023,0.000,2626,410,0
2017/3/24,10:24:39,552,17971,14.98,,1023,0.000,2634,416,0
2017/3/24,10:24:54,529,17208,14.98,,1023,0.000,2635,407,0
2017/3/24,10:25:09,523,17023,14.98,,1023,0.000,2617,438,0
2017/3/24,10:25:24,485,15777,14.98,,1023,0.000,2603,440,0
2017/3/24,10:25:39,474,15413,14.98,,1023,0.000,2635,422,0
2017/3/24,10:25:54,458,14907,14.98,,1023,0.000,2595,447,0
2017/3/24,10:26:09,444,14443,14.98,,1023,0.000,2602,437,0
2017/3/24,10:26:24,422,13737,14.98,,1023,0.000,2598,434,0
2017/3/24,10:26:39,402,13089,14.98,,1023,0.000,2598,447,0
2017/3/24,10:26:54,394,12805,14.99,,1023,0.000,2609,427,0
2017/3/24,10:27:09,382,12439,14.99,,1023,0.000,2597,460,0
2017/3/24,10:27:24,364,11853,14.99,,1023,0.000,2648,391,0
2017/3/24,10:27:39,349,11350,14.99,,1023,0.000,2624,440,0
2017/3/24,10:27:54,336,10937,14.99,,1023,0.000,2617,456,0
2017/3/24,10:28:09,333,10840,14.99,,1023,0.000,2617,428,0
2017/3/24,10:28:24,324,10549,14.99,,1023,0.000,2598,458,0
2017/3/24,10:28:39,314,10211,14.99,,1023,0.000,2618,413,0
2017/3/24,10:28:54,296,9636,14.99,,1023,0.000,2592,451,0
2017/3/24,10:29:09,291,9474,14.99,,1023,0.000,2629,413,0
2017/3/24,10:29:24,278,9061,14.99,,1023,0.000,2622,438,0
2017/3/24,10:29:39,277,9022,14.99,,1023,0.000,2618,426,0
2017/3/24,10:29:54,255,8303,14.99,,1023,0.000,2631,433,0
2017/3/24,10:30:09,257,8384,14.99,,1023,0.000,2607,457,0
2017/3/24,10:30:24,257,8365,14.99,,1023,0.000,2614,438,0
2017/3/24,10:30:39,254,8274,14.99,,1023,0.000,2608,450,0
2017/3/24,10:30:54,244,7962,14.99,,1023,0.000,2590,462,0
2017/3/24,10:31:09,244,7934,14.99,,1023,0.000,2587,478,0
2017/3/24,10:31:24,237,7728,14.99,,1023,0.000,2613,454,0
2017/3/24,10:31:39,236,7695,14.99,,1023,0.000,2597,471,0
2017/3/24,10:31:54,234,7620,14.99,,1023,0.000,2648,391,0
2017/3/24,10:32:09,229,7445,14.99,,1023,0.000,2619,440,0
2017/3/24,10:32:24,223,7261,14.99,,1023,0.000,2624,458,0
2017/3/24,10:32:39,220,7165,14.99,,1023,0.000,2631,438,0
2017/3/24,10:32:54,217,7059,14.99,,1023,0.000,2572,485,0
2017/3/24,10:33:09,221,7198,14.99,,1023,0.000,2601,461,0
2017/3/24,10:33:24,220,7159,14.99,,1023,0.000,2597,460,0
2017/3/24,10:33:39,204,6635,14.99,,1023,0.000,2587,455,0
2017/3/24,10:33:54,202,6568,14.99,,1023,0.000,2613,447,0
2017/3/24,10:34:09,206,6718,14.99,,1023,0.000,2601,469,0
2017/3/24,10:34:24,205,6670,14.99,,1023,0.000,2617,426,0
2017/3/24,10:34:39,198,6454,14.99,,1023,0.000,2640,421,0
2017/3/24,10:34:54,193,6303,14.99,,1023,0.000,2620,452,0
2017/3/24,10:35:09,199,6475,14.99,,1023,0.000,2624,434,0
2017/3/24,10:35:24,188,6130,14.99,,1023,0.000,2634,416,0
2017/3/24,10:35:39,200,6525,14.99,,1023,0.000,2607,449,0
2017/3/24,10:35:54,196,6391,14.99,,1023,0.000,2597,471,0
2017/3/24,10:36:09,197,6413,14.99,,1023,0.000,2624,401,0
2017/3/24,10:36:24,193,6284,14.99,,1023,0.000,2628,433,0
2017/3/24,10:36:39,191,6238,14.99,,1023,0.000,2620,428,0
2017/3/24,10:36:54,183,5969,14.99,,1023,0.000,2598,465,0
2017/3/24,10:37:09,181,5910,14.99,,1023,0.000,2600,463,0
2017/3/24,10:37:25,178,5808,14.99,,1023,0.000,2612,429,0
2017/3/24,10:37:39,184,6004,14.99,,1023,0.000,2613,421,0
2017/3/24,10:37:54,187,6094,14.99,,1023,0.000,2584,490,0
2017/3/24,10:38:09,189,6165,14.99,,1023,0.000,2631,441,0
2017/3/24,10:38:24,175,5699,14.99,,1023,0.000,2608,435,0
2017/3/24,10:38:39,182,5947,14.99,,1023,0.000,2629,416,0
2017/3/24,10:38:54,171,5569,14.99,,1023,0.000,2604,456,0
2017/3/24,10:39:09,176,5721,14.99,,1023,0.000,2609,457,0
2017/3/24,10:39:24,177,5771,14.99,,1023,0.000,2628,428,0
2017/3/24,10:39:39,172,5594,14.99,,1023,0.000,2532,535,0
2017/3/24,10:39:54,171,5563,14.99,,1023,0.000,2575,478,0
2017/3/24,10:40:09,169,5515,14.99,,1023,0.000,2595,447,0
2017/3/24,10:40:24,176,5739,14.99,,1023,0.000,2611,447,0
2017/3/24,10:40:39,164,5333,14.99,,1023,0.000,2596,466,0
2017/3/24,10:40:54,171,5579,14.99,,1023,0.000,2634,415,0
2017/3/24,10:41:09,178,5807,14.99,,1023,0.000,2622,419,0
2017/3/24,10:41:24,185,6032,14.99,,1023,0.000,2628,428,0
2017/3/24,10:41:39,205,6689,14.99,,1023,0.000,2623,433,0
2017/3/24,10:41:54,207,6729,14.99,,1023,0.000,2620,433,0
2017/3/24,10:42:09,197,6420,14.99,,1023,0.000,2611,433,0
2017/3/24,10:42:24,194,6336,14.99,,1023,0.000,2598,463,0
2017/3/24,10:42:39,201,6541,14.99,,1023,0.000,2657,384,0
2017/3/24,10:42:54,217,7080,14.99,,1023,0.000,2625,421,0
2017/3/24,10:43:09,218,7099,14.99,,1023,0.000,2608,461,0
2017/3/24,10:43:24,223,7254,14.99,,1023,0.000,2602,454,0
2017/3/24,10:43:39,219,7137,14.99,,1023,0.000,2631,412,0
2017/3/24,10:43:54,226,7351,14.99,,1023,0.000,2585,484,0
2017/3/24,10:44:09,233,7585,14.99,,1023,0.000,2623,432,0
2017/3/24,10:44:24,227,7402,14.99,,1023,0.000,2595,466,0
2017/3/24,10:44:39,243,7921,14.99,,1023,0.000,2614,443,0
2017/3/24,10:44:54,259,8447,14.99,,1023,0.000,2618,438,0
2017/3/24,10:45:09,252,8221,14.99,,1023,0.000,2614,432,0
2017/3/24,10:45:24,268,8728,14.99,,1023,0.000,2598,457,0
2017/3/24,10:45:39,257,8384,14.99,,1023,0.000,2565,505,0
2017/3/24,10:45:54,253,8250,14.99,,1023,0.000,2606,462,0
2017/3/24,10:46:09,252,8204,14.99,,1023,0.000,2574,480,0
2017/3/24,10:46:24,270,8792,14.99,,1023,0.000,2584,479,0
2017/3/24,10:46:39,261,8494,14.99,,1023,0.000,2572,507,0
2017/3/24,10:46:54,254,8271,14.99,,1023,0.000,2570,498,0
2017/3/24,10:47:09,247,8046,14.99,,1023,0.000,2623,439,0
2017/3/24,10:47:24,242,7882,14.99,,1023,0.000,2565,478,0
2017/3/24,10:47:39,230,7493,14.99,,1023,0.000,2618,449,0
2017/3/24,10:47:54,221,7211,14.99,,1023,0.000,2575,491,0
2017/3/24,10:48:09,214,6979,14.99,,1023,0.000,2578,467,0
2017/3/24,10:48:24,217,7070,14.99,,1023,0.000,2612,454,0
2017/3/24,10:48:39,208,6762,14.99,,1023,0.000,2618,432,0
2017/3/24,10:48:54,204,6649,14.99,,1023,0.000,2607,440,0
2017/3/24,10:49:09,200,6518,14.99,,1023,0.000,2607,432,0
2017/3/24,10:49:24,192,6245,14.99,,1023,0.000,2613,429,0
2017/3/24,10:49:39,189,6154,14.99,,1023,0.000,2573,507,0
2017/3/24,10:49:54,182,5915,14.99,,1023,0.000,2573,471,0
2017/3/24,10:50:09,183,5954,14.99,,1023,0.000,2617,426,0
2017/3/24,10:50:24,175,5696,14.99,,1023,0.000,2597,474,0
2017/3/24,10:50:39,167,5457,14.99,,1023,0.000,2611,466,0
2017/3/24,10:50:54,169,5510,14.99,,1023,0.000,2602,421,0
2017/3/24,10:51:09,170,5557,14.99,,1023,0.000,2600,445,0
2017/3/24,10:51:24,172,5617,14.99,,1023,0.000,2611,435,0
2017/3/24,10:51:39,170,5526,14.99,,1023,0.000,2570,509,0
2017/3/24,10:51:54,157,5115,14.99,,1023,0.000,2619,421,0
2017/3/24,10:52:09,161,5254,14.99,,1023,0.000,2593,456,0
2017/3/24,10:52:25,156,5078,14.99,,1023,0.000,2613,456,0
2017/3/24,10:52:39,155,5060,14.99,,1023,0.000,2595,449,0
2017/3/24,10:52:54,150,4887,14.99,,1023,0.000,2608,454,0
2017/3/24,10:53:09,146,4757,14.99,,1023,0.000,2614,432,0
2017/3/24,10:53:24,143,4654,14.99,,1023,0.000,2598,468,0
2017/3/24,10:53:39,143,4653,14.99,,1023,0.000,2626,413,0
2017/3/24,10:53:54,138,4504,14.99,,1023,0.000,2600,456,0
2017/3/24,10:54:09,134,4359,14.99,,1023,0.000,2575,511,0
2017/3/24,10:54:24,136,4431,14.99,,1023,0.000,2580,482,0
2017/3/24,10:54:39,131,4285,14.99,,1023,0.000,2625,439,0
2017/3/24,10:54:54,133,4332,14.99,,1023,0.000,2601,455,0
2017/3/24,10:55:09,131,4280,14.99,,1023,0.000,2600,465,0
2017/3/24,10:55:24,127,4148,14.99,,1023,0.000,2565,496,0
2017/3/24,10:55:39,127,4132,14.99,,1023,0.000,2580,476,0
2017/3/24,10:55:54,122,3996,14.99,,1023,0.000,2589,480,0
2017/3/24,10:56:09,125,4066,14.99,,1023,0.000,2597,476,0
2017/3/24,10:56:24,127,4136,14.99,,1023,0.000,2596,468,0
2017/3/24,10:56:39,130,4237,14.99,,1023,0.000,2585,484,0
2017/3/24,10:56:54,127,4147,14.99,,1023,0.000,2590,469,0
2017/3/24,10:57:09,125,4073,14.99,,1023,0.000,2580,499,0
2017/3/24,10:57:24,126,4111,14.99,,1023,0.000,2591,460,0
2017/3/24,10:57:39,127,4158,14.99,,1023,0.000,2589,487,0
2017/3/24,10:57:54,124,4035,14.99,,1023,0.000,2602,461,0
2017/3/24,10:58:09,123,4009,14.99,,1023,0.000,2598,466,0
2017/3/24,10:58:24,118,3840,14.99,,1023,0.000,2596,460,0
2017/3/24,10:58:39,119,3898,14.99,,1023,0.000,2591,490,0
2017/3/24,10:58:54,120,3905,14.99,,1023,0.000,2589,474,0
2017/3/24,10:59:09,114,3718,14.99,,1023,0.000,2568,509,0
2017/3/24,10:59:24,120,3913,14.99,,1023,0.000,2574,502,0
2017/3/24,10:59:39,115,3749,14.99,,1023,0.000,2585,493,0
2017/3/24,10:59:54,111,3617,14.99,,1023,0.000,2591,463,0
2017/3/24,11:00:09,111,3630,14.99,,1023,0.000,2606,435,0
2017/3/24,11:00:24,107,3501,14.99,,1023,0.000,2606,450,0
2017/3/24,11:00:39,111,3633,14.99,,1023,0.000,2557,520,0
2017/3/24,11:00:54,107,3486,14.99,,1023,0.000,2591,465,0
2017/3/24,11:01:09,103,3375,14.99,,1023,0.000,2567,517,0
2017/3/24,11:01:24,108,3514,14.99,,1023,0.000,2585,462,0
2017/3/24,11:01:39,110,3596,14.99,,1023,0.000,2565,513,0
2017/3/24,11:01:54,106,3446,14.99,,1023,0.000,2597,462,0
2017/3/24,11:02:09,106,3462,14.99,,1023,0.000,2597,468,0
2017/3/24,11:02:24,110,3601,14.99,,1023,0.000,2579,472,0
2017/3/24,11:02:39,104,3392,14.99,,1023,0.000,2573,480,0
2017/3/24,11:02:54,103,3350,14.99,,1023,0.000,2587,479,0
2017/3/24,11:03:09,103,3363,14.99,,1023,0.000,2565,513,0
2017/3/24,11:03:24,104,3411,14.99,,1023,0.000,2579,495,0
2017/3/24,11:03:39,102,3346,14.99,,1023,0.000,2568,509,0
2017/3/24,11:03:54,109,3543,14.99,,1023,0.000,2589,511,0
2017/3/24,11:04:09,103,3351,14.99,,1023,0.000,2598,467,0
2017/3/24,11:04:24,103,3361,14.99,,1023,0.000,2592,471,0
2017/3/24,11:04:39,98.0,3188,14.99,,1023,0.000,2539,545,0
2017/3/24,11:04:55,101,3310,14.99,,1023,0.000,2584,491,0
2017/3/24,11:05:09,100,3250,14.99,,1023,0.000,2579,502,0
2017/3/24,11:05:24,103,3360,14.99,,1023,0.000,2583,484,0
2017/3/24,11:05:39,100,3275,14.99,,1023,0.000,2569,515,0
2017/3/24,11:05:54,102,3327,14.99,,1023,0.000,2601,457,0
2017/3/24,11:06:09,101,3301,14.99,,1023,0.000,2583,489,0
2017/3/24,11:06:24,98.7,3209,14.99,,1023,0.000,2590,493,0
2017/3/24,11:06:40,97.4,3168,14.99,,1023,0.000,2591,482,0
2017/3/24,11:06:55,98.7,3209,14.99,,1023,0.000,2563,515,0
2017/3/24,11:07:10,97.6,3172,14.99,,1023,0.000,2574,499,0
2017/3/24,11:07:25,98.6,3206,14.99,,1023,0.000,2553,511,0
2017/3/24,11:07:40,103,3351,14.99,,1023,0.000,2575,504,0
2017/3/24,11:07:54,98.9,3217,14.99,,1023,0.000,2579,500,0
2017/3/24,11:08:10,140,4579,14.99,,1023,0.000,2586,483,0
