TSI CPC DATA VERSION 3
1489588459,2017/3/15,14:34:19
15
1.08,130
Model 3783 Ver 1.27 S/N 3783111302
"Date","Time","Concentration","Count"," Live-Time","Blank","Abs Press"," Analog In","Pulse Height"," Pulse STD","Status Flags"
2017/3/15,14:34:20,1.87e3,39009,9.54,,990,0.000,2558,457,0
2017/3/15,14:34:30,1.88e3,61171,14.93,,990,0.000,2580,443,0
2017/3/15,14:34:45,1.82e3,59423,14.93,,990,0.000,2573,446,0
2017/3/15,14:35:00,1.80e3,58515,14.94,,990,0.000,2573,430,0
2017/3/15,14:35:15,1.75e3,57194,14.94,,990,0.000,2570,451,0
2017/3/15,14:35:30,1.76e3,57367,14.94,,990,0.000,2598,435,0
2017/3/15,14:35:45,1.74e3,56765,14.94,,990,0.000,2590,443,0
2017/3/15,14:36:00,1.74e3,56841,14.94,,990,0.000,2603,405,0
2017/3/15,14:36:15,1.73e3,56485,14.94,,990,0.000,2591,444,0
2017/3/15,14:36:30,1.70e3,55324,14.94,,990,0.000,2568,462,0
2017/3/15,14:36:45,1.68e3,54887,14.94,,990,0.000,2575,437,0
2017/3/15,14:37:00,1.69e3,55007,14.94,,990,0.000,2591,426,0
2017/3/15,14:37:15,1.67e3,54306,14.94,,990,0.000,2548,474,0
2017/3/15,14:37:30,1.67e3,54598,14.94,,990,0.000,2589,427,0
2017/3/15,14:37:45,1.64e3,53482,14.94,,990,0.000,2580,437,0
2017/3/15,14:38:00,1.64e3,53588,14.94,,990,0.000,2579,435,0
2017/3/15,14:38:15,1.64e3,53526,14.94,,990,0.000,2553,451,0
2017/3/15,14:38:30,1.63e3,53182,14.94,,990,0.000,2596,434,0
2017/3/15,14:38:45,1.59e3,51987,14.94,,990,0.000,2597,402,0
2017/3/15,14:39:00,1.62e3,52651,14.94,,990,0.000,2570,456,0
2017/3/15,14:39:15,1.60e3,52082,14.94,,990,0.000,2587,445,0
2017/3/15,14:39:30,1.61e3,52602,14.94,,990,0.000,2548,461,0
2017/3/15,14:39:45,1.60e3,52237,14.94,,990,0.000,2552,460,0
2017/3/15,14:40:00,1.57e3,51219,14.94,,990,0.000,2545,462,0
2017/3/15,14:40:15,1.54e3,50120,14.94,,990,0.000,2589,430,0
2017/3/15,14:40:30,1.97e3,64140,14.93,,990,0.000,2596,406,0
2017/3/15,14:40:45,6.84e3,219132,14.77,,990,0.000,2518,452,0
2017/3/15,14:41:00,1.55e4,487962,14.51,,990,0.000,2440,439,0
2017/3/15,14:41:15,9.27e3,295021,14.7,,990,0.000,2519,404,0
2017/3/15,14:41:30,8.83e3,281864,14.71,,990,0.000,2530,385,0
2017/3/15,14:41:45,1.07e4,341634,14.65,,990,0.000,2509,378,0
2017/3/15,14:42:00,1.06e4,337175,14.66,,990,0.000,2524,373,0
2017/3/15,14:42:15,1.45e4,457605,14.54,,990,0.000,2440,407,0
2017/3/15,14:42:30,1.73e4,542233,14.46,,990,0.000,2452,372,0
2017/3/15,14:42:45,1.95e4,610372,14.39,,990,0.000,2421,375,0
2017/3/15,14:43:00,7.11e4,1949361,13.08,,990,0.000,2060,434,0
2017/3/15,14:43:15,8.30e4,2288410,12.76,,990,0.000,1939,416,0
2017/3/15,14:43:30,6.19e4,1780441,13.28,,990,0.000,2004,399,0
2017/3/15,14:43:45,6.60e4,1885408,13.18,,990,0.000,1999,378,0
2017/3/15,14:44:00,6.25e4,1792505,13.26,,990,0.000,2010,399,0
2017/3/15,14:44:15,6.75e4,1906303,13.14,,990,0.000,1992,408,0
2017/3/15,14:44:30,8.34e4,2291322,12.76,,990,0.000,1928,405,0
2017/3/15,14:44:45,8.11e4,2242500,12.8,,990,0.000,1918,396,0
2017/3/15,14:45:00,8.45e4,2293021,12.73,,990,0.000,1915,404,0
2017/3/15,14:45:15,8.36e4,2298714,12.74,,990,0.000,1927,401,0
2017/3/15,14:45:30,8.82e4,2404909,12.63,,990,0.000,1925,413,0
2017/3/15,14:45:45,9.17e4,2492505,12.54,,990,0.000,1862,411,0
2017/3/15,14:46:00,8.49e4,2333601,12.7,,990,0.000,1900,428,0
2017/3/15,14:46:15,8.11e4,2243798,12.79,,990,0.000,1942,401,0
2017/3/15,14:46:30,8.43e4,2322629,12.71,,990,0.000,1893,424,0
2017/3/15,14:46:45,8.47e4,2331576,12.7,,990,0.000,1884,418,0
2017/3/15,14:47:00,9.13e4,2480090,12.54,,990,0.000,1890,412,0
2017/3/15,14:47:15,8.74e4,2394238,12.63,,990,0.000,1870,422,0
2017/3/15,14:47:30,8.82e4,2410759,12.61,,990,0.000,1884,421,0
2017/3/15,14:47:45,8.27e4,2284009,12.74,,990,0.000,1916,412,0
2017/3/15,14:48:00,8.65e4,2370543,12.64,,990,0.000,1870,396,0
2017/3/15,14:48:15,8.55e4,2347970,12.67,,990,0.000,1904,415,0
2017/3/15,14:48:30,8.81e4,2405801,12.6,,990,0.000,1871,411,0
2017/3/15,14:48:45,9.35e4,2525558,12.47,,990,0.000,1865,426,0
2017/3/15,14:49:00,8.95e4,2437136,12.56,,990,0.000,1860,417,0
2017/3/15,14:49:15,9.37e4,2526855,12.47,,990,0.000,1850,430,0
2017/3/15,14:49:30,9.62e4,2586203,12.39,,990,0.000,1839,418,0
2017/3/15,14:49:45,9.38e4,2532339,12.45,,990,0.000,1826,429,0
2017/3/15,14:50:00,9.56e4,2572024,12.4,,990,0.000,1856,424,0
2017/3/15,14:50:15,9.23e4,2498812,12.48,,990,0.000,1861,421,0
2017/3/15,14:50:30,9.03e4,2453554,12.53,,990,0.000,1846,415,0
2017/3/15,14:50:45,8.86e4,2413281,12.56,,990,0.000,1862,427,0
2017/3/15,14:51:00,8.69e4,2375408,12.6,,990,0.000,1861,433,0
2017/3/15,14:51:15,8.48e4,2327886,12.65,,990,0.000,1842,424,0
2017/3/15,14:51:30,8.76e4,2389858,12.58,,990,0.000,1883,439,0
2017/3/15,14:51:45,8.53e4,2337057,12.64,,990,0.000,1845,441,0
2017/3/15,14:52:00,8.08e4,2234130,12.74,,990,0.000,1888,417,0
2017/3/15,14:52:15,7.83e4,2174490,12.81,,990,0.000,1875,443,0
2017/3/15,14:52:30,8.11e4,2239119,12.74,,990,0.000,1835,439,0
2017/3/15,14:52:45,7.94e4,2199322,12.78,,990,0.000,1861,447,0
2017/3/15,14:53:00,7.74e4,2153960,12.83,,990,0.000,1850,449,0
2017/3/15,14:53:15,7.84e4,2176974,12.8,,990,0.000,1871,423,0
2017/3/15,14:53:30,7.82e4,2172757,12.81,,990,0.000,1871,438,0
2017/3/15,14:53:45,8.07e4,2230226,12.75,,990,0.000,1849,421,0
2017/3/15,14:54:00,8.09e4,2235815,12.74,,990,0.000,1868,439,0
2017/3/15,14:54:15,8.12e4,2243100,12.74,,990,0.000,1834,428,0
2017/3/15,14:54:30,8.15e4,2251451,12.73,,990,0.000,1872,426,0
2017/3/15,14:54:45,8.49e4,2329893,12.65,,990,0.000,1848,439,0
2017/3/15,14:55:00,8.49e4,2329015,12.65,,990,0.000,1884,445,0
2017/3/15,14:55:15,8.74e4,2387836,12.59,,990,0.000,1853,439,0
2017/3/15,14:55:30,9.03e4,2452764,12.53,,990,0.000,1838,443,0
2017/3/15,14:55:45,9.16e4,2481673,12.49,,990,0.000,1834,446,0
2017/3/15,14:56:00,9.34e4,2522117,12.45,,990,0.000,1824,444,0
2017/3/15,14:56:15,9.60e4,2578674,12.39,,990,0.000,1846,421,0
2017/3/15,14:56:30,9.88e4,2640459,12.33,,990,0.000,1809,422,0
2017/3/15,14:56:45,1.00e5,2679362,12.28,,990,0.000,1806,449,0
2017/3/15,14:57:00,1.04e5,2770682,12.18,,990,0.000,1821,438,0
2017/3/15,14:57:15,1.04e5,2768163,12.19,,990,0.000,1837,447,0
2017/3/15,14:57:30,1.05e5,2790963,12.17,,990,0.000,1802,435,0
2017/3/15,14:57:45,1.10e5,2887185,12.05,,990,0.000,1798,449,0
2017/3/15,14:58:00,1.13e5,2945661,11.99,,990,0.000,1779,447,0
2017/3/15,14:58:15,1.12e5,2936235,12.0,,990,0.000,1796,478,0
2017/3/15,14:58:30,1.16e5,3016312,11.91,,990,0.000,1810,462,0
2017/3/15,14:58:45,1.18e5,3050374,11.88,,990,0.000,1799,456,0
2017/3/15,14:59:00,1.21e5,3104833,11.82,,990,0.000,1788,461,0
2017/3/15,14:59:15,1.24e5,3167120,11.74,,990,0.000,1767,457,0
2017/3/15,14:59:30,1.22e5,3135733,11.78,,990,0.000,1800,477,0
2017/3/15,14:59:45,1.26e5,3210303,11.69,,990,0.000,1798,454,0
2017/3/15,15:00:00,1.29e5,3272649,11.62,,990,0.000,1750,456,0
2017/3/15,15:00:15,1.34e5,3363922,11.51,,990,0.000,1770,466,0
2017/3/15,15:00:30,1.35e5,3372947,11.51,,990,0.000,1772,472,0
2017/3/15,15:00:45,1.40e5,3464690,11.39,,990,0.000,1726,456,0
2017/3/15,15:01:00,1.38e5,3433335,11.44,,990,0.000,1721,468,0
2017/3/15,15:01:15,1.41e5,3490905,11.36,,990,0.000,1715,476,0
2017/3/15,15:01:30,1.56e5,3736648,11.06,,990,0.000,1717,474,0
2017/3/15,15:01:45,1.47e5,3588864,11.24,,990,0.000,1748,477,0
2017/3/15,15:02:00,1.47e5,3600241,11.23,,990,0.000,1743,469,0
2017/3/15,15:02:15,1.44e5,3537804,11.3,,990,0.000,1721,489,0
2017/3/15,15:02:30,1.44e5,3547318,11.29,,990,0.000,1735,472,0
2017/3/15,15:02:45,1.54e5,3709259,11.09,,990,0.000,1746,471,0
2017/3/15,15:03:00,1.58e5,3773239,11.01,,990,0.000,1699,499,0
2017/3/15,15:03:15,1.54e5,3712738,11.09,,990,0.000,1723,473,0
2017/3/15,15:03:30,1.51e5,3664842,11.15,,990,0.000,1724,482,0
2017/3/15,15:03:45,1.63e5,3864149,10.89,,990,0.000,1718,484,0
2017/3/15,15:04:00,1.50e5,3636296,11.18,,990,0.000,1727,500,0
2017/3/15,15:04:15,1.48e5,3611057,11.22,,990,0.000,1729,489,0
2017/3/15,15:04:30,1.51e5,3669866,11.14,,990,0.000,1699,476,0
2017/3/15,15:04:45,1.53e5,3698076,11.11,,990,0.000,1751,480,0
2017/3/15,15:05:00,1.61e5,3828490,10.94,,990,0.000,1684,469,0
2017/3/15,15:05:15,1.53e5,3688075,11.12,,990,0.000,1761,484,0
2017/3/15,15:05:30,1.60e5,3804521,10.98,,990,0.000,1726,477,0
2017/3/15,15:05:45,1.59e5,3796504,10.98,,990,0.000,1718,498,0
2017/3/15,15:06:00,1.52e5,3675620,11.14,,990,0.000,1727,491,0
2017/3/15,15:06:15,1.46e5,3575242,11.27,,990,0.000,1721,512,0
2017/3/15,15:06:30,1.63e5,3862115,10.9,,990,0.000,1688,482,0
2017/3/15,15:06:45,1.80e5,4124833,10.55,,990,0.000,1663,501,0
2017/3/15,15:07:00,1.59e5,3802877,10.97,,990,0.000,1723,485,0
2017/3/15,15:07:15,1.58e5,3784089,10.99,,990,0.000,1695,504,0
2017/3/15,15:07:30,1.59e5,3793591,10.99,,990,0.000,1715,473,0
2017/3/15,15:07:45,1.76e5,4064644,10.63,,990,0.000,1693,501,0
2017/3/15,15:08:00,1.77e5,4083976,10.6,,990,0.000,1699,484,0
2017/3/15,15:08:15,1.67e5,3916807,10.82,,990,0.000,1705,498,0
2017/3/15,15:08:30,1.63e5,3863103,10.9,,990,0.000,1740,502,0
2017/3/15,15:08:45,1.70e5,3966056,10.76,,990,0.000,1679,494,0
2017/3/15,15:09:00,1.75e5,4053926,10.65,,990,0.000,1705,490,0
2017/3/15,15:09:15,1.67e5,3921472,10.82,,990,0.000,1676,496,0
2017/3/15,15:09:30,1.55e5,3737327,11.06,,990,0.000,1735,498,0
2017/3/15,15:09:45,1.52e5,3680435,11.13,,990,0.000,1718,484,0
2017/3/15,15:10:00,1.61e5,3826870,10.95,,990,0.000,1693,511,0
2017/3/15,15:10:15,1.58e5,3783402,11.0,,990,0.000,1770,474,0
2017/3/15,15:10:30,1.56e5,3753442,11.04,,990,0.000,1732,478,0
2017/3/15,15:10:45,1.48e5,3606532,11.23,,990,0.000,1715,482,0
2017/3/15,15:11:00,1.41e5,3487056,11.37,,990,0.000,1734,504,0
2017/3/15,15:11:15,1.36e5,3392001,11.49,,990,0.000,1741,485,0
2017/3/15,15:11:30,1.28e5,3254883,11.65,,990,0.000,1820,489,0
2017/3/15,15:11:45,1.22e5,3131776,11.8,,990,0.000,1791,455,0
2017/3/15,15:12:00,1.18e5,3055622,11.89,,990,0.000,1765,451,0
2017/3/15,15:12:15,1.07e5,2834826,12.14,,990,0.000,1791,484,0
2017/3/15,15:12:30,1.02e5,2727935,12.26,,990,0.000,1822,473,0
2017/3/15,15:12:45,9.70e4,2605655,12.39,,990,0.000,1829,454,0
2017/3/15,15:13:00,8.93e4,2436188,12.58,,990,0.000,1882,458,0
2017/3/15,15:13:15,8.44e4,2324239,12.7,,990,0.000,1875,452,0
2017/3/15,15:13:30,7.94e4,2207230,12.82,,990,0.000,1904,458,0
2017/3/15,15:13:45,7.50e4,2102672,12.93,,990,0.000,1910,472,0
2017/3/15,15:14:00,6.97e4,1975086,13.06,,990,0.000,1932,477,0
2017/3/15,15:14:15,6.55e4,1869807,13.16,,990,0.000,1950,457,0
2017/3/15,15:14:30,6.08e4,1751040,13.28,,990,0.000,2027,450,0
2017/3/15,15:14:45,5.68e4,1648336,13.38,,990,0.000,2012,455,0
2017/3/15,15:15:00,5.36e4,1565451,13.47,,990,0.000,2075,457,0
2017/3/15,15:15:15,5.07e4,1489087,13.54,,990,0.000,2071,472,0
2017/3/15,15:15:30,4.48e4,1331420,13.69,,990,0.000,2127,446,0
2017/3/15,15:15:45,4.01e4,1203145,13.82,,990,0.000,2182,458,0
2017/3/15,15:16:00,3.56e4,1078530,13.94,,990,0.000,2208,472,0
2017/3/15,15:16:15,3.18e4,969062,14.04,,990,0.000,2237,473,0
2017/3/15,15:16:30,2.89e4,886212,14.12,,990,0.000,2244,489,0
2017/3/15,15:16:45,2.58e4,797623,14.21,,990,0.000,2299,438,0
2017/3/15,15:17:00,2.32e4,718899,14.28,,990,0.000,2320,445,0
2017/3/15,15:17:15,2.10e4,654956,14.34,,990,0.000,2355,469,0
2017/3/15,15:17:30,1.89e4,592551,14.41,,990,0.000,2380,440,0
2017/3/15,15:17:45,1.68e4,528554,14.47,,990,0.000,2410,433,0
2017/3/15,15:18:00,1.51e4,477381,14.52,,990,0.000,2410,461,0
2017/3/15,15:18:15,1.34e4,424376,14.57,,990,0.000,2445,439,0
2017/3/15,15:18:30,1.21e4,384118,14.61,,990,0.000,2446,424,0
2017/3/15,15:18:45,1.09e4,347900,14.64,,990,0.000,2430,438,0
2017/3/15,15:19:00,9.72e3,309748,14.68,,990,0.000,2465,437,0
2017/3/15,15:19:15,8.86e3,283086,14.71,,990,0.000,2478,447,0
2017/3/15,15:19:30,7.95e3,254304,14.74,,990,0.000,2484,441,0
2017/3/15,15:19:45,7.29e3,233758,14.76,,990,0.000,2520,418,0
2017/3/15,15:20:00,6.59e3,211524,14.78,,990,0.000,2486,469,0
2017/3/15,15:20:15,5.96e3,191743,14.8,,990,0.000,2502,429,0
2017/3/15,15:20:30,5.35e3,172465,14.82,,990,0.000,2502,440,0
2017/3/15,15:20:45,4.86e3,156765,14.83,,990,0.000,2552,404,0
2017/3/15,15:21:00,4.43e3,143038,14.85,,990,0.000,2539,397,0
2017/3/15,15:21:15,4.05e3,130930,14.86,,990,0.000,2545,417,0
2017/3/15,15:21:30,3.73e3,120711,14.87,,990,0.000,2558,411,0
2017/3/15,15:21:45,3.49e3,112923,14.88,,990,0.000,2551,419,0
2017/3/15,15:22:00,3.29e3,106553,14.89,,990,0.000,2563,406,0
2017/3/15,15:22:15,3.09e3,100453,14.89,,990,0.000,2547,421,0
2017/3/15,15:22:30,2.88e3,93717,14.9,,990,0.000,2558,408,0
2017/3/15,15:22:45,2.61e3,85104,14.91,,990,0.000,2546,430,0
2017/3/15,15:23:00,2.44e3,79330,14.91,,990,0.000,2554,417,0
2017/3/15,15:23:15,2.28e3,74413,14.92,,990,0.000,2551,424,0
2017/3/15,15:23:30,2.14e3,69598,14.92,,990,0.000,2550,412,0
2017/3/15,15:23:45,2.03e3,66208,14.93,,990,0.000,2573,404,0
2017/3/15,15:24:00,1.89e3,61433,14.93,,990,0.000,2584,382,0
2017/3/15,15:24:15,1.78e3,57951,14.94,,990,0.000,2576,429,0
2017/3/15,15:24:30,1.66e3,54253,14.94,,990,0.000,2596,383,0
2017/3/15,15:24:45,1.56e3,50715,14.94,,990,0.000,2559,410,0
2017/3/15,15:25:00,1.46e3,47704,14.95,,990,0.000,2562,427,0
2017/3/15,15:25:15,1.40e3,45671,14.95,,990,0.000,2541,452,0
2017/3/15,15:25:30,1.31e3,42875,14.95,,990,0.000,2554,418,0
2017/3/15,15:25:45,1.24e3,40362,14.96,,990,0.000,2563,423,0
2017/3/15,15:26:00,1.19e3,38957,14.96,,990,0.000,2552,450,0
2017/3/15,15:26:15,1.13e3,36991,14.96,,990,0.000,2563,438,0
2017/3/15,15:26:30,1.06e3,34479,14.96,,990,0.000,2568,413,0
2017/3/15,15:26:45,1.01e3,32975,14.96,,990,0.000,2575,428,0
2017/3/15,15:27:00,961,31263,14.97,,990,0.000,2565,421,0
2017/3/15,15:27:15,901,29309,14.97,,990,0.000,2557,444,0
2017/3/15,15:27:30,872,28345,14.97,,990,0.000,2583,389,0
2017/3/15,15:27:45,800,26022,14.97,,990,0.000,2569,439,0
2017/3/15,15:28:00,772,25098,14.97,,990,0.000,2556,427,0
2017/3/15,15:28:15,720,23421,14.97,,990,0.000,2565,415,0
2017/3/15,15:28:30,695,22609,14.97,,990,0.000,2580,395,0
2017/3/15,15:28:45,659,21438,14.98,,990,0.000,2589,423,0
2017/3/15,15:29:00,638,20751,14.98,,990,0.000,2575,415,0
2017/3/15,15:29:15,593,19300,14.98,,990,0.000,2575,413,0
2017/3/15,15:29:30,588,19119,14.98,,990,0.000,2561,446,0
2017/3/15,15:29:45,550,17877,14.98,,990,0.000,2583,427,0
2017/3/15,15:30:00,540,17559,14.98,,990,0.000,2550,443,0
2017/3/15,15:30:15,505,16415,14.98,,990,0.000,2559,438,0
2017/3/15,15:30:30,486,15800,14.98,,990,0.000,2579,405,0
2017/3/15,15:30:45,481,15645,14.98,,990,0.000,2587,422,0
2017/3/15,15:31:00,448,14587,14.98,,990,0.000,2570,428,0
2017/3/15,15:31:15,436,14172,14.98,,990,0.000,2590,424,0
2017/3/15,15:31:30,408,13288,14.98,,990,0.000,2597,408,0
2017/3/15,15:31:45,403,13110,14.98,,990,0.000,2585,417,0
2017/3/15,15:32:00,389,12662,14.99,,990,0.000,2583,411,0
2017/3/15,15:32:15,373,12140,14.99,,990,0.000,2581,410,0
2017/3/15,15:32:30,354,11514,14.99,,990,0.000,2592,408,0
2017/3/15,15:32:45,348,11312,14.99,,990,0.000,2543,451,0
2017/3/15,15:33:00,339,11031,14.99,,990,0.000,2585,427,0
2017/3/15,15:33:15,322,10466,14.99,,990,0.000,2581,418,0
2017/3/15,15:33:30,310,10098,14.99,,990,0.000,2561,441,0
2017/3/15,15:33:45,303,9862,14.99,,990,0.000,2586,427,0
2017/3/15,15:34:00,298,9691,14.99,,990,0.000,2576,424,0
2017/3/15,15:34:15,290,9436,14.99,,990,0.000,2608,379,0
2017/3/15,15:34:30,285,9294,14.99,,990,0.000,2557,435,0
2017/3/15,15:34:45,274,8906,14.99,,990,0.000,2590,404,0
2017/3/15,15:35:00,262,8532,14.99,,990,0.000,2601,399,0
2017/3/15,15:35:15,258,8390,14.99,,990,0.000,2586,413,0
2017/3/15,15:35:30,255,8305,14.99,,990,0.000,2542,446,0
2017/3/15,15:35:45,250,8156,14.99,,990,0.000,2576,426,0
2017/3/15,15:36:00,249,8124,14.99,,990,0.000,2615,385,0
2017/3/15,15:36:15,240,7813,14.99,,990,0.000,2584,415,0
2017/3/15,15:36:30,232,7549,14.99,,990,0.000,2565,454,0
2017/3/15,15:36:45,219,7143,14.99,,990,0.000,2591,396,0
2017/3/15,15:37:00,217,7053,14.99,,990,0.000,2584,426,0
2017/3/15,15:37:15,209,6801,14.99,,990,0.000,2591,402,0
2017/3/15,15:37:30,202,6587,14.99,,990,0.000,2583,421,0
2017/3/15,15:37:45,197,6420,14.99,,990,0.000,2567,434,0
2017/3/15,15:38:00,193,6300,14.99,,990,0.000,2575,433,0
2017/3/15,15:38:15,194,6319,14.99,,990,0.000,2561,462,0
2017/3/15,15:38:30,192,6247,14.99,,990,0.000,2600,397,0
2017/3/15,15:38:45,186,6074,14.99,,990,0.000,2581,432,0
2017/3/15,15:39:00,188,6116,14.99,,990,0.000,2609,395,0
2017/3/15,15:39:15,179,5820,14.99,,990,0.000,2597,393,0
2017/3/15,15:39:30,179,5818,14.99,,990,0.000,2575,407,0
2017/3/15,15:39:45,175,5705,14.99,,990,0.000,2575,416,0
2017/3/15,15:40:00,173,5650,14.99,,990,0.000,2608,375,0
2017/3/15,15:40:15,173,5632,14.99,,990,0.000,2563,434,0
2017/3/15,15:40:30,171,5582,14.99,,990,0.000,2587,422,0
2017/3/15,15:40:45,180,5874,14.99,,990,0.000,2583,406,0
2017/3/15,15:41:00,216,7030,14.99,,990,0.000,2597,421,0
2017/3/15,15:41:15,231,7509,14.99,,990,0.000,2569,435,0
2017/3/15,15:41:30,268,8730,14.99,,990,0.000,2593,410,0
2017/3/15,15:41:45,299,9720,14.99,,990,0.000,2569,424,0
2017/3/15,15:42:00,379,12342,14.99,,990,0.000,2592,408,0
2017/3/15,15:42:15,391,12715,14.99,,990,0.000,2575,434,0
2017/3/15,15:42:30,401,13039,14.98,,990,0.000,2585,417,0
2017/3/15,15:42:45,439,14291,14.98,,990,0.000,2552,451,0
2017/3/15,15:43:00,442,14368,14.98,,990,0.000,2558,443,0
2017/3/15,15:43:15,467,15205,14.98,,990,0.000,2554,460,0
2017/3/15,15:43:30,476,15502,14.98,,990,0.000,2565,430,0
2017/3/15,15:43:45,469,15243,14.98,,990,0.000,2589,424,0
2017/3/15,15:44:00,480,15613,14.98,,990,0.000,2565,427,0
2017/3/15,15:44:15,481,15648,14.98,,990,0.000,2554,462,0
2017/3/15,15:44:30,507,16505,14.98,,990,0.000,2559,455,0
2017/3/15,15:44:45,486,15818,14.98,,990,0.000,2568,441,0
2017/3/15,15:45:00,510,16604,14.98,,990,0.000,2558,466,0
2017/3/15,15:45:15,495,16089,14.98,,990,0.000,2583,429,0
2017/3/15,15:45:30,496,16140,14.98,,990,0.000,2562,440,0
2017/3/15,15:45:45,483,15706,14.98,,990,0.000,2550,441,0
2017/3/15,15:46:00,465,15140,14.98,,990,0.000,2565,430,0
2017/3/15,15:46:15,483,15713,14.98,,990,0.000,2568,421,0
2017/3/15,15:46:30,478,15559,14.98,,990,0.000,2540,460,0
2017/3/15,15:46:45,498,16217,14.98,,990,0.000,2514,482,0
2017/3/15,15:47:00,530,17248,14.98,,990,0.000,2539,469,0
2017/3/15,15:47:15,558,18156,14.98,,990,0.000,2572,423,0
2017/3/15,15:47:30,532,17310,14.98,,990,0.000,2520,474,0
2017/3/15,15:47:45,520,16921,14.98,,990,0.000,2554,446,0
2017/3/15,15:48:00,524,17041,14.98,,990,0.000,2535,473,0
2017/3/15,15:48:15,534,17362,14.98,,990,0.000,2553,438,0
2017/3/15,15:48:30,524,17031,14.98,,990,0.000,2530,477,0
2017/3/15,15:48:45,516,16798,14.98,,990,0.000,2530,496,0
2017/3/15,15:49:00,505,16422,14.98,,990,0.000,2551,439,0
2017/3/15,15:49:15,484,15760,14.98,,990,0.000,2563,429,0
2017/3/15,15:49:30,467,15196,14.98,,990,0.000,2536,456,0
2017/3/15,15:49:45,442,14369,14.98,,990,0.000,2506,495,0
2017/3/15,15:50:00,414,13464,14.98,,990,0.000,2523,450,0
2017/3/15,15:50:15,398,12944,14.98,,990,0.000,2534,468,0
2017/3/15,15:50:30,385,12544,14.99,,990,0.000,2540,476,0
2017/3/15,15:50:45,361,11748,14.99,,990,0.000,2508,483,0
2017/3/15,15:51:00,347,11281,14.99,,990,0.000,2519,510,0
2017/3/15,15:51:15,330,10728,14.99,,990,0.000,2530,496,0
2017/3/15,15:51:30,317,10314,14.99,,990,0.000,2545,455,0
2017/3/15,15:51:45,298,9716,14.99,,990,0.000,2547,449,0
2017/3/15,15:52:00,285,9284,14.99,,990,0.000,2572,434,0
2017/3/15,15:52:15,281,9140,14.99,,990,0.000,2539,437,0
2017/3/15,15:52:30,271,8809,14.99,,990,0.000,2525,484,0
2017/3/15,15:52:45,254,8261,14.99,,990,0.000,2519,476,0
2017/3/15,15:53:00,241,7847,14.99,,990,0.000,2568,424,0
2017/3/15,15:53:15,237,7719,14.99,,990,0.000,2541,473,0
2017/3/15,15:53:30,234,7637,14.99,,990,0.000,2525,487,0
2017/3/15,15:53:45,216,7045,14.99,,990,0.000,2546,456,0
2017/3/15,15:54:00,209,6821,14.99,,990,0.000,2584,405,0
2017/3/15,15:54:15,199,6471,14.99,,990,0.000,2553,443,0
2017/3/15,15:54:30,196,6390,14.99,,990,0.000,2546,455,0
2017/3/15,15:54:45,191,6220,14.99,,990,0.000,2529,462,0
2017/3/15,15:55:00,175,5692,14.99,,990,0.000,2517,478,0
2017/3/15,15:55:15,174,5660,14.99,,990,0.000,2546,465,0
2017/3/15,15:55:30,166,5425,14.99,,990,0.000,2524,485,0
2017/3/15,15:55:45,162,5271,14.99,,990,0.000,2518,499,0
2017/3/15,15:56:00,162,5271,14.99,,990,0.000,2532,465,0
2017/3/15,15:56:15,153,4995,14.99,,990,0.000,2523,488,0
2017/3/15,15:56:30,153,4984,14.99,,990,0.000,2521,482,0
2017/3/15,15:56:45,145,4730,14.99,,990,0.000,2542,465,0
2017/3/15,15:57:00,140,4562,14.99,,990,0.000,2540,460,0
2017/3/15,15:57:15,137,4480,14.99,,990,0.000,2526,476,0
2017/3/15,15:57:30,134,4380,14.99,,990,0.000,2526,488,0
2017/3/15,15:57:45,126,4123,14.99,,990,0.000,2541,455,0
2017/3/15,15:58:00,126,4119,14.99,,990,0.000,2534,482,0
2017/3/15,15:58:15,120,3907,14.99,,990,0.000,2552,477,0
2017/3/15,15:58:30,120,3907,14.99,,990,0.000,2503,500,0
2017/3/15,15:58:45,113,3692,14.99,,990,0.000,2514,495,0
2017/3/15,15:59:00,113,3704,14.99,,990,0.000,2542,456,0
2017/3/15,15:59:15,113,3704,14.99,,990,0.000,2543,466,0
2017/3/15,15:59:30,109,3568,14.99,,990,0.000,2526,487,0
2017/3/15,15:59:45,108,3537,14.99,,990,0.000,2540,479,0
2017/3/15,16:00:00,103,3370,14.99,,990,0.000,2530,491,0
2017/3/15,16:00:15,107,3479,14.99,,990,0.000,2540,469,0
2017/3/15,16:00:30,100,3275,14.99,,990,0.000,2531,493,0
2017/3/15,16:00:45,100,3278,14.99,,990,0.000,2506,511,0
2017/3/15,16:01:00,98.8,3213,14.99,,990,0.000,2534,479,0
2017/3/15,16:01:15,97.2,3160,14.99,,990,0.000,2503,520,0
2017/3/15,16:01:30,94.6,3077,14.99,,990,0.000,2520,523,0
2017/3/15,16:01:45,93.3,3034,14.99,,990,0.000,2545,460,0
2017/3/15,16:02:00,98.8,3213,14.99,,990,0.000,2532,462,0
2017/3/15,16:02:15,93.8,3049,14.99,,990,0.000,2554,483,0
2017/3/15,16:02:30,92.8,3017,14.99,,990,0.000,2523,499,0
2017/3/15,16:02:45,90.5,2944,14.99,,990,0.000,2565,456,0
2017/3/15,16:03:00,85.5,2779,14.99,,990,0.000,2550,479,0
2017/3/15,16:03:15,88.0,2861,14.99,,990,0.000,2518,499,0
2017/3/15,16:03:30,89.7,2916,14.99,,990,0.000,2552,482,0
2017/3/15,16:03:45,86.7,2818,14.99,,990,0.000,2521,513,0
2017/3/15,16:04:00,86.6,2817,14.99,,990,0.000,2517,516,0
2017/3/15,16:04:15,88.8,2889,14.99,,990,0.000,2540,479,0
2017/3/15,16:04:30,85.7,2788,14.99,,990,0.000,2548,478,0
2017/3/15,16:04:45,82.6,2685,14.99,,990,0.000,2519,526,0
2017/3/15,16:05:00,88.5,2878,14.99,,990,0.000,2509,502,0
2017/3/15,16:05:15,85.1,2766,14.99,,990,0.000,2506,537,0
2017/3/15,16:05:30,81.8,2661,14.99,,990,0.000,2514,515,0
2017/3/15,16:05:45,80.4,2613,14.99,,990,0.000,2507,545,0
2017/3/15,16:06:00,79.2,2576,14.99,,990,0.000,2564,435,0
2017/3/15,16:06:15,82.4,2681,14.99,,990,0.000,2535,488,0
2017/3/15,16:06:30,82.7,2689,14.99,,990,0.000,2523,500,0
2017/3/15,16:06:45,79.8,2594,14.99,,990,0.000,2520,511,0
2017/3/15,16:07:00,84.5,2748,14.99,,990,0.000,2540,499,0
2017/3/15,16:07:15,113,3673,14.99,,990,0.000,2541,498,0
2017/3/15,16:07:30,162,5275,14.99,,990,0.000,2547,447,0
2017/3/15,16:07:45,171,5570,14.99,,990,0.000,2529,476,0
2017/3/15,16:08:00,194,6314,14.99,,990,0.000,2530,482,0
2017/3/15,16:08:15,227,7401,14.99,,990,0.000,2546,465,0
2017/3/15,16:08:30,262,8518,14.99,,990,0.000,2530,467,0
2017/3/15,16:08:45,294,9560,14.99,,990,0.000,2536,450,0
2017/3/15,16:09:00,328,10667,14.99,,990,0.000,2524,468,0
2017/3/15,16:09:15,350,11378,14.99,,990,0.000,2529,480,0
2017/3/15,16:09:30,355,11556,14.99,,990,0.000,2543,463,0
2017/3/15,16:09:45,376,12250,14.99,,990,0.000,2573,418,0
2017/3/15,16:10:00,398,12953,14.99,,990,0.000,2532,473,0
2017/3/15,16:10:15,399,12981,14.99,,990,0.000,2532,462,0
2017/3/15,16:10:30,409,13306,14.98,,990,0.000,2552,468,0
2017/3/15,16:10:45,415,13519,14.98,,990,0.000,2537,461,0
2017/3/15,16:11:00,418,13607,14.98,,990,0.000,2537,445,0
2017/3/15,16:11:15,431,14012,14.98,,990,0.000,2539,477,0
2017/3/15,16:11:30,430,13992,14.98,,990,0.000,2509,496,0
2017/3/15,16:11:45,432,14068,14.98,,990,0.000,2532,471,0
2017/3/15,16:12:00,465,15138,14.98,,990,0.000,2546,451,0
2017/3/15,16:12:15,469,15269,14.98,,990,0.000,2526,479,0
2017/3/15,16:12:30,480,15610,14.98,,990,0.000,2546,446,0
2017/3/15,16:12:45,484,15751,14.98,,990,0.000,2507,491,0
2017/3/15,16:13:00,483,15705,14.98,,990,0.000,2529,469,0
2017/3/15,16:13:15,490,15930,14.98,,990,0.000,2508,482,0
2017/3/15,16:13:30,520,16904,14.98,,990,0.000,2532,452,0
2017/3/15,16:13:45,551,17936,14.98,,990,0.000,2529,477,0
2017/3/15,16:14:00,533,17324,14.98,,990,0.000,2518,477,0
2017/3/15,16:14:15,506,16466,14.98,,990,0.000,2543,437,0
2017/3/15,16:14:30,488,15875,14.98,,990,0.000,2519,484,0
2017/3/15,16:14:45,456,14844,14.98,,990,0.000,2535,445,0
2017/3/15,16:15:00,424,13797,14.98,,990,0.000,2481,495,0
2017/3/15,16:15:15,398,12944,14.99,,990,0.000,2529,479,0
2017/3/15,16:15:30,380,12378,14.99,,990,0.000,2487,517,0
2017/3/15,16:15:45,359,11697,14.99,,990,0.000,2539,461,0
2017/3/15,16:16:00,352,11449,14.99,,990,0.000,2517,491,0
2017/3/15,16:16:15,331,10770,14.99,,990,0.000,2542,451,0
2017/3/15,16:16:30,323,10526,14.99,,990,0.000,2524,478,0
2017/3/15,16:16:45,314,10213,14.99,,990,0.000,2484,493,0
2017/3/15,16:17:00,296,9634,14.99,,990,0.000,2497,488,0
2017/3/15,16:17:15,286,9312,14.99,,990,0.000,2512,472,0
2017/3/15,16:17:30,271,8834,14.99,,990,0.000,2480,510,0
2017/3/15,16:17:45,260,8478,14.99,,990,0.000,2531,478,0
2017/3/15,16:18:00,241,7855,14.99,,990,0.000,2517,498,0
2017/3/15,16:18:15,242,7872,14.99,,990,0.000,2531,463,0
2017/3/15,16:18:30,225,7339,14.99,,990,0.000,2540,467,0
2017/3/15,16:18:45,207,6758,14.99,,990,0.000,2529,480,0
2017/3/15,16:19:00,204,6637,14.99,,990,0.000,2492,507,0
2017/3/15,16:19:15,207,6754,14.99,,990,0.000,2489,513,0
2017/3/15,16:19:30,189,6150,14.99,,990,0.000,2519,480,0
2017/3/15,16:19:45,185,6039,14.99,,990,0.000,2531,479,0
2017/3/15,16:20:00,178,5785,14.99,,990,0.000,2485,522,0
2017/3/15,16:20:15,171,5573,14.99,,990,0.000,2489,516,0
2017/3/15,16:20:30,164,5350,14.99,,990,0.000,2500,513,0
2017/3/15,16:20:45,157,5133,14.99,,990,0.000,2521,479,0
2017/3/15,16:21:00,154,5034,14.99,,990,0.000,2519,485,0
2017/3/15,16:21:15,148,4841,14.99,,990,0.000,2478,528,0
2017/3/15,16:21:30,140,4576,14.99,,990,0.000,2550,482,0
2017/3/15,16:21:45,141,4600,14.99,,990,0.000,2536,488,0
2017/3/15,16:22:00,132,4309,14.99,,990,0.000,2510,500,0
2017/3/15,16:22:15,128,4169,14.99,,990,0.000,2517,509,0
2017/3/15,16:22:30,124,4036,14.99,,990,0.000,2503,509,0
2017/3/15,16:22:45,116,3797,14.99,,990,0.000,2497,533,0
2017/3/15,16:23:00,113,3676,14.99,,990,0.000,2559,441,0
2017/3/15,16:23:15,113,3688,14.99,,990,0.000,2514,524,0
2017/3/15,16:23:30,111,3630,14.99,,990,0.000,2521,517,0
2017/3/15,16:23:45,104,3394,14.99,,990,0.000,2491,546,0
2017/3/15,16:24:00,103,3348,14.99,,990,0.000,2508,524,0
2017/3/15,16:24:15,112,3656,14.99,,990,0.000,2517,518,0
2017/3/15,16:24:30,123,4004,14.99,,990,0.000,2487,524,0
2017/3/15,16:24:45,119,3889,14.99,,990,0.000,2536,467,0
