TSI CPC DATA VERSION 3
1489752596,2017/3/17,12:09:56
15
1.08,130
Model 3783 Ver 1.27 S/N 3783111302
"Date","Time","Concentration","Count"," Live-Time","Blank","Abs Press"," Analog In","Pulse Height"," Pulse STD","Status Flags"
2017/3/17,12:09:48,625,15823,11.66,,1014,0.000,2584,449,0
2017/3/17,12:10:00,632,20546,14.98,,1014,0.000,2581,441,0
2017/3/17,12:10:15,640,20810,14.98,,1014,0.000,2593,439,0
2017/3/17,12:10:30,638,20749,14.98,,1014,0.000,2593,443,0
2017/3/17,12:10:45,622,20220,14.98,,1014,0.000,2581,449,0
2017/3/17,12:11:00,651,21165,14.98,,1014,0.000,2595,440,0
2017/3/17,12:11:15,644,20934,14.98,,1014,0.000,2601,437,0
2017/3/17,12:11:30,645,20968,14.98,,1014,0.000,2575,451,0
2017/3/17,12:11:45,629,20467,14.98,,1014,0.000,2596,428,0
2017/3/17,12:12:00,623,20278,14.98,,1014,0.000,2583,440,0
2017/3/17,12:12:15,638,20752,14.98,,1014,0.000,2581,484,0
2017/3/17,12:12:30,629,20462,14.98,,1014,0.000,2545,483,0
2017/3/17,12:12:45,639,20785,14.98,,1014,0.000,2575,443,0
2017/3/17,12:13:00,617,20081,14.98,,1014,0.000,2569,462,0
2017/3/17,12:13:15,629,20465,14.98,,1014,0.000,2597,437,0
2017/3/17,12:13:30,626,20354,14.98,,1014,0.000,2574,474,0
2017/3/17,12:13:45,648,21072,14.98,,1014,0.000,2565,488,0
2017/3/17,12:14:00,652,21222,14.98,,1014,0.000,2590,423,0
2017/3/17,12:14:15,640,20815,14.98,,1014,0.000,2576,461,0
2017/3/17,12:14:30,620,20175,14.98,,1014,0.000,2567,456,0
2017/3/17,12:14:45,626,20351,14.98,,1014,0.000,2576,458,0
2017/3/17,12:15:00,637,20710,14.98,,1014,0.000,2565,468,0
2017/3/17,12:15:15,641,20863,14.98,,1014,0.000,2569,449,0
2017/3/17,12:15:30,645,20964,14.98,,1014,0.000,2602,437,0
2017/3/17,12:15:45,660,21452,14.98,,1014,0.000,2589,462,0
2017/3/17,12:16:00,662,21545,14.98,,1014,0.000,2575,460,0
2017/3/17,12:16:15,656,21348,14.98,,1014,0.000,2563,467,0
2017/3/17,12:16:30,628,20420,14.98,,1014,0.000,2575,449,0
2017/3/17,12:16:45,627,20382,14.98,,1014,0.000,2558,494,0
2017/3/17,12:17:00,630,20491,14.98,,1014,0.000,2604,411,0
2017/3/17,12:17:15,633,20592,14.98,,1014,0.000,2550,485,0
2017/3/17,12:17:30,628,20440,14.98,,1014,0.000,2573,460,0
2017/3/17,12:17:45,630,20505,14.98,,1014,0.000,2539,484,0
2017/3/17,12:18:00,633,20578,14.98,,1014,0.000,2559,479,0
2017/3/17,12:18:15,642,20893,14.98,,1014,0.000,2581,447,0
2017/3/17,12:18:30,635,20651,14.98,,1014,0.000,2590,435,0
2017/3/17,12:18:45,621,20200,14.98,,1014,0.000,2564,451,0
2017/3/17,12:19:00,631,20533,14.98,,1014,0.000,2589,444,0
2017/3/17,12:19:15,621,20196,14.98,,1014,0.000,2558,477,0
2017/3/17,12:19:30,631,20512,14.98,,1014,0.000,2562,469,0
2017/3/17,12:19:45,627,20400,14.98,,1014,0.000,2584,432,0
2017/3/17,12:20:00,628,20421,14.98,,1014,0.000,2573,458,0
2017/3/17,12:20:15,628,20430,14.98,,1014,0.000,2585,447,0
2017/3/17,12:20:30,4.46e3,140935,14.86,,1014,0.000,2546,463,0
2017/3/17,12:20:45,3.89e4,1164856,13.86,,1014,0.000,2186,570,0
2017/3/17,12:21:00,3.82e4,1127423,13.9,,1014,0.000,2204,570,0
2017/3/17,12:21:15,5.53e4,1601256,13.45,,1014,0.000,2111,529,0
2017/3/17,12:21:30,4.54e4,1346463,13.7,,1014,0.000,2144,581,0
2017/3/17,12:21:45,4.59e4,1361289,13.69,,1014,0.000,2154,524,0
2017/3/17,12:22:00,5.26e4,1534936,13.53,,1014,0.000,2149,496,0
2017/3/17,12:22:15,1.08e5,2863261,12.19,,1014,0.000,1849,500,0
2017/3/17,12:22:30,1.48e5,3539828,11.37,,1014,0.000,1805,473,0
2017/3/17,12:22:45,1.38e5,3434755,11.54,,1014,0.000,1787,493,0
2017/3/17,12:23:00,1.87e5,4249392,10.54,,1014,0.000,1702,529,0
2017/3/17,12:23:15,1.79e5,4141822,10.68,,1014,0.000,1701,499,0
2017/3/17,12:23:30,2.11e5,4605299,10.06,,1014,0.000,1672,538,0
2017/3/17,12:23:45,2.40e5,4942971,9.552,,1014,0.000,1617,501,0
2017/3/17,12:24:00,3.05e5,5543149,8.495,,1014,0.000,1523,535,0
2017/3/17,12:24:15,3.60e5,5962318,7.651,,1014,0.000,1450,548,0
2017/3/17,12:24:30,3.80e5,6051454,7.373,,1014,0.000,1457,570,0
2017/3/17,12:24:45,3.76e5,6033579,7.428,,1014,0.000,1445,529,0
2017/3/17,12:25:00,3.63e5,5981432,7.598,,1014,0.000,1473,534,0
2017/3/17,12:25:15,3.84e5,6084965,7.316,,1014,0.000,1473,563,0
2017/3/17,12:25:30,3.99e5,6137161,7.126,,1014,0.000,1444,551,0
2017/3/17,12:25:45,4.16e5,6209186,6.899,,1014,0.000,1448,589,0
2017/3/17,12:26:00,4.46e5,6301155,6.54,,1014,0.000,1387,559,0
2017/3/17,12:26:15,4.58e5,6336749,6.388,,1014,0.000,1409,560,0
2017/3/17,12:26:30,4.65e5,6357759,6.302,,1014,0.000,1445,584,0
2017/3/17,12:26:45,4.39e5,6287652,6.619,,1014,0.000,1387,557,0
2017/3/17,12:27:00,4.24e5,6247751,6.787,,1014,0.000,1440,566,0
2017/3/17,12:27:15,4.26e5,6254872,6.767,,1014,0.000,1444,596,0
2017/3/17,12:27:30,4.60e5,6334860,6.369,,1014,0.000,1436,562,0
2017/3/17,12:27:45,4.33e5,6274261,6.677,,1014,0.000,1416,577,0
2017/3/17,12:28:00,4.53e5,6325711,6.447,,1014,0.000,1424,570,0
2017/3/17,12:28:15,4.41e5,6304387,6.594,,1014,0.000,1403,551,0
2017/3/17,12:28:30,4.54e5,6327761,6.428,,1014,0.000,1477,567,0
2017/3/17,12:28:45,4.56e5,6336019,6.413,,1014,0.000,1439,576,0
2017/3/17,12:29:00,4.60e5,6341076,6.367,,1014,0.000,1402,582,0
2017/3/17,12:29:15,4.44e5,6305840,6.547,,1014,0.000,1401,548,0
2017/3/17,12:29:30,4.42e5,6302502,6.571,,1014,0.000,1435,567,0
2017/3/17,12:29:45,4.54e5,6331800,6.429,,1014,0.000,1430,563,0
2017/3/17,12:30:00,4.60e5,6340474,6.363,,1014,0.000,1387,562,0
2017/3/17,12:30:15,4.68e5,6366742,6.277,,1014,0.000,1412,590,0
2017/3/17,12:30:30,4.61e5,6344649,6.353,,1014,0.000,1414,554,0
2017/3/17,12:30:45,4.48e5,6315882,6.508,,1014,0.000,1422,573,0
2017/3/17,12:31:00,4.35e5,6278244,6.653,,1014,0.000,1452,555,0
2017/3/17,12:31:15,4.23e5,6243584,6.803,,1014,0.000,1453,584,0
2017/3/17,12:31:30,4.37e5,6284666,6.642,,1014,0.000,1448,571,0
2017/3/17,12:31:45,4.39e5,6287912,6.618,,1014,0.000,1463,579,0
2017/3/17,12:32:00,4.23e5,6241130,6.8,,1014,0.000,1422,531,0
2017/3/17,12:32:15,4.13e5,6211523,6.94,,1014,0.000,1488,585,0
2017/3/17,12:32:30,4.19e5,6228025,6.85,,1014,0.000,1441,565,0
2017/3/17,12:32:45,4.07e5,6187167,7.006,,1014,0.000,1434,562,0
2017/3/17,12:33:00,4.04e5,6178624,7.043,,1014,0.000,1437,539,0
2017/3/17,12:33:15,3.98e5,6156163,7.13,,1014,0.000,1434,562,0
2017/3/17,12:33:30,3.94e5,6135270,7.185,,1014,0.000,1474,557,0
2017/3/17,12:33:45,3.88e5,6111573,7.266,,1014,0.000,1507,560,0
2017/3/17,12:34:00,3.82e5,6083601,7.343,,1014,0.000,1452,535,0
2017/3/17,12:34:15,3.76e5,6054653,7.429,,1014,0.000,1469,529,0
2017/3/17,12:34:30,3.69e5,6021209,7.512,,1014,0.000,1459,549,0
2017/3/17,12:34:45,3.66e5,6000129,7.552,,1014,0.000,1427,515,0
2017/3/17,12:35:00,3.61e5,5975787,7.624,,1014,0.000,1474,557,0
2017/3/17,12:35:15,3.58e5,5964123,7.67,,1014,0.000,1473,549,0
2017/3/17,12:35:30,3.56e5,5950100,7.696,,1014,0.000,1488,576,0
2017/3/17,12:35:45,3.56e5,5943826,7.704,,1014,0.000,1502,541,0
2017/3/17,12:36:00,3.54e5,5929471,7.727,,1014,0.000,1463,528,0
2017/3/17,12:36:15,3.48e5,5899142,7.815,,1014,0.000,1534,587,0
2017/3/17,12:36:30,3.41e5,5855772,7.918,,1014,0.000,1494,560,0
2017/3/17,12:36:45,3.38e5,5841053,7.962,,1014,0.000,1474,549,0
2017/3/17,12:37:00,3.38e5,5840232,7.959,,1014,0.000,1506,570,0
2017/3/17,12:37:15,3.31e5,5797608,8.065,,1014,0.000,1473,538,0
2017/3/17,12:37:30,3.27e5,5759596,8.13,,1014,0.000,1490,563,0
2017/3/17,12:37:45,3.26e5,5759037,8.137,,1014,0.000,1534,544,0
2017/3/17,12:38:00,3.16e5,5663248,8.322,,1014,0.000,1485,559,0
2017/3/17,12:38:15,3.17e5,5700115,8.277,,1014,0.000,1523,559,0
2017/3/17,12:38:30,3.21e5,5726734,8.213,,1014,0.000,1512,515,0
2017/3/17,12:38:45,3.17e5,5698098,8.277,,1014,0.000,1552,540,0
2017/3/17,12:39:00,3.17e5,5694862,8.278,,1014,0.000,1470,540,0
2017/3/17,12:39:15,3.16e5,5694089,8.299,,1014,0.000,1518,544,0
2017/3/17,12:39:30,3.05e5,5604518,8.457,,1014,0.000,1513,577,0
2017/3/17,12:39:45,3.10e5,5643621,8.389,,1014,0.000,1502,494,0
2017/3/17,12:40:00,3.06e5,5613171,8.449,,1014,0.000,1528,533,0
2017/3/17,12:40:15,3.02e5,5584374,8.511,,1014,0.000,1545,566,0
2017/3/17,12:40:30,2.99e5,5553853,8.561,,1014,0.000,1551,566,0
2017/3/17,12:40:45,3.06e5,5609592,8.457,,1014,0.000,1500,528,0
2017/3/17,12:41:00,3.03e5,5594589,8.501,,1014,0.000,1552,546,0
2017/3/17,12:41:15,3.01e5,5571126,8.541,,1013,0.000,1510,535,0
2017/3/17,12:41:30,2.97e5,5543619,8.595,,1014,0.000,1539,522,0
2017/3/17,12:41:45,2.93e5,5508179,8.652,,1014,0.000,1531,531,0
2017/3/17,12:42:00,2.88e5,5459480,8.729,,1014,0.000,1567,549,0
2017/3/17,12:42:15,2.81e5,5396373,8.84,,1014,0.000,1549,510,0
2017/3/17,12:42:30,2.79e5,5374892,8.878,,1014,0.000,1525,524,0
2017/3/17,12:42:45,2.77e5,5356221,8.907,,1014,0.000,1552,548,0
2017/3/17,12:43:00,2.72e5,5302214,8.994,,1014,0.000,1601,540,0
2017/3/17,12:43:15,2.67e5,5262013,9.071,,1014,0.000,1613,540,0
2017/3/17,12:43:30,2.67e5,5254859,9.082,,1014,0.000,1562,516,0
2017/3/17,12:43:45,2.64e5,5234522,9.117,,1014,0.000,1590,559,0
2017/3/17,12:44:00,2.65e5,5237339,9.103,,1014,0.000,1562,533,0
2017/3/17,12:44:15,2.61e5,5201148,9.169,,1013,0.000,1597,521,0
2017/3/17,12:44:30,2.63e5,5222842,9.137,,1014,0.000,1583,522,0
2017/3/17,12:44:45,2.56e5,5146373,9.263,,1013,0.000,1586,515,0
2017/3/17,12:45:00,2.55e5,5141124,9.277,,1014,0.000,1599,551,0
2017/3/17,12:45:15,2.49e5,5074638,9.384,,1014,0.000,1625,527,0
2017/3/17,12:45:30,2.48e5,5060765,9.396,,1014,0.000,1566,509,0
2017/3/17,12:45:45,2.41e5,4983478,9.514,,1014,0.000,1597,540,0
2017/3/17,12:46:00,2.40e5,4972917,9.537,,1014,0.000,1612,544,0
2017/3/17,12:46:15,2.41e5,4975667,9.529,,1014,0.000,1611,544,0
2017/3/17,12:46:30,2.44e5,5015788,9.469,,1014,0.000,1571,499,0
2017/3/17,12:46:45,2.41e5,4978097,9.518,,1013,0.000,1600,528,0
2017/3/17,12:47:00,2.42e5,4988936,9.502,,1013,0.000,1610,540,0
2017/3/17,12:47:15,2.46e5,5038445,9.441,,1014,0.000,1601,521,0
2017/3/17,12:47:30,2.41e5,4979082,9.526,,1014,0.000,1597,524,0
2017/3/17,12:47:45,2.38e5,4947557,9.574,,1013,0.000,1621,484,0
2017/3/17,12:48:00,2.36e5,4924475,9.609,,1013,0.000,1624,506,0
2017/3/17,12:48:15,2.30e5,4857038,9.712,,1014,0.000,1651,534,0
2017/3/17,12:48:30,2.27e5,4811600,9.778,,1014,0.000,1661,489,0
2017/3/17,12:48:45,2.29e5,4844657,9.731,,1013,0.000,1607,485,0
2017/3/17,12:49:00,2.23e5,4770466,9.837,,1013,0.000,1619,512,0
2017/3/17,12:49:15,2.20e5,4728624,9.897,,1014,0.000,1613,502,0
2017/3/17,12:49:30,2.19e5,4724404,9.918,,1013,0.000,1688,521,0
2017/3/17,12:49:45,2.32e5,4873382,9.698,,1014,0.000,1643,529,0
2017/3/17,12:50:00,2.24e5,4781335,9.844,,1014,0.000,1613,515,0
2017/3/17,12:50:15,2.28e5,4830520,9.772,,1014,0.000,1600,505,0
2017/3/17,12:50:30,2.24e5,4779815,9.843,,1013,0.000,1638,498,0
2017/3/17,12:50:45,2.19e5,4717973,9.936,,1013,0.000,1634,515,0
2017/3/17,12:51:00,2.07e5,4559665,10.15,,1014,0.000,1666,534,0
2017/3/17,12:51:15,2.01e5,4481964,10.26,,1014,0.000,1641,511,0
2017/3/17,12:51:30,1.86e5,4261100,10.55,,1014,0.000,1716,507,0
2017/3/17,12:51:45,1.80e5,4176824,10.66,,1013,0.000,1695,505,0
2017/3/17,12:52:00,1.75e5,4090186,10.77,,1014,0.000,1707,484,0
2017/3/17,12:52:15,1.66e5,3941544,10.95,,1014,0.000,1748,504,0
2017/3/17,12:52:30,1.53e5,3726991,11.22,,1014,0.000,1748,511,0
2017/3/17,12:52:45,1.49e5,3654952,11.3,,1014,0.000,1768,505,0
2017/3/17,12:53:00,1.47e5,3620664,11.34,,1014,0.000,1749,506,0
2017/3/17,12:53:15,1.42e5,3533125,11.44,,1014,0.000,1776,477,0
2017/3/17,12:53:30,1.39e5,3474572,11.51,,1013,0.000,1826,476,0
2017/3/17,12:53:45,1.35e5,3406321,11.59,,1013,0.000,1772,507,0
2017/3/17,12:54:00,1.31e5,3319976,11.69,,1014,0.000,1811,518,0
2017/3/17,12:54:15,1.26e5,3228318,11.8,,1013,0.000,1822,472,0
2017/3/17,12:54:30,1.25e5,3211919,11.81,,1014,0.000,1805,517,0
2017/3/17,12:54:45,1.21e5,3141052,11.89,,1013,0.000,1828,507,0
2017/3/17,12:55:00,1.16e5,3033555,12.01,,1014,0.000,1798,526,0
2017/3/17,12:55:15,1.09e5,2890944,12.17,,1013,0.000,1888,469,0
2017/3/17,12:55:30,1.11e5,2935749,12.12,,1013,0.000,1844,477,0
2017/3/17,12:55:45,1.04e5,2782008,12.28,,1013,0.000,1884,478,0
2017/3/17,12:56:00,1.03e5,2769191,12.29,,1014,0.000,1872,478,0
2017/3/17,12:56:15,1.03e5,2751775,12.31,,1013,0.000,1872,487,0
2017/3/17,12:56:30,9.56e4,2588126,12.49,,1013,0.000,1887,477,0
2017/3/17,12:56:45,9.22e4,2511673,12.57,,1014,0.000,1904,466,0
2017/3/17,12:57:00,9.00e4,2462993,12.62,,1013,0.000,1938,488,0
2017/3/17,12:57:15,8.86e4,2429725,12.65,,1014,0.000,1907,494,0
2017/3/17,12:57:30,8.62e4,2376422,12.71,,1013,0.000,1950,474,0
2017/3/17,12:57:45,8.32e4,2306305,12.78,,1013,0.000,1937,513,0
2017/3/17,12:58:00,8.13e4,2260946,12.82,,1013,0.000,1920,515,0
2017/3/17,12:58:15,7.79e4,2179584,12.91,,1013,0.000,1961,478,0
2017/3/17,12:58:30,7.75e4,2171099,12.91,,1013,0.000,1938,507,0
2017/3/17,12:58:45,7.50e4,2111249,12.98,,1013,0.000,1992,489,0
2017/3/17,12:59:00,7.30e4,2062081,13.02,,1013,0.000,1964,507,0
2017/3/17,12:59:15,6.90e4,1963983,13.12,,1013,0.000,1989,496,0
2017/3/17,12:59:30,6.70e4,1914201,13.17,,1014,0.000,2004,517,0
2017/3/17,12:59:45,6.43e4,1846540,13.23,,1013,0.000,2050,516,0
2017/3/17,13:00:00,6.27e4,1805882,13.27,,1014,0.000,2049,506,0
2017/3/17,13:00:15,6.37e4,1831314,13.25,,1013,0.000,2032,534,0
2017/3/17,13:00:30,6.07e4,1754364,13.32,,1014,0.000,2071,504,0
2017/3/17,13:00:45,5.71e4,1661173,13.41,,1013,0.000,2078,488,0
2017/3/17,13:01:00,5.57e4,1625490,13.45,,1013,0.000,2083,509,0
2017/3/17,13:01:15,5.42e4,1586935,13.48,,1013,0.000,2119,493,0
2017/3/17,13:01:30,5.29e4,1551715,13.52,,1013,0.000,2097,515,0
2017/3/17,13:01:45,5.12e4,1507259,13.56,,1013,0.000,2136,501,0
2017/3/17,13:02:00,5.06e4,1490076,13.58,,1013,0.000,2147,505,0
2017/3/17,13:02:15,4.76e4,1409194,13.65,,1013,0.000,2172,520,0
2017/3/17,13:02:30,4.65e4,1380829,13.68,,1013,0.000,2150,523,0
2017/3/17,13:02:45,4.65e4,1379189,13.68,,1013,0.000,2167,535,0
2017/3/17,13:03:00,4.39e4,1309737,13.75,,1013,0.000,2215,507,0
2017/3/17,13:03:15,4.30e4,1284893,13.77,,1013,0.000,2209,490,0
2017/3/17,13:03:30,4.19e4,1255302,13.8,,1013,0.000,2229,500,0
2017/3/17,13:03:45,4.02e4,1206735,13.84,,1013,0.000,2204,510,0
2017/3/17,13:04:00,3.99e4,1198408,13.85,,1013,0.000,2209,507,0
2017/3/17,13:04:15,3.97e4,1193618,13.85,,1013,0.000,2224,502,0
2017/3/17,13:04:30,4.02e4,1208432,13.84,,1013,0.000,2220,507,0
2017/3/17,13:04:45,3.65e4,1103729,13.94,,1013,0.000,2230,528,0
2017/3/17,13:05:00,3.63e4,1099957,13.94,,1013,0.000,2224,533,0
2017/3/17,13:05:15,3.59e4,1087497,13.95,,1013,0.000,2258,522,0
2017/3/17,13:05:30,3.42e4,1039469,14.0,,1014,0.000,2247,538,0
2017/3/17,13:05:45,3.34e4,1017023,14.02,,1013,0.000,2285,494,0
2017/3/17,13:06:00,3.27e4,995608,14.04,,1013,0.000,2275,507,0
2017/3/17,13:06:15,3.23e4,986686,14.05,,1013,0.000,2294,522,0
2017/3/17,13:06:30,3.07e4,940988,14.09,,1013,0.000,2280,513,0
2017/3/17,13:06:45,2.98e4,913114,14.12,,1013,0.000,2271,529,0
2017/3/17,13:07:00,2.89e4,887388,14.14,,1013,0.000,2307,517,0
2017/3/17,13:07:15,2.86e4,879880,14.15,,1013,0.000,2320,510,0
2017/3/17,13:07:30,2.83e4,870133,14.16,,1013,0.000,2310,502,0
2017/3/17,13:07:45,2.80e4,860111,14.17,,1013,0.000,2301,521,0
2017/3/17,13:08:00,2.77e4,851781,14.17,,1013,0.000,2335,491,0
2017/3/17,13:08:15,2.64e4,814018,14.21,,1013,0.000,2332,517,0
2017/3/17,13:08:30,2.57e4,793602,14.23,,1013,0.000,2351,510,0
2017/3/17,13:08:45,2.48e4,767862,14.25,,1013,0.000,2369,491,0
2017/3/17,13:09:00,2.52e4,778847,14.24,,1013,0.000,2352,512,0
2017/3/17,13:09:15,2.37e4,734422,14.29,,1013,0.000,2363,507,0
2017/3/17,13:09:30,2.38e4,738514,14.28,,1013,0.000,2364,490,0
2017/3/17,13:09:45,2.26e4,701826,14.32,,1013,0.000,2368,501,0
2017/3/17,13:10:00,2.24e4,697829,14.32,,1013,0.000,2342,518,0
2017/3/17,13:10:15,2.16e4,672912,14.34,,1013,0.000,2393,476,0
2017/3/17,13:10:30,2.15e4,670080,14.35,,1013,0.000,2371,485,0
2017/3/17,13:10:45,2.11e4,658710,14.36,,1013,0.000,2386,491,0
2017/3/17,13:11:00,2.01e4,629095,14.38,,1013,0.000,2385,501,0
2017/3/17,13:11:15,2.00e4,624504,14.39,,1013,0.000,2376,509,0
2017/3/17,13:11:30,2.01e4,629095,14.39,,1013,0.000,2409,488,0
2017/3/17,13:11:45,1.90e4,594638,14.42,,1013,0.000,2414,474,0
2017/3/17,13:12:00,1.86e4,583314,14.43,,1013,0.000,2419,463,0
2017/3/17,13:12:15,1.79e4,561435,14.45,,1013,0.000,2380,533,0
2017/3/17,13:12:30,1.73e4,544600,14.46,,1013,0.000,2419,498,0
2017/3/17,13:12:45,1.77e4,556304,14.45,,1013,0.000,2385,528,0
2017/3/17,13:13:00,1.69e4,531313,14.48,,1013,0.000,2386,502,0
2017/3/17,13:13:15,1.63e4,514515,14.49,,1013,0.000,2406,517,0
2017/3/17,13:13:30,1.59e4,500893,14.51,,1013,0.000,2442,482,0
2017/3/17,13:13:45,1.55e4,489738,14.52,,1013,0.000,2413,513,0
2017/3/17,13:14:00,1.53e4,482985,14.52,,1013,0.000,2425,501,0
2017/3/17,13:14:15,1.50e4,473928,14.53,,1013,0.000,2454,477,0
2017/3/17,13:14:30,1.47e4,466132,14.54,,1013,0.000,2457,465,0
2017/3/17,13:14:45,1.43e4,452595,14.55,,1013,0.000,2458,491,0
2017/3/17,13:15:00,1.41e4,445793,14.56,,1013,0.000,2388,540,0
2017/3/17,13:15:15,1.40e4,443465,14.56,,1013,0.000,2438,499,0
2017/3/17,13:15:30,1.37e4,433568,14.57,,1013,0.000,2449,490,0
2017/3/17,13:15:45,1.29e4,410376,14.59,,1013,0.000,2448,479,0
2017/3/17,13:16:00,1.28e4,407714,14.59,,1013,0.000,2458,485,0
2017/3/17,13:16:15,1.22e4,388727,14.61,,1013,0.000,2482,447,0
2017/3/17,13:16:30,1.21e4,384724,14.62,,1013,0.000,2492,456,0
2017/3/17,13:16:45,1.19e4,380048,14.62,,1013,0.000,2476,479,0
2017/3/17,13:17:00,1.17e4,372320,14.63,,1013,0.000,2471,482,0
2017/3/17,13:17:15,1.14e4,364991,14.64,,1013,0.000,2418,533,0
2017/3/17,13:17:30,1.15e4,366727,14.63,,1013,0.000,2445,490,0
2017/3/17,13:17:45,1.15e4,366855,14.63,,1013,0.000,2435,504,0
2017/3/17,13:18:00,1.10e4,349789,14.65,,1013,0.000,2489,478,0
2017/3/17,13:18:15,1.07e4,341075,14.66,,1013,0.000,2490,461,0
2017/3/17,13:18:30,1.03e4,328721,14.67,,1013,0.000,2479,494,0
2017/3/17,13:18:45,1.03e4,329643,14.67,,1013,0.000,2501,468,0
2017/3/17,13:19:00,9.95e3,317211,14.68,,1013,0.000,2474,499,0
2017/3/17,13:19:15,9.68e3,308778,14.69,,1013,0.000,2490,485,0
2017/3/17,13:19:30,9.54e3,304283,14.69,,1013,0.000,2451,507,0
2017/3/17,13:19:45,9.33e3,297912,14.7,,1013,0.000,2478,495,0
2017/3/17,13:20:00,9.22e3,294342,14.7,,1013,0.000,2513,451,0
2017/3/17,13:20:15,8.90e3,284497,14.71,,1013,0.000,2498,480,0
2017/3/17,13:20:30,8.79e3,281012,14.72,,1013,0.000,2513,463,0
2017/3/17,13:20:45,8.50e3,271691,14.73,,1013,0.000,2498,478,0
2017/3/17,13:21:00,8.27e3,264494,14.73,,1013,0.000,2502,474,0
2017/3/17,13:21:15,8.31e3,265780,14.73,,1013,0.000,2504,461,0
2017/3/17,13:21:30,8.09e3,259101,14.74,,1013,0.000,2480,501,0
2017/3/17,13:21:45,7.63e3,244586,14.75,,1013,0.000,2521,476,0
2017/3/17,13:22:00,7.55e3,242142,14.76,,1013,0.000,2523,479,0
2017/3/17,13:22:15,7.38e3,236760,14.76,,1013,0.000,2517,483,0
2017/3/17,13:22:30,7.45e3,238792,14.76,,1013,0.000,2496,460,0
2017/3/17,13:22:45,7.27e3,233103,14.76,,1013,0.000,2520,451,0
2017/3/17,13:23:00,7.27e3,233240,14.76,,1013,0.000,2491,494,0
2017/3/17,13:23:15,6.98e3,224151,14.77,,1013,0.000,2492,494,0
2017/3/17,13:23:30,6.78e3,217715,14.78,,1013,0.000,2489,478,0
2017/3/17,13:23:45,6.63e3,212804,14.78,,1013,0.000,2509,479,0
2017/3/17,13:24:00,6.43e3,206609,14.79,,1013,0.000,2478,496,0
2017/3/17,13:24:15,6.49e3,208444,14.79,,1013,0.000,2529,438,0
2017/3/17,13:24:30,6.57e3,211107,14.79,,1013,0.000,2498,474,0
2017/3/17,13:24:45,6.32e3,203021,14.79,,1013,0.000,2509,478,0
2017/3/17,13:25:00,6.03e3,194039,14.8,,1013,0.000,2552,430,0
2017/3/17,13:25:15,5.94e3,191065,14.81,,1013,0.000,2525,457,0
2017/3/17,13:25:30,5.88e3,189175,14.81,,1013,0.000,2537,455,0
2017/3/17,13:25:45,5.75e3,185160,14.81,,1013,0.000,2537,457,0
2017/3/17,13:26:00,5.49e3,176764,14.82,,1013,0.000,2539,441,0
2017/3/17,13:26:15,5.44e3,175403,14.82,,1013,0.000,2540,461,0
2017/3/17,13:26:30,5.40e3,174157,14.82,,1013,0.000,2546,440,0
2017/3/17,13:26:45,5.33e3,171653,14.82,,1013,0.000,2548,461,0
2017/3/17,13:27:00,5.11e3,164838,14.83,,1013,0.000,2551,437,0
2017/3/17,13:27:15,5.07e3,163427,14.83,,1013,0.000,2517,474,0
2017/3/17,13:27:30,4.84e3,156069,14.84,,1013,0.000,2512,483,0
2017/3/17,13:27:45,4.73e3,152802,14.84,,1013,0.000,2536,461,0
2017/3/17,13:28:00,4.66e3,150428,14.85,,1013,0.000,2534,466,0
2017/3/17,13:28:15,4.63e3,149414,14.85,,1013,0.000,2543,457,0
2017/3/17,13:28:30,4.51e3,145595,14.85,,1013,0.000,2563,445,0
2017/3/17,13:28:45,4.46e3,143990,14.85,,1013,0.000,2539,446,0
2017/3/17,13:29:00,4.34e3,140196,14.86,,1013,0.000,2532,472,0
2017/3/17,13:29:15,4.38e3,141556,14.85,,1013,0.000,2514,501,0
2017/3/17,13:29:30,4.28e3,138442,14.86,,1013,0.000,2502,509,0
2017/3/17,13:29:45,4.19e3,135364,14.86,,1013,0.000,2531,480,0
2017/3/17,13:30:00,4.17e3,134787,14.86,,1013,0.000,2530,476,0
2017/3/17,13:30:15,4.10e3,132752,14.86,,1013,0.000,2530,473,0
2017/3/17,13:30:30,3.88e3,125637,14.87,,1013,0.000,2541,454,0
2017/3/17,13:30:45,3.77e3,121864,14.87,,1013,0.000,2546,463,0
2017/3/17,13:31:00,3.72e3,120279,14.88,,1013,0.000,2542,485,0
2017/3/17,13:31:15,3.78e3,122299,14.87,,1013,0.000,2541,478,0
2017/3/17,13:31:30,3.66e3,118576,14.88,,1013,0.000,2525,488,0
2017/3/17,13:31:45,3.58e3,115944,14.88,,1013,0.000,2535,473,0
2017/3/17,13:32:00,3.45e3,111677,14.88,,1013,0.000,2520,490,0
2017/3/17,13:32:15,3.40e3,110250,14.89,,1013,0.000,2552,455,0
2017/3/17,13:32:30,3.34e3,108268,14.89,,1013,0.000,2561,443,0
2017/3/17,13:32:45,3.22e3,104407,14.89,,1013,0.000,2528,506,0
2017/3/17,13:33:00,3.20e3,103801,14.89,,1013,0.000,2546,452,0
2017/3/17,13:33:15,3.15e3,102155,14.89,,1013,0.000,2556,473,0
2017/3/17,13:33:30,3.19e3,103452,14.89,,1013,0.000,2562,433,0
2017/3/17,13:33:45,3.03e3,98357,14.9,,1013,0.000,2543,477,0
2017/3/17,13:34:00,3.02e3,98172,14.9,,1013,0.000,2540,483,0
2017/3/17,13:34:15,2.98e3,96776,14.9,,1013,0.000,2532,498,0
2017/3/17,13:34:30,2.97e3,96525,14.9,,1013,0.000,2528,493,0
2017/3/17,13:34:45,2.99e3,97173,14.9,,1013,0.000,2548,463,0
2017/3/17,13:35:00,2.79e3,90891,14.91,,1013,0.000,2546,460,0
2017/3/17,13:35:15,2.69e3,87627,14.91,,1013,0.000,2572,439,0
2017/3/17,13:35:30,2.70e3,87753,14.91,,1013,0.000,2547,465,0
2017/3/17,13:35:45,2.78e3,90549,14.91,,1013,0.000,2564,440,0
2017/3/17,13:36:00,2.69e3,87663,14.91,,1013,0.000,2519,496,0
2017/3/17,13:36:15,2.63e3,85610,14.91,,1013,0.000,2531,491,0
2017/3/17,13:36:30,2.56e3,83223,14.91,,1013,0.000,2540,478,0
2017/3/17,13:36:45,2.52e3,81899,14.91,,1013,0.000,2556,474,0
2017/3/17,13:37:00,2.49e3,80971,14.92,,1013,0.000,2553,465,0
2017/3/17,13:37:15,2.36e3,76928,14.92,,1013,0.000,2531,484,0
2017/3/17,13:37:30,2.44e3,79589,14.92,,1013,0.000,2518,504,0
2017/3/17,13:37:45,2.34e3,76061,14.92,,1013,0.000,2532,480,0
2017/3/17,13:38:00,2.31e3,75316,14.92,,1013,0.000,2535,483,0
2017/3/17,13:38:15,2.23e3,72659,14.92,,1013,0.000,2556,454,0
2017/3/17,13:38:30,2.26e3,73454,14.92,,1013,0.000,2556,478,0
2017/3/17,13:38:45,2.20e3,71555,14.93,,1013,0.000,2558,441,0
2017/3/17,13:39:00,2.14e3,69575,14.93,,1013,0.000,2520,487,0
2017/3/17,13:39:15,2.07e3,67526,14.93,,1013,0.000,2562,449,0
2017/3/17,13:39:30,2.06e3,67243,14.93,,1013,0.000,2529,490,0
2017/3/17,13:39:45,2.07e3,67311,14.93,,1013,0.000,2547,480,0
2017/3/17,13:40:00,2.02e3,65885,14.93,,1013,0.000,2590,412,0
2017/3/17,13:40:15,2.02e3,65877,14.93,,1013,0.000,2556,474,0
2017/3/17,13:40:30,2.01e3,65572,14.93,,1013,0.000,2540,474,0
2017/3/17,13:40:45,1.99e3,64969,14.93,,1013,0.000,2541,476,0
2017/3/17,13:41:00,1.90e3,61861,14.94,,1013,0.000,2552,468,0
2017/3/17,13:41:15,1.86e3,60562,14.94,,1013,0.000,2542,458,0
2017/3/17,13:41:30,1.80e3,58504,14.94,,1013,0.000,2535,487,0
2017/3/17,13:41:45,1.82e3,59185,14.94,,1013,0.000,2557,446,0
2017/3/17,13:42:00,1.74e3,56723,14.94,,1013,0.000,2543,471,0
2017/3/17,13:42:15,1.70e3,55477,14.94,,1013,0.000,2575,434,0
2017/3/17,13:42:30,1.69e3,55227,14.94,,1013,0.000,2543,487,0
2017/3/17,13:42:45,1.58e3,51486,14.95,,1013,0.000,2521,517,0
2017/3/17,13:43:00,1.59e3,51691,14.95,,1013,0.000,2562,462,0
2017/3/17,13:43:15,1.61e3,52506,14.94,,1013,0.000,2541,480,0
2017/3/17,13:43:30,1.55e3,50480,14.95,,1013,0.000,2573,447,0
2017/3/17,13:43:45,1.55e3,50520,14.95,,1013,0.000,2584,422,0
2017/3/17,13:44:00,1.54e3,50335,14.95,,1013,0.000,2539,495,0
2017/3/17,13:44:15,1.50e3,48964,14.95,,1013,0.000,2546,478,0
2017/3/17,13:44:30,1.50e3,48763,14.95,,1013,0.000,2554,462,0
2017/3/17,13:44:45,1.50e3,49009,14.95,,1013,0.000,2565,449,0
2017/3/17,13:45:00,1.46e3,47657,14.95,,1013,0.000,2535,512,0
2017/3/17,13:45:15,1.45e3,47448,14.95,,1013,0.000,2486,520,0
2017/3/17,13:45:30,1.47e3,47876,14.95,,1013,0.000,2532,472,0
2017/3/17,13:45:45,1.41e3,46080,14.95,,1013,0.000,2597,410,0
2017/3/17,13:46:00,1.44e3,46965,14.95,,1013,0.000,2569,446,0
2017/3/17,13:46:15,1.41e3,46123,14.95,,1013,0.000,2554,472,0
2017/3/17,13:46:30,1.39e3,45373,14.95,,1013,0.000,2591,417,0
2017/3/17,13:46:45,1.38e3,44954,14.95,,1013,0.000,2532,485,0
2017/3/17,13:47:00,1.40e3,45669,14.95,,1013,0.000,2587,437,0
2017/3/17,13:47:15,1.40e3,45579,14.95,,1013,0.000,2589,423,0
2017/3/17,13:47:30,1.38e3,44998,14.95,,1013,0.000,2581,446,0
2017/3/17,13:47:45,1.35e3,43960,14.95,,1013,0.000,2559,484,0
2017/3/17,13:48:00,1.32e3,42963,14.95,,1013,0.000,2586,430,0
2017/3/17,13:48:15,1.30e3,42357,14.95,,1013,0.000,2592,427,0
2017/3/17,13:48:30,1.30e3,42272,14.95,,1013,0.000,2583,437,0
2017/3/17,13:48:45,1.28e3,41623,14.96,,1013,0.000,2572,455,0
2017/3/17,13:49:00,1.27e3,41462,14.96,,1013,0.000,2592,439,0
2017/3/17,13:49:15,1.20e3,39278,14.96,,1013,0.000,2576,435,0
2017/3/17,13:49:30,1.19e3,38720,14.96,,1013,0.000,2579,457,0
2017/3/17,13:49:45,1.18e3,38609,14.96,,1013,0.000,2563,478,0
2017/3/17,13:50:00,1.19e3,38848,14.96,,1013,0.000,2613,399,0
2017/3/17,13:50:15,1.14e3,37134,14.96,,1013,0.000,2596,430,0
2017/3/17,13:50:30,1.12e3,36543,14.96,,1013,0.000,2598,418,0
2017/3/17,13:50:45,1.10e3,36068,14.96,,1013,0.000,2601,416,0
2017/3/17,13:51:00,1.08e3,35116,14.96,,1013,0.000,2585,440,0
2017/3/17,13:51:15,1.06e3,34470,14.96,,1013,0.000,2596,433,0
2017/3/17,13:51:30,1.06e3,34594,14.96,,1013,0.000,2619,416,0
2017/3/17,13:51:45,1.05e3,34206,14.96,,1013,0.000,2556,480,0
2017/3/17,13:52:00,1.03e3,33551,14.96,,1013,0.000,2585,432,0
2017/3/17,13:52:15,991,32221,14.97,,1013,0.000,2576,446,0
2017/3/17,13:52:30,995,32345,14.97,,1013,0.000,2581,449,0
2017/3/17,13:52:45,973,31629,14.97,,1013,0.000,2602,428,0
2017/3/17,13:53:00,971,31564,14.97,,1013,0.000,2604,410,0
2017/3/17,13:53:15,968,31486,14.97,,1013,0.000,2589,437,0
2017/3/17,13:53:30,942,30624,14.97,,1013,0.000,2598,412,0
2017/3/17,13:53:45,922,29971,14.97,,1013,0.000,2593,434,0
2017/3/17,13:54:00,908,29522,14.97,,1013,0.000,2575,450,0
2017/3/17,13:54:15,915,29760,14.97,,1013,0.000,2557,478,0
2017/3/17,13:54:30,892,28994,14.97,,1013,0.000,2574,455,0
2017/3/17,13:54:45,887,28848,14.97,,1013,0.000,2607,415,0
2017/3/17,13:55:00,868,28232,14.97,,1013,0.000,2579,452,0
2017/3/17,13:55:15,875,28465,14.97,,1013,0.000,2584,441,0
2017/3/17,13:55:30,862,28031,14.97,,1013,0.000,2590,432,0
2017/3/17,13:55:45,858,27904,14.97,,1013,0.000,2586,449,0
2017/3/17,13:56:00,846,27509,14.97,,1013,0.000,2595,438,0
2017/3/17,13:56:15,839,27271,14.97,,1013,0.000,2584,438,0
2017/3/17,13:56:30,818,26613,14.97,,1013,0.000,2607,410,0
2017/3/17,13:56:45,803,26098,14.97,,1013,0.000,2592,440,0
2017/3/17,13:57:00,789,25652,14.97,,1013,0.000,2598,443,0
2017/3/17,13:57:15,803,26098,14.97,,1013,0.000,2600,438,0
2017/3/17,13:57:30,783,25463,14.97,,1013,0.000,2563,461,0
2017/3/17,13:57:45,778,25307,14.97,,1013,0.000,2583,449,0
2017/3/17,13:58:00,758,24637,14.97,,1013,0.000,2579,447,0
2017/3/17,13:58:15,757,24611,14.97,,1013,0.000,2562,482,0
2017/3/17,13:58:30,739,24049,14.97,,1013,0.000,2591,440,0
2017/3/17,13:58:45,750,24394,14.97,,1013,0.000,2584,457,0
2017/3/17,13:59:00,741,24086,14.97,,1013,0.000,2600,434,0
2017/3/17,13:59:15,747,24300,14.97,,1013,0.000,2602,441,0
2017/3/17,13:59:30,719,23388,14.97,,1013,0.000,2604,435,0
2017/3/17,13:59:45,709,23061,14.97,,1013,0.000,2568,467,0
2017/3/17,14:00:00,683,22203,14.98,,1013,0.000,2618,415,0
2017/3/17,14:00:15,692,22505,14.98,,1013,0.000,2572,449,0
2017/3/17,14:00:30,692,22508,14.98,,1013,0.000,2576,462,0
2017/3/17,14:00:45,690,22455,14.98,,1013,0.000,2607,428,0
2017/3/17,14:01:00,677,22027,14.98,,1013,0.000,2567,458,0
2017/3/17,14:01:15,672,21846,14.98,,1013,0.000,2586,438,0
2017/3/17,14:01:30,647,21049,14.98,,1013,0.000,2593,455,0
2017/3/17,14:01:45,657,21384,14.98,,1013,0.000,2581,463,0
2017/3/17,14:02:00,645,20968,14.98,,1013,0.000,2554,509,0
2017/3/17,14:02:15,631,20517,14.98,,1013,0.000,2585,456,0
2017/3/17,14:02:30,615,20018,14.98,,1013,0.000,2592,449,0
2017/3/17,14:02:45,630,20489,14.98,,1013,0.000,2593,433,0
2017/3/17,14:03:00,640,20822,14.98,,1013,0.000,2583,435,0
2017/3/17,14:03:15,632,20553,14.98,,1013,0.000,2584,444,0
2017/3/17,14:03:30,615,20017,14.98,,1013,0.000,2596,435,0
2017/3/17,14:03:45,606,19711,14.98,,1013,0.000,2595,423,0
2017/3/17,14:04:00,605,19678,14.98,,1013,0.000,2573,473,0
2017/3/17,14:04:15,619,20122,14.98,,1013,0.000,2602,433,0
2017/3/17,14:04:30,602,19591,14.98,,1013,0.000,2572,461,0
2017/3/17,14:04:45,594,19337,14.98,,1013,0.000,2592,423,0
2017/3/17,14:05:00,604,19660,14.98,,1013,0.000,2576,452,0
2017/3/17,14:05:15,631,20515,14.98,,1013,0.000,2554,463,0
2017/3/17,14:05:30,729,23721,14.97,,1013,0.000,2592,429,0
