TSI CPC DATA VERSION 3
1490354681,2017/3/24,11:24:41
15
1.08,130
Model 3783 Ver 1.27 S/N 3783111302
"Date","Time","Concentration","Count"," Live-Time","Blank","Abs Press"," Analog In","Pulse Height"," Pulse STD","Status Flags"
2017/3/24,11:24:39,2.14e3,23746,5.096,,1023,0.000,2617,429,0
2017/3/24,11:24:45,2.16e3,70426,14.92,,1023,0.000,2569,468,0
2017/3/24,11:25:00,2.15e3,70069,14.92,,1023,0.000,2596,452,0
2017/3/24,11:25:15,2.12e3,68937,14.93,,1023,0.000,2576,446,0
2017/3/24,11:25:30,2.13e3,69307,14.93,,1023,0.000,2578,468,0
2017/3/24,11:25:45,2.13e3,69234,14.93,,1023,0.000,2597,418,0
2017/3/24,11:26:00,2.10e3,68565,14.93,,1023,0.000,2573,463,0
2017/3/24,11:26:15,2.12e3,69063,14.93,,1023,0.000,2595,443,0
2017/3/24,11:26:30,2.11e3,68796,14.93,,1023,0.000,2602,432,0
2017/3/24,11:26:45,2.10e3,68393,14.93,,1023,0.000,2615,430,0
2017/3/24,11:27:00,2.08e3,67896,14.93,,1023,0.000,2612,427,0
2017/3/24,11:27:15,2.09e3,68087,14.93,,1023,0.000,2608,432,0
2017/3/24,11:27:30,2.08e3,67813,14.93,,1023,0.000,2558,491,0
2017/3/24,11:27:45,2.04e3,66584,14.93,,1023,0.000,2573,478,0
2017/3/24,11:28:00,2.02e3,65899,14.93,,1023,0.000,2607,437,0
2017/3/24,11:28:15,2.02e3,65789,14.93,,1023,0.000,2578,469,0
2017/3/24,11:28:30,2.02e3,65733,14.93,,1023,0.000,2567,494,0
2017/3/24,11:28:45,2.01e3,65492,14.93,,1023,0.000,2596,419,0
2017/3/24,11:29:00,2.00e3,65028,14.93,,1023,0.000,2592,452,0
2017/3/24,11:29:15,2.00e3,65245,14.93,,1023,0.000,2607,426,0
2017/3/24,11:29:30,2.00e3,65094,14.93,,1023,0.000,2580,465,0
2017/3/24,11:29:45,2.00e3,65074,14.93,,1023,0.000,2584,454,0
2017/3/24,11:30:00,1.99e3,64861,14.93,,1023,0.000,2580,471,0
2017/3/24,11:30:15,2.12e3,69056,14.93,,1023,0.000,2600,428,0
2017/3/24,11:30:30,2.61e3,84861,14.91,,1023,0.000,2584,449,0
2017/3/24,11:30:45,8.67e3,276050,14.72,,1023,0.000,2509,460,0
2017/3/24,11:31:00,1.79e4,559363,14.45,,1023,0.000,2453,451,0
2017/3/24,11:31:15,2.52e4,776413,14.24,,1023,0.000,2352,521,0
2017/3/24,11:31:30,2.43e4,750027,14.26,,1023,0.000,2403,485,0
2017/3/24,11:31:45,2.88e4,884087,14.13,,1023,0.000,2343,495,0
2017/3/24,11:32:00,5.03e4,1444864,13.59,,1023,0.000,2199,488,0
2017/3/24,11:32:15,6.57e4,1851263,13.2,,1023,0.000,2045,535,0
2017/3/24,11:32:30,1.07e5,2810615,12.21,,1023,0.000,1884,521,0
2017/3/24,11:32:45,1.78e5,4053789,10.72,,1023,0.000,1710,524,0
2017/3/24,11:33:00,2.53e5,5075218,9.302,,1023,0.000,1619,527,0
2017/3/24,11:33:15,2.28e5,4814572,9.726,,1023,0.000,1633,518,0
2017/3/24,11:33:30,2.34e5,4885185,9.627,,1023,0.000,1671,526,0
2017/3/24,11:33:45,2.56e5,5129686,9.25,,1023,0.000,1601,523,0
2017/3/24,11:34:00,2.76e5,5337125,8.901,,1023,0.000,1558,537,0
2017/3/24,11:34:15,3.02e5,5558507,8.5,,1023,0.000,1520,571,0
2017/3/24,11:34:30,3.31e5,5771780,8.055,,1023,0.000,1512,522,0
2017/3/24,11:34:45,3.41e5,5844387,7.907,,1023,0.000,1530,557,0
2017/3/24,11:35:00,3.51e5,5910380,7.761,,1023,0.000,1481,538,0
2017/3/24,11:35:15,3.45e5,5871114,7.844,,1023,0.000,1499,522,0
2017/3/24,11:35:30,3.51e5,5910234,7.759,,1023,0.000,1501,554,0
2017/3/24,11:35:45,3.66e5,5990567,7.55,,1023,0.000,1484,540,0
2017/3/24,11:36:00,3.83e5,6076695,7.318,,1023,0.000,1499,545,0
2017/3/24,11:36:15,3.81e5,6072839,7.346,,1022,0.000,1467,555,0
2017/3/24,11:36:30,3.98e5,6136329,7.133,,1023,0.000,1466,543,0
2017/3/24,11:36:45,3.83e5,6079882,7.315,,1023,0.000,1500,565,0
2017/3/24,11:37:00,3.95e5,6138074,7.162,,1022,0.000,1456,549,0
2017/3/24,11:37:15,4.02e5,6166273,7.073,,1023,0.000,1469,550,0
2017/3/24,11:37:30,4.06e5,6176109,7.01,,1023,0.000,1456,571,0
2017/3/24,11:37:45,4.12e5,6197308,6.94,,1023,0.000,1444,559,0
2017/3/24,11:38:00,4.17e5,6214860,6.865,,1023,0.000,1468,557,0
2017/3/24,11:38:15,4.23e5,6239161,6.803,,1022,0.000,1469,573,0
2017/3/24,11:38:30,4.16e5,6212001,6.882,,1022,0.000,1455,548,0
2017/3/24,11:38:45,4.22e5,6231664,6.81,,1022,0.000,1468,572,0
2017/3/24,11:39:00,4.23e5,6233171,6.793,,1023,0.000,1463,550,0
2017/3/24,11:39:15,4.27e5,6245608,6.751,,1022,0.000,1397,565,0
2017/3/24,11:39:30,4.29e5,6253591,6.719,,1022,0.000,1447,549,0
2017/3/24,11:39:45,4.33e5,6264875,6.665,,1022,0.000,1423,543,0
2017/3/24,11:40:00,4.26e5,6242451,6.755,,1022,0.000,1422,560,0
2017/3/24,11:40:15,4.25e5,6236530,6.768,,1023,0.000,1445,540,0
2017/3/24,11:40:30,4.20e5,6217614,6.834,,1022,0.000,1441,559,0
2017/3/24,11:40:45,4.22e5,6222139,6.802,,1023,0.000,1452,562,0
2017/3/24,11:41:00,4.13e5,6192240,6.911,,1022,0.000,1469,566,0
2017/3/24,11:41:15,4.16e5,6204134,6.877,,1022,0.000,1437,534,0
2017/3/24,11:41:30,4.07e5,6172772,6.993,,1022,0.000,1457,546,0
2017/3/24,11:41:45,4.07e5,6168082,6.983,,1022,0.000,1463,552,0
2017/3/24,11:42:00,4.05e5,6160449,7.018,,1022,0.000,1451,566,0
2017/3/24,11:42:15,4.08e5,6169109,6.978,,1022,0.000,1435,534,0
2017/3/24,11:42:30,4.13e5,6192426,6.908,,1022,0.000,1468,582,0
2017/3/24,11:42:45,4.13e5,6194684,6.911,,1022,0.000,1466,555,0
2017/3/24,11:43:00,4.16e5,6199256,6.877,,1022,0.000,1448,550,0
2017/3/24,11:43:15,4.13e5,6196768,6.92,,1022,0.000,1434,550,0
2017/3/24,11:43:30,4.11e5,6182942,6.93,,1022,0.000,1458,572,0
2017/3/24,11:43:45,3.92e5,6108842,7.191,,1022,0.000,1494,555,0
2017/3/24,11:44:00,3.92e5,6109049,7.184,,1022,0.000,1478,563,0
2017/3/24,11:44:15,3.94e5,6119822,7.157,,1022,0.000,1480,563,0
2017/3/24,11:44:30,3.84e5,6076885,7.292,,1022,0.000,1469,556,0
2017/3/24,11:44:45,3.88e5,6088796,7.237,,1022,0.000,1413,560,0
2017/3/24,11:45:00,3.91e5,6103607,7.196,,1022,0.000,1453,548,0
2017/3/24,11:45:15,3.85e5,6082795,7.283,,1022,0.000,1453,557,0
2017/3/24,11:45:30,3.84e5,6066321,7.287,,1022,0.000,1461,548,0
2017/3/24,11:45:45,3.79e5,6041998,7.353,,1022,0.000,1478,565,0
2017/3/24,11:46:00,3.75e5,6029199,7.413,,1022,0.000,1499,583,0
2017/3/24,11:46:15,3.76e5,6033912,7.401,,1022,0.000,1486,568,0
2017/3/24,11:46:30,3.75e5,6025155,7.416,,1022,0.000,1503,566,0
2017/3/24,11:46:45,3.75e5,6028248,7.417,,1022,0.000,1447,582,0
2017/3/24,11:47:00,3.66e5,5978482,7.538,,1022,0.000,1499,551,0
2017/3/24,11:47:15,3.64e5,5971875,7.567,,1022,0.000,1450,539,0
2017/3/24,11:47:30,3.59e5,5942803,7.631,,1022,0.000,1480,566,0
2017/3/24,11:47:45,3.56e5,5927331,7.665,,1022,0.000,1491,573,0
2017/3/24,11:48:00,3.59e5,5941020,7.635,,1022,0.000,1491,574,0
2017/3/24,11:48:15,3.62e5,5960005,7.595,,1022,0.000,1499,573,0
2017/3/24,11:48:30,3.68e5,5961427,7.545,,1022,0.000,1496,592,0
2017/3/24,11:48:45,3.65e5,5983927,7.549,,1022,0.000,1489,572,0
2017/3/24,11:49:00,3.61e5,5956551,7.601,,1022,0.000,1478,523,0
2017/3/24,11:49:15,3.49e5,5886357,7.776,,1022,0.000,1477,548,0
2017/3/24,11:49:30,3.49e5,5887085,7.784,,1022,0.000,1514,562,0
2017/3/24,11:49:45,3.50e5,5885753,7.753,,1022,0.000,1452,546,0
2017/3/24,11:50:00,3.45e5,5860865,7.83,,1022,0.000,1489,533,0
2017/3/24,11:50:15,3.41e5,5835861,7.895,,1022,0.000,1528,568,0
2017/3/24,11:50:30,3.43e5,5848944,7.853,,1022,0.000,1485,562,0
2017/3/24,11:50:45,3.58e5,5931725,7.652,,1022,0.000,1489,534,0
2017/3/24,11:51:00,3.52e5,5899474,7.736,,1022,0.000,1497,534,0
2017/3/24,11:51:15,3.47e5,5873214,7.807,,1022,0.000,1492,544,0
2017/3/24,11:51:30,3.47e5,5875686,7.796,,1022,0.000,1481,581,0
2017/3/24,11:51:45,3.49e5,5882457,7.779,,1022,0.000,1478,570,0
2017/3/24,11:52:00,3.53e5,5911914,7.718,,1022,0.000,1508,560,0
2017/3/24,11:52:15,3.68e5,6000150,7.513,,1022,0.000,1494,548,0
2017/3/24,11:52:30,3.96e5,6124592,7.136,,1022,0.000,1431,534,0
2017/3/24,11:52:45,4.05e5,6161460,7.027,,1022,0.000,1412,559,0
2017/3/24,11:53:00,4.02e5,6156873,7.054,,1022,0.000,1472,545,0
2017/3/24,11:53:15,4.13e5,6199725,6.928,,1022,0.000,1431,535,0
2017/3/24,11:53:30,4.16e5,6201320,6.882,,1022,0.000,1455,574,0
2017/3/24,11:53:45,4.13e5,6194845,6.921,,1022,0.000,1466,566,0
2017/3/24,11:54:00,4.06e5,6166905,7.004,,1022,0.000,1441,584,0
2017/3/24,11:54:15,4.08e5,6175951,6.988,,1022,0.000,1469,581,0
2017/3/24,11:54:30,4.08e5,6177613,6.975,,1022,0.000,1437,567,0
2017/3/24,11:54:45,4.21e5,6222487,6.822,,1022,0.000,1417,555,0
2017/3/24,11:55:00,4.33e5,6261753,6.664,,1022,0.000,1429,546,0
2017/3/24,11:55:15,4.73e5,6357971,6.216,,1022,0.000,1440,568,0
2017/3/24,11:55:30,5.10e5,6406624,5.816,,1022,0.000,1413,572,0
2017/3/24,11:55:45,5.01e5,6403561,5.893,,1022,0.000,1435,592,0
2017/3/24,11:56:00,5.04e5,6409035,5.872,,1021,0.000,1386,570,0
2017/3/24,11:56:15,5.10e5,6415082,5.807,,1022,0.000,1429,603,0
2017/3/24,11:56:30,5.16e5,6418580,5.739,,1022,0.000,1416,584,0
2017/3/24,11:56:45,5.08e5,6415398,5.824,,1022,0.000,1418,559,0
2017/3/24,11:57:00,5.06e5,6412714,5.839,,1022,0.000,1422,574,0
2017/3/24,11:57:15,5.12e5,6420846,5.79,,1021,0.000,1357,560,0
2017/3/24,11:57:30,5.76e5,6428049,5.169,,1022,0.000,1386,568,0
2017/3/24,11:57:45,5.78e5,6439862,5.145,,1021,0.000,1374,552,0
2017/3/24,11:58:00,6.11e5,6428102,4.862,,1021,0.000,1398,585,0
2017/3/24,11:58:15,5.98e5,6434048,4.964,,1021,0.000,1379,593,0
2017/3/24,11:58:30,5.72e5,6439925,5.191,,1021,0.000,1394,555,0
2017/3/24,11:58:45,5.58e5,6437400,5.326,,1021,0.000,1387,581,0
2017/3/24,11:59:00,5.64e5,6434606,5.263,,1022,0.000,1380,583,0
2017/3/24,11:59:15,5.72e5,6446226,5.196,,1021,0.000,1401,579,0
2017/3/24,11:59:30,5.61e5,6433709,5.294,,1022,0.000,1374,589,0
2017/3/24,11:59:45,5.71e5,6436519,5.203,,1021,0.000,1400,579,0
2017/3/24,12:00:00,5.76e5,6435488,5.156,,1021,0.000,1379,565,0
2017/3/24,12:00:15,5.98e5,6428520,4.971,,1022,0.000,1386,603,0
2017/3/24,12:00:30,6.00e5,6434325,4.95,,1021,0.000,1405,595,0
2017/3/24,12:00:45,5.86e5,6434283,5.064,,1022,0.000,1357,601,0
2017/3/24,12:01:00,5.88e5,6434093,5.052,,1022,0.000,1343,559,0
2017/3/24,12:01:15,5.82e5,6436025,5.1,,1021,0.000,1379,595,0
2017/3/24,12:01:30,5.74e5,6429840,5.168,,1021,0.000,1373,565,0
2017/3/24,12:01:45,5.63e5,6436679,5.274,,1022,0.000,1402,571,0
2017/3/24,12:02:00,5.53e5,6440396,5.374,,1021,0.000,1372,593,0
2017/3/24,12:02:15,5.42e5,6441668,5.483,,1022,0.000,1329,585,0
2017/3/24,12:02:30,5.21e5,6415345,5.682,,1021,0.000,1381,567,0
2017/3/24,12:02:45,5.09e5,6406626,5.807,,1022,0.000,1385,579,0
2017/3/24,12:03:00,5.05e5,6409161,5.853,,1021,0.000,1389,546,0
2017/3/24,12:03:15,5.06e5,6406430,5.835,,1021,0.000,1434,603,0
2017/3/24,12:03:30,4.99e5,6390574,5.905,,1021,0.000,1390,578,0
2017/3/24,12:03:45,5.01e5,6389044,5.88,,1021,0.000,1416,590,0
2017/3/24,12:04:00,4.85e5,6372779,6.063,,1021,0.000,1358,568,0
2017/3/24,12:04:15,4.83e5,6372700,6.09,,1021,0.000,1427,573,0
2017/3/24,12:04:30,4.73e5,6348749,6.196,,1021,0.000,1435,615,0
2017/3/24,12:04:45,4.65e5,6332482,6.273,,1021,0.000,1381,560,0
2017/3/24,12:05:00,4.61e5,6290532,6.375,,1021,0.000,1407,600,0
2017/3/24,12:05:15,4.67e5,6342341,6.263,,1021,0.000,1450,592,0
2017/3/24,12:05:30,4.51e5,6297444,6.441,,1021,0.000,1467,583,0
2017/3/24,12:05:45,4.55e5,6303964,6.384,,1021,0.000,1423,595,0
2017/3/24,12:06:00,4.38e5,6263491,6.586,,1021,0.000,1406,559,0
2017/3/24,12:06:15,4.28e5,6237072,6.713,,1021,0.000,1475,583,0
2017/3/24,12:06:30,4.16e5,6193519,6.869,,1021,0.000,1477,577,0
2017/3/24,12:06:45,4.09e5,6170578,6.953,,1021,0.000,1422,549,0
2017/3/24,12:07:00,4.04e5,6149980,7.015,,1021,0.000,1445,583,0
2017/3/24,12:07:15,4.00e5,6132114,7.072,,1021,0.000,1439,532,0
2017/3/24,12:07:30,3.82e5,6056609,7.308,,1021,0.000,1431,567,0
2017/3/24,12:07:45,3.77e5,6030511,7.372,,1021,0.000,1461,571,0
2017/3/24,12:08:00,3.75e5,6017635,7.408,,1021,0.000,1480,571,0
2017/3/24,12:08:15,3.71e5,5996365,7.461,,1021,0.000,1464,562,0
2017/3/24,12:08:30,3.42e5,5826556,7.871,,1021,0.000,1529,590,0
2017/3/24,12:08:45,3.50e5,5882615,7.759,,1021,0.000,1475,552,0
2017/3/24,12:09:00,3.31e5,5762441,8.03,,1021,0.000,1455,540,0
2017/3/24,12:09:15,3.25e5,5727892,8.123,,1021,0.000,1492,548,0
2017/3/24,12:09:30,3.08e5,5601862,8.383,,1021,0.000,1523,561,0
2017/3/24,12:09:45,3.13e5,5636688,8.311,,1021,0.000,1511,563,0
2017/3/24,12:10:00,3.10e5,5613353,8.349,,1021,0.000,1516,549,0
2017/3/24,12:10:15,2.96e5,5500711,8.577,,1021,0.000,1534,554,0
2017/3/24,12:10:30,2.79e5,5346910,8.846,,1021,0.000,1555,538,0
2017/3/24,12:10:45,2.79e5,5350758,8.838,,1021,0.000,1580,527,0
2017/3/24,12:11:00,2.71e5,5270558,8.969,,1021,0.000,1604,562,0
2017/3/24,12:11:15,2.68e5,5240621,9.024,,1021,0.000,1558,548,0
2017/3/24,12:11:30,2.65e5,5220060,9.069,,1021,0.000,1530,532,0
2017/3/24,12:11:45,2.60e5,5163459,9.162,,1021,0.000,1579,552,0
2017/3/24,12:12:00,2.39e5,4940085,9.52,,1021,0.000,1643,561,0
2017/3/24,12:12:15,2.34e5,4886724,9.607,,1021,0.000,1627,566,0
2017/3/24,12:12:30,2.21e5,4725536,9.835,,1021,0.000,1650,548,0
2017/3/24,12:12:45,2.20e5,4707258,9.866,,1021,0.000,1641,550,0
2017/3/24,12:13:00,2.17e5,4669961,9.916,,1021,0.000,1672,537,0
2017/3/24,12:13:15,2.08e5,4558117,10.07,,1021,0.000,1649,565,0
2017/3/24,12:13:30,2.12e5,4608534,10.0,,1021,0.000,1638,538,0
2017/3/24,12:13:45,2.02e5,4475369,10.19,,1021,0.000,1684,567,0
2017/3/24,12:14:00,1.90e5,4309493,10.42,,1021,0.000,1700,539,0
2017/3/24,12:14:15,1.92e5,4337958,10.38,,1021,0.000,1697,550,0
2017/3/24,12:14:30,1.90e5,4298617,10.44,,1021,0.000,1665,537,0
2017/3/24,12:14:45,1.76e5,4096837,10.69,,1021,0.000,1733,548,0
2017/3/24,12:15:00,1.75e5,4082244,10.72,,1021,0.000,1689,534,0
2017/3/24,12:15:15,1.76e5,4096081,10.7,,1021,0.000,1737,544,0
2017/3/24,12:15:30,1.76e5,4093917,10.7,,1021,0.000,1713,511,0
2017/3/24,12:15:45,1.63e5,3887630,10.96,,1021,0.000,1750,548,0
2017/3/24,12:16:00,1.58e5,3802647,11.07,,1021,0.000,1755,540,0
2017/3/24,12:16:15,1.51e5,3677742,11.23,,1021,0.000,1748,560,0
2017/3/24,12:16:30,1.50e5,3669879,11.24,,1021,0.000,1718,537,0
2017/3/24,12:16:45,1.50e5,3664407,11.24,,1021,0.000,1754,528,0
2017/3/24,12:17:00,1.40e5,3480143,11.45,,1021,0.000,1787,538,0
2017/3/24,12:17:15,1.44e5,3558293,11.37,,1021,0.000,1785,538,0
2017/3/24,12:17:30,1.37e5,3428564,11.52,,1021,0.000,1818,549,0
2017/3/24,12:17:45,1.33e5,3357994,11.6,,1021,0.000,1809,522,0
2017/3/24,12:18:00,1.33e5,3356726,11.6,,1021,0.000,1807,540,0
2017/3/24,12:18:15,1.35e5,3387263,11.57,,1021,0.000,1779,548,0
2017/3/24,12:18:30,1.32e5,3340816,11.62,,1021,0.000,1799,526,0
2017/3/24,12:18:45,1.23e5,3171866,11.82,,1021,0.000,1842,538,0
2017/3/24,12:19:00,1.18e5,3066259,11.94,,1021,0.000,1837,517,0
2017/3/24,12:19:15,1.18e5,3073344,11.93,,1021,0.000,1823,516,0
2017/3/24,12:19:30,1.12e5,2940426,12.08,,1021,0.000,1850,505,0
2017/3/24,12:19:45,1.07e5,2842516,12.18,,1021,0.000,1889,521,0
2017/3/24,12:20:00,1.04e5,2775956,12.25,,1021,0.000,1887,506,0
2017/3/24,12:20:15,1.08e5,2859622,12.16,,1021,0.000,1876,517,0
2017/3/24,12:20:30,1.05e5,2795548,12.23,,1021,0.000,1890,540,0
2017/3/24,12:20:45,1.01e5,2718589,12.32,,1021,0.000,1843,550,0
2017/3/24,12:21:00,9.67e4,2608939,12.44,,1021,0.000,1925,507,0
2017/3/24,12:21:15,9.69e4,2611314,12.43,,1021,0.000,1877,520,0
2017/3/24,12:21:30,9.45e4,2557506,12.5,,1021,0.000,1864,548,0
2017/3/24,12:21:45,9.01e4,2460573,12.59,,1021,0.000,1940,526,0
2017/3/24,12:22:00,8.97e4,2450616,12.6,,1021,0.000,1906,526,0
2017/3/24,12:22:15,8.82e4,2417425,12.64,,1021,0.000,1934,509,0
2017/3/24,12:22:30,8.26e4,2287652,12.77,,1021,0.000,1933,513,0
2017/3/24,12:22:45,8.03e4,2233395,12.82,,1021,0.000,1982,504,0
2017/3/24,12:23:00,7.86e4,2191469,12.86,,1021,0.000,1940,502,0
2017/3/24,12:23:15,7.85e4,2191373,12.87,,1021,0.000,1929,534,0
2017/3/24,12:23:30,7.69e4,2151729,12.91,,1021,0.000,1951,516,0
2017/3/24,12:23:45,7.28e4,2054786,13.01,,1021,0.000,1964,521,0
2017/3/24,12:24:00,7.36e4,2072647,12.99,,1021,0.000,1977,526,0
2017/3/24,12:24:15,7.35e4,2071143,12.99,,1021,0.000,1971,531,0
2017/3/24,12:24:30,7.39e4,2081506,12.98,,1021,0.000,1984,537,0
2017/3/24,12:24:45,7.10e4,2010303,13.05,,1021,0.000,1984,515,0
2017/3/24,12:25:00,6.76e4,1925334,13.13,,1021,0.000,2039,534,0
2017/3/24,12:25:15,6.59e4,1882774,13.17,,1021,0.000,2031,532,0
2017/3/24,12:25:30,6.30e4,1809733,13.25,,1021,0.000,2069,538,0
2017/3/24,12:25:45,6.00e4,1735126,13.32,,1021,0.000,2082,524,0
2017/3/24,12:26:00,6.10e4,1759574,13.3,,1021,0.000,2058,534,0
2017/3/24,12:26:15,6.09e4,1758159,13.3,,1021,0.000,2045,539,0
2017/3/24,12:26:30,5.88e4,1703690,13.35,,1021,0.000,2058,531,0
2017/3/24,12:26:45,5.79e4,1679907,13.37,,1021,0.000,2080,526,0
2017/3/24,12:27:00,5.86e4,1699084,13.36,,1021,0.000,2081,540,0
2017/3/24,12:27:15,5.30e4,1553226,13.5,,1021,0.000,2131,524,0
2017/3/24,12:27:30,5.20e4,1525767,13.52,,1021,0.000,2108,537,0
2017/3/24,12:27:45,5.22e4,1531120,13.52,,1021,0.000,2126,537,0
2017/3/24,12:28:00,5.32e4,1556613,13.49,,1021,0.000,2091,546,0
2017/3/24,12:28:15,5.01e4,1474854,13.57,,1021,0.000,2149,540,0
2017/3/24,12:28:30,4.76e4,1408989,13.63,,1021,0.000,2172,527,0
2017/3/24,12:28:45,4.72e4,1397874,13.64,,1021,0.000,2200,506,0
2017/3/24,12:29:00,4.51e4,1341735,13.7,,1021,0.000,2202,534,0
2017/3/24,12:29:15,4.38e4,1306499,13.73,,1021,0.000,2169,559,0
2017/3/24,12:29:30,4.23e4,1263420,13.77,,1021,0.000,2219,529,0
2017/3/24,12:29:45,4.26e4,1272350,13.76,,1021,0.000,2172,566,0
2017/3/24,12:30:00,4.08e4,1222759,13.81,,1021,0.000,2241,522,0
2017/3/24,12:30:15,4.17e4,1248645,13.79,,1021,0.000,2185,540,0
2017/3/24,12:30:30,3.91e4,1176561,13.85,,1021,0.000,2244,538,0
2017/3/24,12:30:45,3.77e4,1135953,13.89,,1021,0.000,2254,544,0
2017/3/24,12:31:00,3.71e4,1119186,13.91,,1021,0.000,2183,587,0
2017/3/24,12:31:15,3.70e4,1116737,13.91,,1021,0.000,2204,590,0
2017/3/24,12:31:30,3.60e4,1089918,13.94,,1021,0.000,2271,537,0
2017/3/24,12:31:45,3.49e4,1058337,13.97,,1021,0.000,2246,557,0
2017/3/24,12:32:00,3.43e4,1042350,13.98,,1021,0.000,2257,548,0
2017/3/24,12:32:15,3.47e4,1052879,13.97,,1021,0.000,2232,560,0
2017/3/24,12:32:30,3.38e4,1025823,14.0,,1021,0.000,2274,533,0
2017/3/24,12:32:45,3.24e4,985934,14.04,,1021,0.000,2258,546,0
2017/3/24,12:33:00,3.15e4,960422,14.06,,1021,0.000,2319,528,0
2017/3/24,12:33:15,3.01e4,920511,14.1,,1021,0.000,2342,512,0
2017/3/24,12:33:30,2.99e4,916891,14.1,,1021,0.000,2275,533,0
2017/3/24,12:33:45,2.98e4,911709,14.11,,1021,0.000,2279,544,0
2017/3/24,12:34:00,2.94e4,900827,14.12,,1021,0.000,2325,527,0
2017/3/24,12:34:15,2.89e4,887996,14.13,,1021,0.000,2288,550,0
2017/3/24,12:34:30,2.93e4,898911,14.12,,1021,0.000,2314,513,0
2017/3/24,12:34:45,2.77e4,850672,14.16,,1021,0.000,2344,524,0
2017/3/24,12:35:00,2.65e4,818460,14.19,,1021,0.000,2333,516,0
2017/3/24,12:35:15,2.61e4,804968,14.21,,1021,0.000,2336,524,0
2017/3/24,12:35:30,2.57e4,794922,14.22,,1021,0.000,2292,529,0
2017/3/24,12:35:45,2.55e4,788227,14.22,,1021,0.000,2332,541,0
2017/3/24,12:36:00,2.51e4,775658,14.23,,1021,0.000,2352,527,0
2017/3/24,12:36:15,2.38e4,739037,14.27,,1021,0.000,2329,545,0
2017/3/24,12:36:30,2.50e4,773430,14.24,,1021,0.000,2363,504,0
2017/3/24,12:36:45,2.35e4,729810,14.28,,1021,0.000,2324,548,0
2017/3/24,12:37:00,2.30e4,714322,14.29,,1021,0.000,2375,515,0
2017/3/24,12:37:15,2.20e4,683916,14.32,,1021,0.000,2376,515,0
2017/3/24,12:37:30,2.22e4,689672,14.32,,1021,0.000,2363,505,0
2017/3/24,12:37:45,2.18e4,679993,14.33,,1021,0.000,2402,495,0
2017/3/24,12:38:00,2.15e4,668410,14.34,,1021,0.000,2374,532,0
2017/3/24,12:38:15,2.12e4,659659,14.35,,1021,0.000,2368,535,0
2017/3/24,12:38:30,2.04e4,638480,14.37,,1020,0.000,2395,509,0
2017/3/24,12:38:45,1.93e4,604259,14.4,,1021,0.000,2402,510,0
2017/3/24,12:39:00,1.95e4,610397,14.39,,1021,0.000,2413,505,0
2017/3/24,12:39:15,1.88e4,588819,14.41,,1021,0.000,2392,523,0
2017/3/24,12:39:30,1.91e4,596874,14.41,,1021,0.000,2413,507,0
2017/3/24,12:39:45,1.87e4,586439,14.42,,1021,0.000,2386,510,0
2017/3/24,12:40:00,1.86e4,583619,14.42,,1021,0.000,2412,495,0
2017/3/24,12:40:15,1.78e4,558626,14.44,,1021,0.000,2392,538,0
2017/3/24,12:40:30,1.83e4,573981,14.43,,1021,0.000,2403,501,0
2017/3/24,12:40:45,1.84e4,576742,14.42,,1021,0.000,2359,557,0
2017/3/24,12:41:00,1.68e4,528124,14.47,,1021,0.000,2414,511,0
2017/3/24,12:41:15,1.70e4,535712,14.47,,1021,0.000,2408,515,0
2017/3/24,12:41:30,1.68e4,528851,14.47,,1021,0.000,2469,462,0
2017/3/24,12:41:45,1.65e4,518671,14.48,,1021,0.000,2419,516,0
2017/3/24,12:42:00,1.55e4,487850,14.51,,1021,0.000,2475,479,0
2017/3/24,12:42:15,1.45e4,459986,14.54,,1020,0.000,2459,496,0
2017/3/24,12:42:30,1.44e4,456718,14.54,,1021,0.000,2445,511,0
2017/3/24,12:42:45,1.46e4,460528,14.54,,1021,0.000,2441,489,0
2017/3/24,12:43:00,1.44e4,455443,14.54,,1021,0.000,2447,501,0
2017/3/24,12:43:15,1.44e4,455933,14.54,,1020,0.000,2481,465,0
2017/3/24,12:43:30,1.35e4,429189,14.57,,1020,0.000,2446,533,0
2017/3/24,12:43:45,1.33e4,422718,14.57,,1021,0.000,2445,509,0
2017/3/24,12:44:00,1.35e4,427274,14.57,,1021,0.000,2481,488,0
2017/3/24,12:44:15,1.37e4,433469,14.56,,1021,0.000,2463,505,0
2017/3/24,12:44:30,1.26e4,401215,14.59,,1020,0.000,2464,494,0
2017/3/24,12:44:45,1.29e4,408949,14.59,,1021,0.000,2484,469,0
2017/3/24,12:45:00,1.24e4,393919,14.6,,1021,0.000,2478,472,0
2017/3/24,12:45:15,1.19e4,377537,14.62,,1021,0.000,2459,509,0
2017/3/24,12:45:30,1.17e4,372626,14.62,,1021,0.000,2471,509,0
2017/3/24,12:45:45,1.18e4,375740,14.62,,1020,0.000,2457,493,0
2017/3/24,12:46:00,1.16e4,371070,14.62,,1020,0.000,2465,499,0
2017/3/24,12:46:15,1.10e4,349719,14.64,,1020,0.000,2506,474,0
2017/3/24,12:46:30,1.06e4,338801,14.66,,1020,0.000,2500,480,0
2017/3/24,12:46:45,1.08e4,345208,14.65,,1020,0.000,2465,516,0
2017/3/24,12:47:00,1.06e4,337999,14.66,,1020,0.000,2500,483,0
2017/3/24,12:47:15,1.04e4,333942,14.66,,1020,0.000,2476,500,0
2017/3/24,12:47:30,1.05e4,335285,14.66,,1020,0.000,2532,452,0
2017/3/24,12:47:45,1.03e4,329580,14.66,,1020,0.000,2498,495,0
2017/3/24,12:48:00,1.05e4,335203,14.66,,1020,0.000,2497,466,0
2017/3/24,12:48:15,9.89e3,315305,14.68,,1020,0.000,2504,467,0
2017/3/24,12:48:30,9.65e3,307563,14.69,,1020,0.000,2495,476,0
2017/3/24,12:48:45,9.04e3,288674,14.7,,1020,0.000,2482,494,0
2017/3/24,12:49:00,9.00e3,287247,14.71,,1020,0.000,2485,488,0
2017/3/24,12:49:15,9.06e3,289266,14.7,,1020,0.000,2523,467,0
2017/3/24,12:49:30,9.02e3,287853,14.71,,1020,0.000,2525,455,0
2017/3/24,12:49:45,8.56e3,273587,14.72,,1020,0.000,2515,487,0
2017/3/24,12:50:00,8.69e3,277790,14.72,,1020,0.000,2517,479,0
2017/3/24,12:50:15,8.59e3,274591,14.72,,1020,0.000,2523,460,0
2017/3/24,12:50:30,8.09e3,258942,14.73,,1020,0.000,2545,437,0
2017/3/24,12:50:45,7.98e3,255512,14.74,,1020,0.000,2512,495,0
2017/3/24,12:51:00,7.73e3,247593,14.75,,1020,0.000,2501,471,0
2017/3/24,12:51:15,7.82e3,250525,14.74,,1020,0.000,2529,478,0
2017/3/24,12:51:30,7.36e3,235770,14.76,,1020,0.000,2503,501,0
2017/3/24,12:51:45,7.45e3,238895,14.75,,1020,0.000,2509,485,0
2017/3/24,12:52:00,7.31e3,234226,14.76,,1020,0.000,2534,462,0
2017/3/24,12:52:15,7.31e3,234337,14.76,,1020,0.000,2535,482,0
2017/3/24,12:52:30,7.03e3,225374,14.77,,1020,0.000,2509,467,0
2017/3/24,12:52:45,6.68e3,214422,14.78,,1020,0.000,2513,502,0
2017/3/24,12:53:00,6.77e3,217449,14.77,,1020,0.000,2521,469,0
2017/3/24,12:53:15,6.52e3,209497,14.78,,1020,0.000,2556,441,0
2017/3/24,12:53:30,6.34e3,203770,14.79,,1020,0.000,2558,446,0
2017/3/24,12:53:45,6.08e3,195631,14.8,,1020,0.000,2536,474,0
2017/3/24,12:54:00,5.93e3,190919,14.8,,1020,0.000,2570,427,0
2017/3/24,12:54:15,5.91e3,190154,14.8,,1020,0.000,2537,479,0
2017/3/24,12:54:30,5.75e3,185102,14.81,,1020,0.000,2545,471,0
2017/3/24,12:54:45,5.64e3,181500,14.81,,1020,0.000,2510,493,0
2017/3/24,12:55:00,5.46e3,175736,14.82,,1020,0.000,2558,465,0
2017/3/24,12:55:15,5.30e3,170671,14.82,,1020,0.000,2539,479,0
2017/3/24,12:55:30,5.23e3,168706,14.82,,1020,0.000,2551,472,0
2017/3/24,12:55:45,5.15e3,166085,14.83,,1020,0.000,2543,457,0
2017/3/24,12:56:00,5.10e3,164468,14.83,,1020,0.000,2529,498,0
2017/3/24,12:56:15,4.96e3,160003,14.83,,1020,0.000,2569,433,0
2017/3/24,12:56:30,4.87e3,157034,14.84,,1020,0.000,2570,441,0
2017/3/24,12:56:45,4.80e3,154840,14.84,,1020,0.000,2563,460,0
2017/3/24,12:57:00,4.67e3,150606,14.84,,1020,0.000,2558,458,0
2017/3/24,12:57:15,4.54e3,146761,14.85,,1020,0.000,2512,524,0
2017/3/24,12:57:30,4.52e3,146013,14.85,,1020,0.000,2553,447,0
2017/3/24,12:57:45,4.49e3,145129,14.85,,1020,0.000,2565,458,0
2017/3/24,12:58:00,4.35e3,140740,14.85,,1020,0.000,2552,447,0
2017/3/24,12:58:15,4.27e3,138083,14.86,,1020,0.000,2551,451,0
2017/3/24,12:58:30,4.25e3,137502,14.86,,1020,0.000,2574,446,0
2017/3/24,12:58:45,4.24e3,137021,14.86,,1020,0.000,2578,430,0
2017/3/24,12:59:00,4.14e3,133858,14.86,,1020,0.000,2550,474,0
2017/3/24,12:59:15,3.99e3,129184,14.86,,1020,0.000,2567,476,0
2017/3/24,12:59:30,3.97e3,128302,14.87,,1020,0.000,2563,450,0
2017/3/24,12:59:45,3.85e3,124638,14.87,,1020,0.000,2575,437,0
2017/3/24,13:00:00,3.86e3,124781,14.87,,1020,0.000,2583,456,0
2017/3/24,13:00:15,3.62e3,117096,14.88,,1020,0.000,2552,477,0
2017/3/24,13:00:30,3.66e3,118541,14.88,,1020,0.000,2561,460,0
2017/3/24,13:00:45,3.82e3,123536,14.87,,1020,0.000,2572,447,0
2017/3/24,13:01:00,3.70e3,119798,14.87,,1020,0.000,2552,452,0
2017/3/24,13:01:15,3.64e3,117787,14.88,,1020,0.000,2545,479,0
2017/3/24,13:01:30,3.60e3,116508,14.88,,1020,0.000,2567,432,0
2017/3/24,13:01:45,3.44e3,111473,14.88,,1020,0.000,2570,455,0
2017/3/24,13:02:00,3.56e3,115182,14.88,,1020,0.000,2552,478,0
2017/3/24,13:02:15,3.34e3,108120,14.89,,1020,0.000,2587,432,0
2017/3/24,13:02:30,3.21e3,104219,14.89,,1020,0.000,2569,465,0
2017/3/24,13:02:45,3.15e3,102325,14.89,,1020,0.000,2564,472,0
2017/3/24,13:03:00,3.21e3,104181,14.89,,1020,0.000,2535,484,0
2017/3/24,13:03:15,3.14e3,102006,14.89,,1020,0.000,2562,463,0
2017/3/24,13:03:30,3.03e3,98608,14.9,,1020,0.000,2558,466,0
2017/3/24,13:03:45,2.93e3,95425,14.9,,1020,0.000,2591,418,0
2017/3/24,13:04:00,2.95e3,95857,14.9,,1020,0.000,2580,443,0
2017/3/24,13:04:15,2.88e3,93673,14.9,,1020,0.000,2584,477,0
2017/3/24,13:04:30,2.93e3,95391,14.9,,1020,0.000,2590,446,0
2017/3/24,13:04:45,2.77e3,90163,14.9,,1020,0.000,2563,465,0
2017/3/24,13:05:00,2.84e3,92382,14.9,,1020,0.000,2590,449,0
2017/3/24,13:05:15,2.73e3,88864,14.91,,1020,0.000,2557,468,0
2017/3/24,13:05:30,2.61e3,84906,14.91,,1020,0.000,2593,435,0
2017/3/24,13:05:45,2.62e3,85256,14.91,,1020,0.000,2590,439,0
2017/3/24,13:06:00,2.62e3,85185,14.91,,1020,0.000,2543,468,0
2017/3/24,13:06:15,2.61e3,84911,14.91,,1020,0.000,2604,423,0
2017/3/24,13:06:30,2.59e3,84273,14.91,,1020,0.000,2572,455,0
2017/3/24,13:06:45,2.45e3,79716,14.91,,1020,0.000,2580,458,0
2017/3/24,13:07:00,2.42e3,78739,14.92,,1020,0.000,2563,462,0
2017/3/24,13:07:15,2.52e3,82018,14.91,,1020,0.000,2536,489,0
2017/3/24,13:07:30,2.44e3,79580,14.92,,1020,0.000,2559,482,0
2017/3/24,13:07:45,2.36e3,76766,14.92,,1020,0.000,2585,446,0
2017/3/24,13:08:00,2.36e3,76829,14.92,,1020,0.000,2586,456,0
2017/3/24,13:08:15,2.22e3,72235,14.92,,1020,0.000,2581,466,0
2017/3/24,13:08:30,2.20e3,71760,14.92,,1020,0.000,2572,473,0
2017/3/24,13:08:45,2.22e3,72231,14.92,,1020,0.000,2618,419,0
2017/3/24,13:09:00,2.19e3,71427,14.92,,1020,0.000,2598,422,0
2017/3/24,13:09:15,2.06e3,67027,14.93,,1020,0.000,2596,447,0
2017/3/24,13:09:30,2.05e3,66840,14.93,,1020,0.000,2584,437,0
2017/3/24,13:09:45,2.06e3,67274,14.93,,1020,0.000,2565,468,0
2017/3/24,13:10:00,2.09e3,68104,14.93,,1020,0.000,2586,440,0
2017/3/24,13:10:15,2.02e3,65676,14.93,,1020,0.000,2543,510,0
2017/3/24,13:10:30,1.93e3,62898,14.93,,1020,0.000,2575,441,0
2017/3/24,13:10:45,1.95e3,63395,14.93,,1020,0.000,2585,441,0
2017/3/24,13:11:00,1.91e3,62138,14.93,,1020,0.000,2593,429,0
2017/3/24,13:11:15,1.84e3,59869,14.94,,1020,0.000,2575,458,0
2017/3/24,13:11:30,1.75e3,57050,14.94,,1020,0.000,2575,452,0
2017/3/24,13:11:45,1.66e3,54228,14.94,,1020,0.000,2559,489,0
2017/3/24,13:12:00,1.68e3,54617,14.94,,1020,0.000,2593,419,0
2017/3/24,13:12:15,1.65e3,53834,14.94,,1020,0.000,2569,461,0
2017/3/24,13:12:30,1.72e3,56025,14.94,,1020,0.000,2598,432,0
2017/3/24,13:12:45,1.65e3,53692,14.94,,1020,0.000,2590,469,0
2017/3/24,13:13:00,1.61e3,52571,14.94,,1020,0.000,2604,440,0
2017/3/24,13:13:15,1.57e3,51128,14.94,,1020,0.000,2550,480,0
2017/3/24,13:13:30,1.56e3,50755,14.95,,1020,0.000,2596,424,0
2017/3/24,13:13:45,1.56e3,50786,14.94,,1020,0.000,2572,460,0
2017/3/24,13:14:00,1.59e3,51748,14.94,,1020,0.000,2575,468,0
2017/3/24,13:14:15,1.56e3,50985,14.94,,1020,0.000,2583,447,0
2017/3/24,13:14:30,1.52e3,49444,14.95,,1020,0.000,2585,440,0
2017/3/24,13:14:45,1.47e3,48046,14.95,,1020,0.000,2604,427,0
2017/3/24,13:15:00,1.44e3,46915,14.95,,1020,0.000,2603,422,0
2017/3/24,13:15:15,1.44e3,46820,14.95,,1020,0.000,2569,460,0
2017/3/24,13:15:30,1.42e3,46471,14.95,,1020,0.000,2608,421,0
2017/3/24,13:15:45,1.36e3,44398,14.95,,1020,0.000,2603,422,0
2017/3/24,13:16:00,1.35e3,43890,14.95,,1020,0.000,2592,454,0
2017/3/24,13:16:15,1.31e3,42648,14.95,,1020,0.000,2573,461,0
2017/3/24,13:16:30,1.32e3,42996,14.95,,1020,0.000,2614,430,0
2017/3/24,13:16:45,1.33e3,43518,14.95,,1020,0.000,2602,427,0
2017/3/24,13:17:00,1.31e3,42709,14.95,,1020,0.000,2584,446,0
2017/3/24,13:17:15,1.21e3,39617,14.96,,1020,0.000,2607,432,0
2017/3/24,13:17:30,1.26e3,41135,14.96,,1020,0.000,2595,426,0
2017/3/24,13:17:45,1.24e3,40447,14.96,,1020,0.000,2601,455,0
2017/3/24,13:18:00,1.24e3,40386,14.96,,1020,0.000,2596,422,0
2017/3/24,13:18:15,1.21e3,39344,14.96,,1020,0.000,2583,466,0
2017/3/24,13:18:30,1.18e3,38426,14.96,,1020,0.000,2591,435,0
2017/3/24,13:18:45,1.20e3,39261,14.96,,1020,0.000,2589,447,0
2017/3/24,13:19:00,1.13e3,36978,14.96,,1020,0.000,2618,433,0
2017/3/24,13:19:15,1.10e3,35924,14.96,,1020,0.000,2559,463,0
2017/3/24,13:19:30,1.10e3,36052,14.96,,1020,0.000,2581,455,0
2017/3/24,13:19:45,1.02e3,33468,14.96,,1020,0.000,2559,489,0
2017/3/24,13:20:00,1.07e3,34911,14.96,,1020,0.000,2601,444,0
2017/3/24,13:20:15,1.07e3,34781,14.96,,1020,0.000,2600,443,0
2017/3/24,13:20:30,1.04e3,33824,14.96,,1020,0.000,2589,455,0
2017/3/24,13:20:45,995,32343,14.96,,1020,0.000,2590,457,0
2017/3/24,13:21:00,956,31096,14.97,,1020,0.000,2593,443,0
2017/3/24,13:21:15,963,31311,14.97,,1020,0.000,2589,439,0
2017/3/24,13:21:30,1.00e3,32511,14.96,,1019,0.000,2604,429,0
2017/3/24,13:21:45,1.00e3,32772,14.96,,1020,0.000,2567,478,0
2017/3/24,13:22:00,1.00e3,32810,14.96,,1020,0.000,2589,474,0
2017/3/24,13:22:15,962,31289,14.97,,1020,0.000,2613,411,0
2017/3/24,13:22:30,958,31136,14.97,,1020,0.000,2573,479,0
2017/3/24,13:22:45,949,30866,14.97,,1019,0.000,2596,428,0
2017/3/24,13:23:00,938,30511,14.97,,1019,0.000,2598,446,0
2017/3/24,13:23:15,928,30170,14.97,,1020,0.000,2596,446,0
2017/3/24,13:23:30,907,29499,14.97,,1020,0.000,2561,491,0
2017/3/24,13:23:45,861,28014,14.97,,1020,0.000,2625,417,0
2017/3/24,13:24:00,865,28119,14.97,,1019,0.000,2590,449,0
2017/3/24,13:24:15,834,27115,14.97,,1020,0.000,2580,473,0
2017/3/24,13:24:30,836,27174,14.97,,1019,0.000,2598,444,0
2017/3/24,13:24:45,836,27186,14.97,,1019,0.000,2607,439,0
TSI CPC DATA VERSION 3
1490382756,2017/3/24,19:12:36
15
1.08,130
Model 3783 Ver 1.27 S/N 3783111302
"Date","Time","Concentration","Count"," Live-Time","Blank","Abs Press"," Analog In","Pulse Height"," Pulse STD","Status Flags"
2017/3/24,19:12:30,5.00e3,158527,14.6,,1012,0.000,2524,468,0
2017/3/24,19:12:45,4.95e3,159717,14.84,,1012,0.000,2520,473,0
2017/3/24,19:13:00,4.92e3,158574,14.84,,1012,0.000,2553,437,0
2017/3/24,19:13:15,4.91e3,158435,14.84,,1012,0.000,2536,452,0
2017/3/24,19:13:30,4.86e3,156794,14.84,,1012,0.000,2540,466,0
2017/3/24,19:13:45,4.76e3,153666,14.84,,1012,0.000,2562,438,0
2017/3/24,19:14:00,4.75e3,153339,14.84,,1012,0.000,2546,457,0
2017/3/24,19:14:15,4.68e3,151116,14.85,,1012,0.000,2529,495,0
2017/3/24,19:14:30,4.66e3,150394,14.85,,1012,0.000,2562,463,0
2017/3/24,19:14:45,4.58e3,147765,14.85,,1012,0.000,2547,469,0
2017/3/24,19:15:00,4.62e3,149163,14.85,,1012,0.000,2537,465,0
2017/3/24,19:15:15,4.57e3,147716,14.85,,1012,0.000,2542,458,0
2017/3/24,19:15:30,4.54e3,146516,14.85,,1012,0.000,2534,483,0
2017/3/24,19:15:45,4.48e3,144848,14.85,,1012,0.000,2567,440,0
2017/3/24,19:16:00,4.44e3,143423,14.85,,1012,0.000,2579,428,0
2017/3/24,19:16:15,4.39e3,141995,14.86,,1012,0.000,2535,461,0
2017/3/24,19:16:30,4.37e3,141357,14.86,,1012,0.000,2558,450,0
2017/3/24,19:16:45,4.35e3,140571,14.86,,1012,0.000,2558,443,0
2017/3/24,19:17:00,8.70e3,276524,14.73,,1012,0.000,2503,473,0
2017/3/24,19:17:15,6.09e3,195803,14.8,,1012,0.000,2526,478,0
2017/3/24,19:17:30,5.84e3,188055,14.81,,1012,0.000,2568,417,0
2017/3/24,19:17:45,5.43e3,174851,14.82,,1012,0.000,2530,473,0
2017/3/24,19:18:00,5.95e3,191415,14.81,,1012,0.000,2518,461,0
2017/3/24,19:18:15,8.38e3,267019,14.74,,1012,0.000,2515,458,0
2017/3/24,19:18:30,3.55e4,1053224,14.0,,1012,0.000,2303,484,0
2017/3/24,19:18:45,4.65e4,1339912,13.72,,1012,0.000,2160,589,0
2017/3/24,19:19:00,2.42e4,745024,14.29,,1012,0.000,2373,471,0
2017/3/24,19:19:15,9.25e4,2477150,12.63,,1012,0.000,1966,467,0
2017/3/24,19:19:30,1.35e5,3393863,11.66,,1012,0.000,1840,469,0
2017/3/24,19:19:45,1.08e5,2862948,12.25,,1012,0.000,1925,429,0
2017/3/24,19:20:00,1.92e5,4319694,10.54,,1012,0.000,1715,479,0
2017/3/24,19:20:15,2.51e5,5118261,9.454,,1012,0.000,1599,501,0
2017/3/24,19:20:30,2.21e5,4719842,9.997,,1012,0.000,1663,473,0
2017/3/24,19:20:45,2.23e5,4792663,9.938,,1012,0.000,1667,511,0
2017/3/24,19:21:00,2.12e5,4643344,10.14,,1012,0.000,1667,488,0
2017/3/24,19:21:15,3.14e5,5618125,8.499,,1012,0.000,1529,523,0
2017/3/24,19:21:30,3.06e5,5628683,8.577,,1012,0.000,1538,511,0
2017/3/24,19:21:45,3.07e5,5668048,8.544,,1012,0.000,1544,516,0
2017/3/24,19:22:00,3.10e5,5686168,8.488,,1012,0.000,1502,512,0
2017/3/24,19:22:15,3.66e5,6067552,7.683,,1012,0.000,1458,517,0
2017/3/24,19:22:30,3.80e5,6125644,7.502,,1012,0.000,1442,533,0
2017/3/24,19:22:45,4.05e5,6237366,7.178,,1012,0.000,1444,554,0
2017/3/24,19:23:00,3.42e5,5932205,8.012,,1012,0.000,1525,522,0
2017/3/24,19:23:15,3.98e5,6229712,7.257,,1012,0.000,1448,515,0
2017/3/24,19:23:30,3.86e5,6172108,7.4,,1012,0.000,1447,540,0
2017/3/24,19:23:45,3.70e5,6102050,7.611,,1012,0.000,1510,545,0
2017/3/24,19:24:00,4.05e5,6272615,7.149,,1012,0.000,1431,532,0
2017/3/24,19:24:15,4.17e5,6320367,7.001,,1012,0.000,1445,524,0
2017/3/24,19:24:30,3.91e5,6205731,7.315,,1012,0.000,1485,517,0
2017/3/24,19:24:45,3.88e5,6195509,7.362,,1012,0.000,1467,537,0
2017/3/24,19:25:00,4.09e5,6280383,7.088,,1012,0.000,1468,539,0
2017/3/24,19:25:15,4.25e5,6346516,6.882,,1012,0.000,1420,509,0
2017/3/24,19:25:30,4.19e5,6314165,6.96,,1012,0.000,1444,567,0
2017/3/24,19:25:45,4.26e5,6339676,6.869,,1012,0.000,1424,555,0
2017/3/24,19:26:00,4.02e5,6253184,7.167,,1012,0.000,1456,532,0
2017/3/24,19:26:15,4.09e5,6281945,7.081,,1012,0.000,1429,516,0
2017/3/24,19:26:30,4.16e5,6309691,6.987,,1012,0.000,1455,566,0
2017/3/24,19:26:45,4.07e5,6265624,7.1,,1012,0.000,1450,567,0
2017/3/24,19:27:00,4.11e5,6285695,7.051,,1012,0.000,1433,554,0
2017/3/24,19:27:15,4.15e5,6308836,7.001,,1012,0.000,1431,548,0
2017/3/24,19:27:30,4.17e5,6305485,6.978,,1012,0.000,1445,568,0
2017/3/24,19:27:45,4.04e5,6257702,7.136,,1012,0.000,1452,544,0
2017/3/24,19:28:00,4.09e5,6273939,7.075,,1012,0.000,1480,528,0
2017/3/24,19:28:15,4.05e5,6258714,7.126,,1012,0.000,1468,524,0
2017/3/24,19:28:30,4.17e5,6304748,6.969,,1012,0.000,1464,550,0
2017/3/24,19:28:45,4.06e5,6253058,7.101,,1012,0.000,1455,549,0
2017/3/24,19:29:00,3.88e5,6179488,7.35,,1012,0.000,1470,546,0
2017/3/24,19:29:15,3.96e5,6212427,7.242,,1012,0.000,1470,552,0
2017/3/24,19:29:30,3.97e5,6220258,7.222,,1012,0.000,1456,541,0
2017/3/24,19:29:45,3.82e5,6149380,7.421,,1012,0.000,1494,571,0
2017/3/24,19:30:00,3.79e5,6132597,7.456,,1012,0.000,1466,549,0
2017/3/24,19:30:15,3.79e5,6126726,7.454,,1012,0.000,1478,540,0
2017/3/24,19:30:30,3.73e5,6096998,7.539,,1012,0.000,1474,545,0
2017/3/24,19:30:45,3.79e5,6132170,7.456,,1012,0.000,1467,526,0
2017/3/24,19:31:00,3.78e5,6123227,7.475,,1012,0.000,1434,554,0
2017/3/24,19:31:15,3.67e5,6031009,7.657,,1012,0.000,1496,571,0
2017/3/24,19:31:30,3.68e5,6071276,7.607,,1012,0.000,1477,539,0
2017/3/24,19:31:45,3.65e5,6057359,7.651,,1012,0.000,1472,524,0
2017/3/24,19:32:00,3.63e5,6044058,7.681,,1012,0.000,1484,540,0
2017/3/24,19:32:15,3.46e5,5945948,7.912,,1012,0.000,1473,533,0
2017/3/24,19:32:30,3.45e5,5939151,7.926,,1012,0.000,1480,549,0
2017/3/24,19:32:45,3.40e5,5902767,7.99,,1012,0.000,1492,544,0
2017/3/24,19:33:00,3.38e5,5884739,8.035,,1012,0.000,1494,552,0
2017/3/24,19:33:15,3.43e5,5922625,7.954,,1012,0.000,1523,548,0
2017/3/24,19:33:30,3.49e5,5957528,7.862,,1012,0.000,1481,537,0
2017/3/24,19:33:45,3.42e5,5913520,7.974,,1012,0.000,1463,544,0
2017/3/24,19:34:00,3.46e5,5936623,7.907,,1012,0.000,1502,532,0
2017/3/24,19:34:15,3.38e5,5880811,8.026,,1012,0.000,1507,505,0
2017/3/24,19:34:30,3.27e5,5813437,8.181,,1012,0.000,1491,513,0
2017/3/24,19:34:45,3.35e5,5859467,8.07,,1012,0.000,1497,479,0
2017/3/24,19:35:00,3.26e5,5805961,8.202,,1012,0.000,1496,537,0
2017/3/24,19:35:15,3.21e5,5772547,8.279,,1012,0.000,1522,518,0
2017/3/24,19:35:30,3.25e5,5794985,8.214,,1012,0.000,1513,532,0
2017/3/24,19:35:45,3.18e5,5743946,8.325,,1012,0.000,1510,545,0
2017/3/24,19:36:00,3.23e5,5787648,8.246,,1012,0.000,1495,526,0
2017/3/24,19:36:15,3.24e5,5791775,8.242,,1012,0.000,1484,521,0
2017/3/24,19:36:30,3.12e5,5700533,8.408,,1012,0.000,1467,537,0
2017/3/24,19:36:45,3.08e5,5662826,8.479,,1012,0.000,1524,554,0
2017/3/24,19:37:00,2.97e5,5569305,8.655,,1012,0.000,1540,557,0
2017/3/24,19:37:15,3.00e5,5599186,8.611,,1012,0.000,1513,523,0
2017/3/24,19:37:30,2.99e5,5588213,8.614,,1012,0.000,1553,526,0
2017/3/24,19:37:45,3.02e5,5611461,8.574,,1012,0.000,1508,505,0
2017/3/24,19:38:00,2.97e5,5571014,8.647,,1012,0.000,1551,517,0
2017/3/24,19:38:15,2.91e5,5517311,8.747,,1012,0.000,1529,504,0
2017/3/24,19:38:30,2.88e5,5493589,8.781,,1012,0.000,1544,511,0
2017/3/24,19:38:45,2.88e5,5486516,8.794,,1012,0.000,1584,539,0
2017/3/24,19:39:00,2.81e5,5427692,8.893,,1012,0.000,1508,510,0
2017/3/24,19:39:15,2.83e5,5442178,8.876,,1012,0.000,1546,531,0
2017/3/24,19:39:30,2.90e5,5511817,8.751,,1012,0.000,1538,516,0
2017/3/24,19:39:45,2.83e5,5443395,8.863,,1012,0.000,1544,505,0
2017/3/24,19:40:00,2.78e5,5393000,8.946,,1012,0.000,1551,520,0
2017/3/24,19:40:15,2.78e5,5393256,8.953,,1012,0.000,1589,533,0
2017/3/24,19:40:30,2.71e5,5322295,9.059,,1012,0.000,1549,517,0
2017/3/24,19:40:45,2.64e5,5259339,9.169,,1012,0.000,1562,500,0
2017/3/24,19:41:00,2.62e5,5235427,9.212,,1012,0.000,1578,524,0
2017/3/24,19:41:15,2.69e5,5305466,9.101,,1012,0.000,1586,521,0
2017/3/24,19:41:30,2.62e5,5237247,9.203,,1012,0.000,1588,531,0
2017/3/24,19:41:45,2.59e5,5204843,9.254,,1012,0.000,1617,524,0
2017/3/24,19:42:00,2.56e5,5166393,9.309,,1012,0.000,1564,520,0
2017/3/24,19:42:15,2.53e5,5142277,9.359,,1012,0.000,1568,502,0
2017/3/24,19:42:30,2.54e5,5150360,9.336,,1012,0.000,1606,552,0
2017/3/24,19:42:45,2.54e5,5146057,9.342,,1012,0.000,1595,540,0
2017/3/24,19:43:00,2.47e5,5078794,9.457,,1012,0.000,1583,539,0
2017/3/24,19:43:15,2.48e5,5083309,9.445,,1012,0.000,1604,545,0
2017/3/24,19:43:30,2.51e5,5111959,9.4,,1012,0.000,1614,491,0
2017/3/24,19:43:45,2.47e5,5077211,9.467,,1012,0.000,1567,523,0
2017/3/24,19:44:00,2.40e5,4996754,9.586,,1012,0.000,1606,533,0
2017/3/24,19:44:15,2.41e5,5008557,9.569,,1012,0.000,1582,534,0
2017/3/24,19:44:30,2.42e5,5023297,9.545,,1012,0.000,1639,526,0
2017/3/24,19:44:45,2.46e5,5056031,9.485,,1012,0.000,1595,512,0
2017/3/24,19:45:00,2.39e5,4981086,9.611,,1012,0.000,1578,498,0
2017/3/24,19:45:15,2.36e5,4941273,9.661,,1012,0.000,1639,545,0
2017/3/24,19:45:30,2.31e5,4884905,9.746,,1012,0.000,1605,540,0
2017/3/24,19:45:45,2.37e5,4961119,9.637,,1012,0.000,1621,509,0
2017/3/24,19:46:00,2.34e5,4918255,9.699,,1012,0.000,1612,484,0
2017/3/24,19:46:15,2.26e5,4826670,9.824,,1012,0.000,1625,531,0
2017/3/24,19:46:30,2.27e5,4839823,9.817,,1012,0.000,1617,541,0
2017/3/24,19:46:45,2.26e5,4828768,9.824,,1012,0.000,1624,521,0
2017/3/24,19:47:00,2.24e5,4792418,9.874,,1012,0.000,1645,509,0
2017/3/24,19:47:15,2.20e5,4748812,9.946,,1012,0.000,1650,512,0
2017/3/24,19:47:30,2.07e5,4577398,10.17,,1012,0.000,1668,518,0
2017/3/24,19:47:45,2.13e5,4651147,10.08,,1012,0.000,1652,533,0
2017/3/24,19:48:00,2.30e5,4859538,9.762,,1012,0.000,1623,538,0
2017/3/24,19:48:15,2.05e5,4536553,10.24,,1012,0.000,1684,504,0
2017/3/24,19:48:30,2.12e5,4647079,10.08,,1012,0.000,1683,509,0
2017/3/24,19:48:45,2.08e5,4591593,10.16,,1012,0.000,1663,499,0
2017/3/24,19:49:00,2.13e5,4660916,10.07,,1012,0.000,1661,488,0
2017/3/24,19:49:15,2.10e5,4617159,10.13,,1012,0.000,1687,512,0
2017/3/24,19:49:30,2.08e5,4590636,10.16,,1012,0.000,1667,495,0
2017/3/24,19:49:45,2.03e5,4517562,10.25,,1012,0.000,1673,524,0
2017/3/24,19:50:00,2.00e5,4479818,10.3,,1012,0.000,1683,484,0
2017/3/24,19:50:15,1.98e5,4447466,10.35,,1012,0.000,1687,506,0
2017/3/24,19:50:30,1.94e5,4388106,10.43,,1012,0.000,1676,517,0
2017/3/24,19:50:45,1.92e5,4362080,10.46,,1012,0.000,1676,535,0
2017/3/24,19:51:00,1.89e5,4325940,10.51,,1012,0.000,1683,511,0
2017/3/24,19:51:15,1.89e5,4316514,10.53,,1012,0.000,1690,504,0
2017/3/24,19:51:30,1.84e5,4252019,10.6,,1012,0.000,1712,520,0
2017/3/24,19:51:45,1.82e5,4208086,10.66,,1012,0.000,1688,511,0
2017/3/24,19:52:00,1.79e5,4168595,10.7,,1012,0.000,1727,518,0
2017/3/24,19:52:15,1.77e5,4141502,10.75,,1012,0.000,1751,506,0
2017/3/24,19:52:30,1.74e5,4086280,10.81,,1012,0.000,1756,506,0
2017/3/24,19:52:45,1.73e5,4072848,10.83,,1012,0.000,1729,526,0
2017/3/24,19:53:00,1.71e5,4042086,10.86,,1012,0.000,1772,521,0
2017/3/24,19:53:15,1.67e5,3982440,10.94,,1012,0.000,1756,493,0
2017/3/24,19:53:30,1.66e5,3948777,10.97,,1012,0.000,1795,471,0
2017/3/24,19:53:45,1.63e5,3904019,11.03,,1012,0.000,1757,483,0
2017/3/24,19:54:00,1.62e5,3894571,11.04,,1012,0.000,1756,527,0
2017/3/24,19:54:15,1.58e5,3830043,11.13,,1012,0.000,1743,515,0
2017/3/24,19:54:30,1.56e5,3780932,11.18,,1012,0.000,1762,501,0
2017/3/24,19:54:45,1.56e5,3782979,11.18,,1012,0.000,1761,526,0
2017/3/24,19:55:00,1.52e5,3722364,11.25,,1012,0.000,1756,495,0
2017/3/24,19:55:15,1.48e5,3651609,11.34,,1012,0.000,1763,483,0
2017/3/24,19:55:30,1.49e5,3659076,11.33,,1012,0.000,1757,493,0
2017/3/24,19:55:45,1.46e5,3623682,11.37,,1012,0.000,1791,494,0
2017/3/24,19:56:00,1.43e5,3566663,11.44,,1012,0.000,1759,502,0
2017/3/24,19:56:15,1.43e5,3553374,11.45,,1012,0.000,1779,513,0
2017/3/24,19:56:30,1.39e5,3482392,11.53,,1012,0.000,1770,527,0
2017/3/24,19:56:45,1.36e5,3431534,11.59,,1012,0.000,1801,500,0
2017/3/24,19:57:00,1.34e5,3395951,11.63,,1012,0.000,1800,513,0
2017/3/24,19:57:15,1.31e5,3337408,11.7,,1012,0.000,1801,526,0
2017/3/24,19:57:30,1.32e5,3351252,11.68,,1012,0.000,1817,479,0
2017/3/24,19:57:45,1.31e5,3325593,11.71,,1012,0.000,1837,468,0
2017/3/24,19:58:00,1.29e5,3286996,11.75,,1012,0.000,1829,489,0
2017/3/24,19:58:15,1.27e5,3264919,11.78,,1012,0.000,1781,515,0
2017/3/24,19:58:30,1.26e5,3230044,11.82,,1012,0.000,1802,529,0
2017/3/24,19:58:45,1.22e5,3167813,11.89,,1012,0.000,1826,494,0
2017/3/24,19:59:00,1.22e5,3161893,11.9,,1012,0.000,1835,509,0
2017/3/24,19:59:15,1.22e5,3153266,11.91,,1012,0.000,1839,509,0
2017/3/24,19:59:30,1.19e5,3108200,11.96,,1012,0.000,1799,506,0
2017/3/24,19:59:45,1.17e5,3067155,12.0,,1012,0.000,1842,479,0
2017/3/24,20:00:00,1.16e5,3040189,12.03,,1012,0.000,1835,496,0
2017/3/24,20:00:15,1.14e5,2991808,12.08,,1012,0.000,1832,468,0
2017/3/24,20:00:30,1.12e5,2951439,12.12,,1012,0.000,1859,502,0
2017/3/24,20:00:45,1.11e5,2939059,12.14,,1012,0.000,1853,498,0
2017/3/24,20:01:00,1.10e5,2907320,12.17,,1012,0.000,1844,509,0
2017/3/24,20:01:15,1.09e5,2884341,12.2,,1012,0.000,1854,502,0
2017/3/24,20:01:30,1.07e5,2844555,12.24,,1012,0.000,1848,485,0
2017/3/24,20:01:45,1.06e5,2818839,12.26,,1012,0.000,1861,483,0
2017/3/24,20:02:00,1.04e5,2788456,12.29,,1012,0.000,1899,523,0
2017/3/24,20:02:15,1.04e5,2776325,12.31,,1012,0.000,1895,515,0
2017/3/24,20:02:30,1.01e5,2728089,12.36,,1012,0.000,1861,549,0
2017/3/24,20:02:45,9.99e4,2687133,12.4,,1012,0.000,1882,484,0
2017/3/24,20:03:00,9.95e4,2677532,12.41,,1012,0.000,1893,488,0
2017/3/24,20:03:15,9.88e4,2662612,12.43,,1012,0.000,1903,502,0
2017/3/24,20:03:30,9.65e4,2612276,12.48,,1012,0.000,1907,487,0
2017/3/24,20:03:45,9.46e4,2569421,12.52,,1012,0.000,1944,478,0
2017/3/24,20:04:00,9.35e4,2545694,12.55,,1012,0.000,1887,528,0
2017/3/24,20:04:15,9.33e4,2540106,12.56,,1012,0.000,1887,490,0
2017/3/24,20:04:30,9.21e4,2513179,12.59,,1012,0.000,1905,498,0
2017/3/24,20:04:45,8.89e4,2437910,12.67,,1012,0.000,1883,515,0
2017/3/24,20:05:00,9.00e4,2465099,12.64,,1012,0.000,1910,510,0
2017/3/24,20:05:15,8.84e4,2428857,12.67,,1012,0.000,1918,477,0
2017/3/24,20:05:30,8.77e4,2412922,12.69,,1012,0.000,1915,527,0
2017/3/24,20:05:45,8.67e4,2390240,12.71,,1012,0.000,1911,505,0
2017/3/24,20:06:00,8.63e4,2380089,12.72,,1012,0.000,1922,507,0
2017/3/24,20:06:15,8.47e4,2343885,12.76,,1012,0.000,1951,512,0
2017/3/24,20:06:30,8.35e4,2315856,12.78,,1012,0.000,1934,518,0
2017/3/24,20:06:45,8.31e4,2305476,12.79,,1012,0.000,1948,500,0
2017/3/24,20:07:00,8.23e4,2287079,12.81,,1012,0.000,1959,515,0
2017/3/24,20:07:15,8.09e4,2254359,12.84,,1012,0.000,1951,507,0
2017/3/24,20:07:30,7.97e4,2224765,12.87,,1012,0.000,1972,521,0
2017/3/24,20:07:45,7.88e4,2204607,12.89,,1012,0.000,1953,511,0
2017/3/24,20:08:00,7.75e4,2173161,12.92,,1012,0.000,1967,510,0
2017/3/24,20:08:15,7.63e4,2144110,12.96,,1012,0.000,1978,494,0
2017/3/24,20:08:30,7.52e4,2117600,12.98,,1012,0.000,1961,516,0
2017/3/24,20:08:45,7.51e4,2114173,12.98,,1012,0.000,2016,499,0
2017/3/24,20:09:00,7.47e4,2104958,12.99,,1012,0.000,1983,487,0
2017/3/24,20:09:15,7.39e4,2086561,13.01,,1012,0.000,1990,490,0
2017/3/24,20:09:30,7.29e4,2060228,13.04,,1012,0.000,2001,504,0
2017/3/24,20:09:45,7.17e4,2032491,13.06,,1012,0.000,1992,489,0
2017/3/24,20:10:00,7.12e4,2019646,13.08,,1012,0.000,2006,509,0
2017/3/24,20:10:15,7.05e4,2001815,13.1,,1012,0.000,2017,506,0
2017/3/24,20:10:30,6.90e4,1965657,13.13,,1012,0.000,1993,511,0
2017/3/24,20:10:45,6.87e4,1958504,13.14,,1012,0.000,2021,512,0
2017/3/24,20:11:00,6.85e4,1953832,13.14,,1012,0.000,2027,495,0
2017/3/24,20:11:15,6.79e4,1938951,13.16,,1012,0.000,2008,520,0
2017/3/24,20:11:30,6.71e4,1917533,13.18,,1012,0.000,2041,518,0
2017/3/24,20:11:45,6.59e4,1886598,13.21,,1012,0.000,2026,510,0
2017/3/24,20:12:00,6.54e4,1875642,13.22,,1012,0.000,2026,535,0
2017/3/24,20:12:15,6.47e4,1858246,13.23,,1012,0.000,2045,529,0
2017/3/24,20:12:30,6.38e4,1835193,13.25,,1012,0.000,2049,524,0
2017/3/24,20:12:45,6.25e4,1800548,13.29,,1012,0.000,2073,494,0
2017/3/24,20:13:00,6.29e4,1810544,13.28,,1012,0.000,2078,522,0
2017/3/24,20:13:15,6.14e4,1773375,13.31,,1012,0.000,2080,506,0
2017/3/24,20:13:30,6.13e4,1772070,13.31,,1012,0.000,2043,533,0
2017/3/24,20:13:45,6.07e4,1755261,13.33,,1012,0.000,2069,500,0
2017/3/24,20:14:00,5.99e4,1735914,13.35,,1012,0.000,2098,517,0
2017/3/24,20:14:15,5.97e4,1728999,13.36,,1012,0.000,2076,513,0
2017/3/24,20:14:30,5.90e4,1712720,13.37,,1012,0.000,2095,517,0
2017/3/24,20:14:45,5.82e4,1691307,13.39,,1012,0.000,2091,539,0
2017/3/24,20:15:00,5.74e4,1669930,13.41,,1012,0.000,2072,539,0
2017/3/24,20:15:15,5.70e4,1660875,13.42,,1012,0.000,2073,513,0
2017/3/24,20:15:30,5.58e4,1629311,13.45,,1012,0.000,2058,506,0
2017/3/24,20:15:45,5.53e4,1615849,13.46,,1012,0.000,2099,515,0
2017/3/24,20:16:00,5.51e4,1611132,13.47,,1012,0.000,2099,517,0
2017/3/24,20:16:15,5.50e4,1607557,13.47,,1012,0.000,2103,539,0
2017/3/24,20:16:30,5.46e4,1596144,13.48,,1012,0.000,2106,521,0
2017/3/24,20:16:45,5.42e4,1585677,13.49,,1012,0.000,2125,515,0
2017/3/24,20:17:00,5.30e4,1555193,13.52,,1012,0.000,2132,509,0
2017/3/24,20:17:15,5.24e4,1538184,13.54,,1012,0.000,2166,507,0
2017/3/24,20:17:30,5.18e4,1524226,13.55,,1012,0.000,2130,539,0
2017/3/24,20:17:45,5.07e4,1493380,13.58,,1012,0.000,2109,533,0
2017/3/24,20:18:00,5.12e4,1507921,13.56,,1012,0.000,2154,490,0
2017/3/24,20:18:15,5.01e4,1478010,13.59,,1012,0.000,2142,522,0
2017/3/24,20:18:30,5.03e4,1483831,13.59,,1012,0.000,2175,517,0
2017/3/24,20:18:45,4.91e4,1451588,13.62,,1012,0.000,2150,522,0
2017/3/24,20:19:00,4.92e4,1453812,13.61,,1012,0.000,2156,533,0
2017/3/24,20:19:15,4.84e4,1432581,13.64,,1012,0.000,2164,537,0
2017/3/24,20:19:30,4.76e4,1409512,13.65,,1012,0.000,2170,528,0
2017/3/24,20:19:45,4.77e4,1413383,13.65,,1012,0.000,2135,527,0
2017/3/24,20:20:00,4.68e4,1389683,13.68,,1012,0.000,2169,535,0
2017/3/24,20:20:15,4.67e4,1385598,13.68,,1012,0.000,2186,494,0
2017/3/24,20:20:30,4.66e4,1383319,13.68,,1012,0.000,2164,523,0
2017/3/24,20:20:45,4.61e4,1368688,13.7,,1012,0.000,2197,509,0
2017/3/24,20:21:00,4.55e4,1354375,13.71,,1012,0.000,2177,548,0
2017/3/24,20:21:15,4.48e4,1335476,13.73,,1012,0.000,2192,534,0
2017/3/24,20:21:30,4.36e4,1300800,13.76,,1012,0.000,2159,541,0
2017/3/24,20:21:45,4.32e4,1290350,13.77,,1012,0.000,2197,528,0
2017/3/24,20:22:00,4.30e4,1287073,13.78,,1012,0.000,2191,509,0
2017/3/24,20:22:15,4.32e4,1291991,13.77,,1012,0.000,2169,545,0
2017/3/24,20:22:30,4.32e4,1292187,13.77,,1012,0.000,2169,522,0
2017/3/24,20:22:45,4.25e4,1271184,13.79,,1012,0.000,2219,521,0
2017/3/24,20:23:00,4.22e4,1263258,13.8,,1012,0.000,2199,520,0
2017/3/24,20:23:15,4.18e4,1254015,13.81,,1012,0.000,2219,512,0
2017/3/24,20:23:30,4.11e4,1233484,13.82,,1012,0.000,2198,532,0
2017/3/24,20:23:45,4.07e4,1221163,13.83,,1012,0.000,2210,546,0
2017/3/24,20:24:00,4.07e4,1221387,13.84,,1012,0.000,2202,548,0
2017/3/24,20:24:15,4.03e4,1209914,13.85,,1012,0.000,2215,538,0
2017/3/24,20:24:30,3.96e4,1190515,13.86,,1012,0.000,2233,513,0
2017/3/24,20:24:45,3.88e4,1169407,13.88,,1012,0.000,2244,520,0
2017/3/24,20:25:00,3.96e4,1190385,13.86,,1012,0.000,2218,523,0
2017/3/24,20:25:15,3.90e4,1175583,13.88,,1012,0.000,2236,537,0
2017/3/24,20:25:30,3.86e4,1162724,13.89,,1012,0.000,2241,516,0
2017/3/24,20:25:45,3.81e4,1150324,13.9,,1012,0.000,2211,550,0
2017/3/24,20:26:00,3.67e4,1111133,13.94,,1012,0.000,2268,546,0
2017/3/24,20:26:15,3.70e4,1118525,13.93,,1012,0.000,2247,510,0
2017/3/24,20:26:30,3.69e4,1115896,13.93,,1012,0.000,2269,520,0
2017/3/24,20:26:45,3.68e4,1114250,13.93,,1012,0.000,2270,538,0
2017/3/24,20:27:00,3.66e4,1106886,13.94,,1012,0.000,2292,498,0
2017/3/24,20:27:15,3.60e4,1091799,13.96,,1012,0.000,2265,529,0
2017/3/24,20:27:30,3.54e4,1074156,13.97,,1012,0.000,2249,541,0
2017/3/24,20:27:45,3.52e4,1069005,13.98,,1012,0.000,2255,520,0
2017/3/24,20:28:00,3.50e4,1061757,13.98,,1012,0.000,2249,555,0
2017/3/24,20:28:15,3.48e4,1057116,13.99,,1012,0.000,2288,509,0
2017/3/24,20:28:30,3.43e4,1043438,14.0,,1012,0.000,2290,537,0
2017/3/24,20:28:45,3.41e4,1035822,14.01,,1012,0.000,2266,532,0
2017/3/24,20:29:00,3.40e4,1032938,14.01,,1012,0.000,2266,534,0
2017/3/24,20:29:15,3.38e4,1028202,14.02,,1012,0.000,2238,559,0
2017/3/24,20:29:30,3.33e4,1015297,14.03,,1012,0.000,2299,520,0
2017/3/24,20:29:45,3.31e4,1008737,14.03,,1012,0.000,2257,545,0
2017/3/24,20:30:00,3.28e4,1001281,14.04,,1012,0.000,2313,487,0
2017/3/24,20:30:15,3.30e4,1005603,14.04,,1012,0.000,2288,502,0
2017/3/24,20:30:30,3.23e4,984595,14.06,,1012,0.000,2313,511,0
2017/3/24,20:30:45,3.19e4,974965,14.06,,1012,0.000,2329,507,0
2017/3/24,20:31:00,3.17e4,968836,14.07,,1012,0.000,2281,540,0
2017/3/24,20:31:15,3.16e4,965914,14.07,,1012,0.000,2269,540,0
2017/3/24,20:31:30,3.12e4,952901,14.09,,1012,0.000,2307,509,0
2017/3/24,20:31:45,3.08e4,943859,14.09,,1012,0.000,2293,526,0
2017/3/24,20:32:00,3.04e4,932636,14.1,,1012,0.000,2335,506,0
2017/3/24,20:32:15,3.03e4,927853,14.11,,1011,0.000,2321,504,0
2017/3/24,20:32:30,3.00e4,919012,14.12,,1011,0.000,2304,506,0
2017/3/24,20:32:45,2.99e4,917492,14.12,,1011,0.000,2290,539,0
2017/3/24,20:33:00,2.98e4,914927,14.12,,1011,0.000,2320,517,0
2017/3/24,20:33:15,2.96e4,908169,14.13,,1011,0.000,2298,546,0
2017/3/24,20:33:30,2.93e4,899709,14.13,,1011,0.000,2338,488,0
2017/3/24,20:33:45,2.88e4,885843,14.15,,1011,0.000,2344,511,0
2017/3/24,20:34:00,2.88e4,884635,14.15,,1011,0.000,2341,521,0
2017/3/24,20:34:15,2.85e4,875080,14.16,,1011,0.000,2293,555,0
2017/3/24,20:34:30,2.83e4,871721,14.16,,1011,0.000,2333,516,0
2017/3/24,20:34:45,2.83e4,869337,14.16,,1011,0.000,2347,513,0
2017/3/24,20:35:00,2.75e4,848073,14.18,,1011,0.000,2335,511,0
2017/3/24,20:35:15,2.73e4,842049,14.19,,1011,0.000,2352,494,0
2017/3/24,20:35:30,2.71e4,836667,14.19,,1011,0.000,2368,487,0
2017/3/24,20:35:45,2.70e4,831950,14.2,,1011,0.000,2331,512,0
2017/3/24,20:36:00,2.67e4,822653,14.21,,1011,0.000,2322,538,0
2017/3/24,20:36:15,2.63e4,812312,14.22,,1011,0.000,2313,557,0
2017/3/24,20:36:30,2.61e4,806432,14.22,,1011,0.000,2307,546,0
2017/3/24,20:36:45,2.60e4,802892,14.22,,1011,0.000,2375,483,0
2017/3/24,20:37:00,2.60e4,802100,14.23,,1011,0.000,2368,506,0
2017/3/24,20:37:15,2.60e4,803896,14.22,,1011,0.000,2357,504,0
2017/3/24,20:37:30,2.55e4,787705,14.24,,1011,0.000,2342,512,0
2017/3/24,20:37:45,2.52e4,780451,14.25,,1011,0.000,2344,531,0
2017/3/24,20:38:00,2.49e4,770393,14.26,,1011,0.000,2326,559,0
2017/3/24,20:38:15,2.53e4,783657,14.24,,1011,0.000,2331,538,0
2017/3/24,20:38:30,2.48e4,769292,14.26,,1011,0.000,2364,491,0
2017/3/24,20:38:45,2.47e4,766538,14.26,,1011,0.000,2330,520,0
2017/3/24,20:39:00,2.46e4,762082,14.26,,1011,0.000,2337,532,0
2017/3/24,20:39:15,2.43e4,754933,14.27,,1011,0.000,2362,520,0
2017/3/24,20:39:30,2.37e4,737197,14.29,,1011,0.000,2399,479,0
2017/3/24,20:39:45,2.38e4,739351,14.28,,1011,0.000,2359,518,0
2017/3/24,20:40:00,2.37e4,737183,14.29,,1011,0.000,2373,518,0
2017/3/24,20:40:15,2.36e4,733967,14.29,,1011,0.000,2351,535,0
2017/3/24,20:40:30,2.34e4,726016,14.3,,1011,0.000,2384,490,0
2017/3/24,20:40:45,2.32e4,719882,14.3,,1011,0.000,2338,541,0
2017/3/24,20:41:00,2.28e4,708377,14.31,,1011,0.000,2368,509,0
2017/3/24,20:41:15,2.30e4,714207,14.31,,1011,0.000,2379,491,0
2017/3/24,20:41:30,2.27e4,706591,14.31,,1011,0.000,2376,532,0
2017/3/24,20:41:45,2.27e4,704724,14.32,,1011,0.000,2371,510,0
2017/3/24,20:42:00,2.24e4,696127,14.32,,1011,0.000,2387,499,0
2017/3/24,20:42:15,2.22e4,692012,14.33,,1012,0.000,2347,517,0
2017/3/24,20:42:30,2.21e4,689646,14.33,,1012,0.000,2376,499,0
2017/3/24,20:42:45,2.18e4,679043,14.34,,1012,0.000,2377,524,0
2017/3/24,20:43:00,2.13e4,664741,14.35,,1012,0.000,2371,528,0
2017/3/24,20:43:15,2.15e4,669274,14.35,,1012,0.000,2401,494,0
2017/3/24,20:43:30,2.15e4,669999,14.35,,1012,0.000,2370,501,0
2017/3/24,20:43:45,2.12e4,662639,14.36,,1012,0.000,2364,528,0
2017/3/24,20:44:00,2.10e4,655056,14.36,,1012,0.000,2398,498,0
2017/3/24,20:44:15,2.07e4,647293,14.37,,1012,0.000,2414,499,0
2017/3/24,20:44:30,2.07e4,647964,14.37,,1012,0.000,2382,516,0
2017/3/24,20:44:45,2.05e4,641645,14.37,,1012,0.000,2399,491,0
2017/3/24,20:45:00,2.04e4,638016,14.38,,1012,0.000,2385,513,0
2017/3/24,20:45:15,2.03e4,636151,14.38,,1012,0.000,2420,483,0
2017/3/24,20:45:30,2.02e4,633068,14.38,,1012,0.000,2395,511,0
2017/3/24,20:45:45,1.99e4,624115,14.39,,1012,0.000,2412,474,0
2017/3/24,20:46:00,1.99e4,622172,14.39,,1013,0.000,2376,526,0
2017/3/24,20:46:15,1.96e4,613853,14.4,,1012,0.000,2427,484,0
2017/3/24,20:46:30,1.95e4,610134,14.4,,1012,0.000,2412,516,0
2017/3/24,20:46:45,1.93e4,605114,14.41,,1012,0.000,2398,502,0
2017/3/24,20:47:00,1.92e4,601580,14.41,,1012,0.000,2407,500,0
2017/3/24,20:47:15,1.92e4,600311,14.41,,1012,0.000,2386,523,0
2017/3/24,20:47:30,1.91e4,598439,14.42,,1012,0.000,2406,510,0
2017/3/24,20:47:45,1.88e4,591106,14.42,,1012,0.000,2397,507,0
2017/3/24,20:48:00,1.87e4,587778,14.43,,1012,0.000,2401,507,0
2017/3/24,20:48:15,1.86e4,582951,14.43,,1012,0.000,2401,518,0
2017/3/24,20:48:30,1.86e4,582448,14.43,,1012,0.000,2393,529,0
2017/3/24,20:48:45,1.83e4,575871,14.44,,1012,0.000,2426,482,0
2017/3/24,20:49:00,1.83e4,574602,14.44,,1012,0.000,2412,494,0
2017/3/24,20:49:15,1.82e4,572736,14.44,,1012,0.000,2403,512,0
2017/3/24,20:49:30,1.79e4,563931,14.45,,1012,0.000,2408,499,0
2017/3/24,20:49:45,1.77e4,556116,14.46,,1012,0.000,2420,499,0
2017/3/24,20:50:00,1.77e4,556886,14.46,,1012,0.000,2426,502,0
2017/3/24,20:50:15,1.76e4,553486,14.46,,1012,0.000,2452,467,0
2017/3/24,20:50:30,1.76e4,552770,14.46,,1012,0.000,2413,491,0
2017/3/24,20:50:45,1.74e4,548095,14.46,,1012,0.000,2395,546,0
2017/3/24,20:51:00,1.73e4,543828,14.47,,1012,0.000,2396,548,0
2017/3/24,20:51:15,1.72e4,541752,14.47,,1012,0.000,2437,500,0
2017/3/24,20:51:30,1.71e4,539548,14.47,,1012,0.000,2441,482,0
2017/3/24,20:51:45,1.71e4,537215,14.47,,1012,0.000,2473,449,0
2017/3/24,20:52:00,1.67e4,527041,14.48,,1012,0.000,2425,513,0
2017/3/24,20:52:15,1.66e4,523719,14.49,,1012,0.000,2458,452,0
2017/3/24,20:52:30,1.64e4,517875,14.49,,1012,0.000,2427,520,0
2017/3/24,20:52:45,1.65e4,519775,14.49,,1012,0.000,2440,490,0
2017/3/24,20:53:00,1.62e4,512032,14.5,,1012,0.000,2442,488,0
2017/3/24,20:53:15,1.63e4,512961,14.5,,1012,0.000,2435,505,0
2017/3/24,20:53:30,1.62e4,512376,14.5,,1012,0.000,2441,488,0
2017/3/24,20:53:45,1.60e4,504945,14.5,,1012,0.000,2441,500,0
2017/3/24,20:54:00,1.59e4,501992,14.51,,1012,0.000,2418,524,0
2017/3/24,20:54:15,1.56e4,493932,14.52,,1012,0.000,2476,472,0
2017/3/24,20:54:30,1.56e4,493940,14.51,,1012,0.000,2416,509,0
2017/3/24,20:54:45,1.55e4,489113,14.52,,1012,0.000,2435,511,0
2017/3/24,20:55:00,1.57e4,495750,14.51,,1012,0.000,2459,474,0
2017/3/24,20:55:15,1.54e4,487252,14.52,,1012,0.000,2459,474,0
2017/3/24,20:55:30,1.53e4,482621,14.53,,1012,0.000,2443,506,0
2017/3/24,20:55:45,1.53e4,484629,14.52,,1012,0.000,2440,504,0
2017/3/24,20:56:00,1.49e4,472182,14.54,,1012,0.000,2465,476,0
2017/3/24,20:56:15,1.47e4,466245,14.54,,1012,0.000,2451,490,0
2017/3/24,20:56:30,1.49e4,470855,14.54,,1012,0.000,2463,471,0
2017/3/24,20:56:45,1.47e4,465921,14.54,,1012,0.000,2464,479,0
2017/3/24,20:57:00,1.46e4,463144,14.54,,1012,0.000,2460,471,0
2017/3/24,20:57:15,1.46e4,462806,14.54,,1012,0.000,2434,502,0
2017/3/24,20:57:30,1.46e4,461134,14.55,,1012,0.000,2429,512,0
2017/3/24,20:57:45,1.43e4,453961,14.55,,1012,0.000,2454,466,0
2017/3/24,20:58:00,1.44e4,455292,14.55,,1012,0.000,2470,474,0
2017/3/24,20:58:15,1.43e4,453290,14.55,,1012,0.000,2449,487,0
2017/3/24,20:58:30,1.41e4,448276,14.56,,1012,0.000,2434,509,0
2017/3/24,20:58:45,1.41e4,445850,14.56,,1012,0.000,2437,499,0
2017/3/24,20:59:00,1.39e4,440403,14.57,,1012,0.000,2452,479,0
2017/3/24,20:59:15,1.39e4,441920,14.56,,1012,0.000,2456,502,0
2017/3/24,20:59:30,1.38e4,436400,14.57,,1012,0.000,2476,456,0
2017/3/24,20:59:45,1.33e4,423515,14.58,,1012,0.000,2448,520,0
2017/3/24,21:00:00,1.35e4,428174,14.58,,1012,0.000,2443,505,0
2017/3/24,21:00:15,1.35e4,428251,14.58,,1012,0.000,2456,494,0
2017/3/24,21:00:30,1.35e4,428112,14.58,,1012,0.000,2481,493,0
2017/3/24,21:00:45,1.34e4,424330,14.58,,1012,0.000,2482,474,0
2017/3/24,21:01:00,1.32e4,420446,14.58,,1012,0.000,2456,504,0
2017/3/24,21:01:15,1.31e4,417378,14.59,,1012,0.000,2464,511,0
2017/3/24,21:01:30,1.29e4,410392,14.59,,1012,0.000,2469,483,0
2017/3/24,21:01:45,1.29e4,408956,14.59,,1012,0.000,2487,469,0
2017/3/24,21:02:00,1.28e4,406237,14.6,,1012,0.000,2484,455,0
2017/3/24,21:02:15,1.28e4,405799,14.6,,1012,0.000,2452,518,0
2017/3/24,21:02:30,1.28e4,405880,14.6,,1012,0.000,2484,487,0
2017/3/24,21:02:45,1.27e4,404130,14.6,,1012,0.000,2503,430,0
2017/3/24,21:03:00,1.26e4,400203,14.6,,1012,0.000,2500,461,0
2017/3/24,21:03:15,1.25e4,398982,14.6,,1012,0.000,2468,494,0
2017/3/24,21:03:30,1.24e4,395255,14.61,,1012,0.000,2465,480,0
2017/3/24,21:03:45,1.22e4,388907,14.61,,1012,0.000,2482,469,0
2017/3/24,21:04:00,1.18e4,376451,14.63,,1012,0.000,2487,489,0
