Sample File	D:\OlinCollege\All_data\OlinCollege\IQ Air\High2.S80
Classifier Model	3080
DMA Model	3085
DMA Inner Radius(cm)	0.00937
DMA Outer Radius(cm)	0.01905
DMA Characteristic Length(cm)	0.04987
CPC Model	3775 Low Flow
Gas Viscosity (kg/(m*s))	1.822e-005
Mean Free Path (m)	6.642e-008
Channels/Decade	64
Multiple Charge Correction	TRUE
Nanoparticle Aggregate Mobility Analysis	FALSE
Diffusion Correction	TRUE
Gas Density	0.0012
Units	dw/dlogDp
Weight	Number
Sample #	1	2	3	4	5	6	7	8	9	10	11	12	13	14	15	16	17	18	19	20	21	22	23	24	25
Date	04/08/17	04/08/17	04/08/17	04/08/17	04/08/17	04/08/17	04/08/17	04/08/17	04/08/17	04/08/17	04/08/17	04/08/17	04/08/17	04/08/17	04/08/17	04/08/17	04/08/17	04/08/17	04/08/17	04/08/17	04/08/17	04/08/17	04/08/17	04/08/17	04/08/17
Start Time	10:04:00	10:09:04	10:14:04	10:19:04	10:24:04	10:29:04	10:34:04	10:39:04	10:44:04	10:49:04	10:54:04	10:59:04	11:04:04	11:09:04	11:14:04	11:19:04	11:24:04	11:29:04	11:34:04	11:39:04	11:44:04	11:49:04	11:54:04	11:59:04	12:04:04
Diameter Midpoint
7.10	18542.5	15881.1	30226.9	22223.8	18489.4	21992.6	23349.9	24779	8951.01	24832.1	19562.4	9591.52	462.394	2608.32	0	0	0	0	2608.32	1304.16	2839.52	0	0	0	0
7.37	15195.4	19847.2	17853.6	16093.7	14746.5	15590.3	13165.7	8908.72	13363.1	22308	15590.3	17422.6	4059.53	0	1113.59	0	0	0	0	0	916.176	0	1113.59	0	0
7.64	31577.4	8835.7	12462.5	13751.2	13951.9	20318.4	11706.4	10525.8	21275.3	15109.5	14353.4	11482.7	2870.67	0	1913.78	956.891	0	0	956.891	0	0	0	956.891	0	956.891
7.91	71423.2	12434.1	14712.3	14905.9	19046.4	15746.5	10571.8	12627.7	14712.3	19046.4	9521.32	10765.4	828.106	0	0	828.106	828.106	0	0	0	0	0	0	2484.32	828.106
8.20	10641.9	4870.47	14612.3	10283.8	8840.91	10641.9	13169.5	13527.6	10821.4	17314.3	14253.3	8657.14	1442.86	721.428	0	0	0	0	0	0	0	0	0	0	0
8.51	11395.3	8863.01	13925.2	12026	12659.1	10921.1	9967.89	12028.4	7755.77	8388.85	9970.45	5697.65	3798.43	791.981	1266.14	0	0	0	0	0	0	633.072	0	1899.22	0
8.82	7808.7	7250.94	11147.7	7243.3	9899.76	12130.8	7808.7	10172.1	9341.99	9341.99	6690.92	12270.8	1673.29	1533.29	0	557.765	0	0	557.765	557.765	0	0	557.765	0	0
9.14	4933.38	5426.71	12321.6	7282.99	8491.94	5426.71	7998.6	5520.04	7505.27	6906.73	4440.04	5426.71	493.338	493.338	493.338	0	0	986.675	493.338	0	0	0	0	0	0
9.47	7026.45	7465.6	6493.65	5269.84	8046.11	6226.48	8250.27	8156.62	9128.57	5787.32	8783.06	2713.25	1756.61	878.306	0	0	0	0	0	0	0	0	439.153	439.153	439.153
9.82	4702.7	6713.99	10973	5146.43	5772.34	6592.26	9797.29	7549.61	4310.81	7767.93	10241	3849.02	443.726	0	0	391.892	0	391.892	0	0	0	391.892	391.892	783.783	0
 10.2	4604	3826.93	6690.59	6044.65	5893.17	7042.73	5634.18	5541.03	2869.54	3169.23	14743.2	3521.37	657.697	0	0	0	0	0	0	0	0	0	0	0	0
 10.6	5051.49	3489.59	5390.78	5613.42	7611.95	7293.41	4439.47	3805.26	4392.23	5707.88	11100.1	4123.8	951.314	317.105	0	0	317.105	0	0	0	317.105	0	317.105	0	0
 10.9	4555.11	3718.94	2861.72	2289.38	3410.43	5151.1	3434.06	4006.41	5151.1	2861.72	6205.12	4268.94	286.172	0	0	0	0	286.172	0	286.172	0	0	286.172	286.172	0
 11.3	3654.93	2855.81	5147.24	4932.75	5167.51	3329.91	4673.14	3284.77	2336.57	4323.25	7519.75	3090.56	1298.09	0	0	0	0	0	0	259.619	259.619	0	259.619	259.619	0
 11.8	3070.88	4488.21	3753.68	2834.66	6588.34	5171.01	3543.32	4133.34	3003.95	5042.79	5853.82	2403.28	472.443	0	0	0	0	0	0	0	0	0	0	236.222	236.222
 12.2	2799.42	6029.52	2214.41	3230.1	4798.49	3291.11	4522.14	4186.84	3849.47	4003.8	3479.8	989.041	0	215.34	0	0	0	0	0	215.34	0	215.34	0	0	215.34
 12.6	2958.64	5791.64	2456.53	4034.47	2958.64	2761.4	2761.4	2536.82	2734.06	3433.42	5495.46	869.263	591.728	0	0	0	0	0	0	0	0	0	0	0	197.243
 13.1	2538.24	6152.94	4323.35	3362.39	2175.64	3372.34	3626.06	2999.78	3235.53	3626.06	3779.44	1813.03	362.606	181.303	181.303	0	0	0	181.303	181.303	181.303	0	181.303	181.303	0
 13.6	1687.89	6803.09	3637.3	1666.2	2854.23	3565.58	3165.79	1666.2	2782.52	2021.13	4492.09	1209.71	166.62	166.62	166.62	0	0	0	0	0	0	0	0	0	166.62
 14.1	1962.7	6404.9	2277.76	1829.45	3196.83	2901.71	2450.87	1991.33	2757.23	2737.29	3474.56	2104.64	306.359	153.179	0	0	0	0	0	0	153.179	0	0	0	0
 14.6	2936.03	6815.46	2682.51	1984.6	3106.06	3359.58	3106.06	1835.4	1694.22	1798.53	3961.19	1129.48	282.369	141.185	141.185	0	141.185	0	141.185	0	0	0	0	0	0
 15.1	2063.63	4486.26	1700.34	1767.88	1961.93	2780.86	2615.91	1700.34	2615.91	1148.06	3075.84	1177.16	130.796	0	0	130.796	0	0	0	0	0	0	0	0	0
 15.7	909.903	2280.77	2188.54	1916.01	2066.95	2100.38	1823.78	2100.38	1823.78	2523.94	3098.44	729.513	243.171	0	0	0	0	0	0	121.585	0	121.585	0	0	0
 16.3	1699.3	2460.47	2944.31	1779.81	1697.74	1668.19	2603.21	2458.91	1361.31	1441.82	4527.32	1018.65	226.366	0	113.183	0	0	0	0	0	0	113.183	0	0	0
 16.8	1552.91	2952.79	1658.42	1420.58	1477.12	1264.65	1160.59	1237.83	1790.75	1370.16	3242.5	738.56	211.017	0	0	0	0	0	0	0	105.509	105.509	0	105.509	0
 17.5	1449.47	2169.73	1998.91	1771.77	1225.8	1676.61	1718.92	1308.54	1282.12	1916.17	2421.71	1324.42	197.248	98.6242	0	0	0	0	0	98.6242	0	0	0	0	0
 18.1	975.782	2151.78	1219.13	1631.5	1437.32	8136	1345.01	1394.18	1301.87	975.782	3573.5	1160.4	92.3074	92.3074	92.3074	92.3074	0	92.3074	0	92.3074	92.3074	0	0	92.3074	92.3074
 18.8	1039.37	2615.68	1194.64	1376.84	1797.68	12179.2	1212.6	1550.07	1594.27	1039.37	2708.02	758.315	86.6139	86.6139	0	0	0	0	0	86.6139	0	0	0	0	0
 19.5	763.422	2480.87	1871.45	1608.21	2054.11	1759.76	1639.33	1057.78	1097.63	1057.78	3558.57	864.714	81.3674	0	0	0	81.3674	0	0	0	0	162.735	0	81.3674	0
 20.2	1194	1529.37	994.864	1472.03	1376.32	1348.24	905.884	1760.14	1300.98	918.336	3441.39	736.015	153.056	0	0	0	0	0	0	0	0	0	0	0	76.528
 20.9	1147.27	1831.01	1399.53	1504.5	1224.24	1362.44	1072.48	1039.26	1002.65	855.448	2972.24	140.9	0	0	0	0	0	0	0	0	0	0	0	0	0
 21.7	673.334	1582	1387.68	1288.02	1084.08	1085.14	668.918	1034.07	1148	815.458	2455.34	752.416	66.7588	67.9845	0	0	0	0	68.0049	0	0	68.0049	0	0	67.4043
 22.5	950.167	2129.04	1321.49	874.683	845.293	1488.89	949.395	1198.28	627.517	1129.87	2080.57	539.488	62.5148	63.1978	0	0	0	0	0	0	63.8426	0	63.2362	127.713	0
 23.3	661.05	927.693	1570.57	606.279	1176.98	924.755	1258.02	586.078	530.6	1319.02	2209.3	330.102	58.9531	0	0	60.3705	0	0	0	0	0	67.5722	0	0	0
 24.1	550.134	1573.71	1232.25	1341.06	1502.07	872.294	899.19	681.336	446.191	1131.96	2073.08	671.538	56.1465	56.8862	0	0	0	0	0	0	0	50.1145	0	0	56.9025
 25.0	687.278	6189.9	682.726	686.883	1732.07	815.808	1125.63	842.894	746.478	741.171	2459.89	427.772	214.541	0	0	0	0	0	0	0	0	0	54.0594	108.114	0
 25.9	550.919	1369.13	830.208	768.482	648.319	1190.45	953.424	1117.34	859.908	573.56	2476.93	253.063	47.1222	0	0	0	0	0	0	0	0	0	0	0	0
 26.9	678.421	1550.4	1129.3	1173.11	623.332	885.164	733.643	667.123	850.885	543.512	2217.87	534.678	46.4361	0	98.0693	0	0	0	0	0	0	0	49.0346	0	0
 27.9	640.459	499.223	686.431	854.453	780.024	791.919	633.262	782.995	651.262	557.482	2081.52	140.032	50.1261	0	0	0	0	0	0	0	0	46.398	0	0	43.677
 28.9	2883.45	831.419	952.488	726.357	734.796	564.803	647.445	761.088	736.605	356.712	1859.73	299.21	173.726	0	0	0	0	0	0	0	0	44.3659	0	0	0
 30.0	521.18	917.683	764.681	670.857	811.083	512.431	730.056	762.544	474	709.783	1900.96	246.508	124.783	42.1301	42.1301	0	0	42.1301	0	41.1515	0	0	0	41.1515	0
 31.1	432.816	1270.51	626.077	746.916	683.463	676.235	721.812	1040.36	526.024	513.17	1461.17	195.849	79.4044	0	40.4013	0	0	0	0	0	39.4217	0	0	0	40.2229
 32.2	443.281	646.727	725.669	712.059	639.237	752.418	482.789	861.434	639.685	730.868	1541.72	265.168	77.368	38.7917	0	0	0	0	36.6957	0	0	0	36.5257	0	0
 33.4	525.819	754.102	691.014	606.389	349.783	532.263	501.354	905.395	653.925	466.482	1250.6	67.7008	72.7278	0	0	0	0	0	1.00126	0	0	0	0.0191208	37.0059	0
 34.6	552.793	682.787	691.581	501.542	256.684	329.072	518.084	476.661	413.305	270.336	1488.43	206.674	33.9456	0	0	0	0	0	0	0	0	0	0	0	0
 35.9	637.079	768.926	485.484	656.393	483.636	755.29	402.862	584.168	433.63	662.192	1149.88	194.175	65.5701	33.7493	0	34.0756	0	0	0	0	0	0	0	0	0
 37.2	567.574	724.424	481.684	508.769	768.929	476.536	498.761	498.19	517.882	462.71	1182.1	153.005	162.876	0	0	0	0	32.8749	0	0	0	0	0	4.87173	0
 38.5	267.882	635.247	512.979	230.748	475.326	512.651	379.594	673.305	679.221	456.524	1271.44	151.092	93.1814	0	0	0	0	0	0	0	0	31.0483	0	58.3858	0
 40.0	253.848	424.134	758.298	432.666	369.33	320.455	488.941	250.469	401.908	309.375	797.784	209.416	0	0	0	0	29.3264	0	0	28.29	0	0	0	0	90.9144
 41.4	472.221	682.133	558.417	443.033	441.506	686.818	522.358	624.116	383.129	390.973	1057.84	109.395	0	29.3018	0	0	0	0	0	2.10679	29.3018	0	0	0	0
 42.9	286.337	482.677	450.076	351.892	367.195	545.693	265.793	400.766	386.182	405.755	718.343	159.465	40.6035	0	0	0	0	0	0	28.3826	0	0	0	28.3826	0
 44.5	233.466	518.338	694.118	456.966	436.205	198.387	484.068	472.353	324.479	500.319	908.461	141.182	37.8023	0	0	0	27.3423	0	27.3423	0	26.4842	0	0	0	0
 46.1	425.895	546.564	414.968	547.217	433.636	467.12	474.165	210.78	428.652	252.718	1013.9	134.537	0	0	0	49.6644	0	0	26.5313	26.5313	0	0	25.6374	0	25.6374
 47.8	624.735	538.128	262.553	391.822	359.276	454.211	322.835	390.369	330.335	279.862	887.43	123.013	24.8144	0	0	0	0	0	0	0	0	0	23.6529	0	50.1044
 49.6	315.226	469.574	423.87	610.076	507.503	470.364	314.743	525.195	165.183	376.52	830.024	113.96	24.0211	0	0	0	24.8898	0	0	0	24.8898	0	0	0	0
 51.4	257.813	457.378	366.011	467.981	469.026	506.623	626.107	358.907	291.416	290.622	970.88	159.81	48.416	0	0	0	0	0	0	0	0	0	0	0	0
 53.3	300.22	390.118	227.891	238.84	390.483	340.236	393.785	479.546	529.729	435.907	722.91	192.214	23.5611	21.2253	0	0	22.224	0	0	0	0	0	0	0	22.308
 55.2	211.52	332.219	291.762	313.131	336.047	277.979	452.549	258.984	207.371	196.016	807.441	115.98	19.9534	0	22.9466	20.7182	22.0112	0	21.977	0	22.9466	0	43.4013	0	20.9066
 57.3	248.783	455.018	369.727	274.141	359.8	224.662	360.551	346.06	286.497	309.421	681.288	36.2364	19.1758	0	0	21.488	22.3625	22.3625	0	0	0	22.3625	21.4528	0	0
 59.4	301.794	220.901	353.267	324.335	329.797	127.936	333.178	236.676	317.671	306.223	558.329	82.3356	19.5089	0	0	0	0	21.8067	0	0	0	0	0	0	20.9679
 61.5	338.823	321.184	376.059	366.116	336.443	329.283	110.286	272.686	350.635	175.557	766.948	117.817	0	0	0	0	0	0	0	0	0	0	0	0	19.2202
 63.8	219.175	282.414	352.429	317.508	349.101	519.752	364.398	264.771	168.567	273.291	774.152	130.146	41.0874	20.7727	0	0	0	0	0	0	15.5813	0	0	0	0
 66.1	129.001	360.209	162.799	232.661	355.61	267.507	172.657	162.181	219.526	364.328	658.518	47.0125	38.4372	0	17.247	60.8742	0	20.2914	0	0	0	20.2914	0	0	0
 68.5	175.26	124.413	279.683	298.979	312.182	266.809	355.3	295	225.781	224.621	475.631	72.1132	0	0	0	0	0	0	0	0	0	0	19.9335	0	19.9335
 71.0	219.844	73.4812	346.702	301.607	253.523	287.468	310.424	164.877	305.251	291.924	378.384	127.826	15.5704	0	0	18.1993	0	0	0	0	0	0	16.5081	0	0
 73.7	208.118	262.422	289.886	203.388	293.486	258.59	282.072	150.493	290.843	93.4313	537.732	57.7641	0	0	0	0	0	0	0	0	0	0	18.5439	0	0
 76.4	170.57	316.6	231.365	160.571	200.077	242.037	351.806	174.475	280.662	286.247	526.195	97.6961	0	17.7807	0	18.0896	0	0	0	0	0	0	0	15.4961	2.58135
 79.1	199.542	225.779	177.625	262.108	231.477	181.177	183.793	245.661	127.959	265.549	456.368	59.3401	0	18.3978	0	14.56	17.888	0	18.5425	8.16933	0	18.5425	18.4702	0	14.8988
 82.0	89.8309	276.484	194.759	231.836	227.152	200.835	353.691	269.776	137.373	187.122	282.948	65.8588	35.7942	0	0	17.544	0	0	0	10.2093	0	0	18.2495	0	15.079
 85.1	162.364	246.676	286.401	134.636	334.248	161.058	262.613	263.978	252.387	218.269	495.501	55.4111	14.9284	0	16.9983	0	0	0	0	0	0	0	0	17.9671	17.9671
 88.2	167.228	299.633	246.398	174.08	283.081	163.658	237.57	325.258	204.729	101.747	275.749	21.9369	15.2393	0	0	0	0	0	0	0	0	32.658	17.7792	35.5584	0
 91.4	133.989	217.579	512.746	261.432	256.464	216.518	242.59	277.221	182.544	299.443	253.669	75.8437	12.0743	0	0	0	0	0	0	0	17.5142	0	33.4228	0	17.5142
 94.7	191.622	160.271	333.787	208.972	278.647	92.8794	165.495	118.964	246.936	189.107	365.078	94.8843	0	0	17.3396	0	0	0	0	0	34.6792	0	0	0	0
 98.2	166.044	236.499	321.162	793.427	259.631	72.4288	147.131	114.524	89.2528	83.0395	250.545	74.509	14.791	12.4848	17.1408	0	14.7889	0	0	0	0	0	0	0	0
101.8	89.3793	1707.33	211.898	249.364	161.998	154.88	141.229	254.826	159.419	167.634	315.564	35.5423	15.0954	0	0	0	0	0	0	0	0	0	0	0	0
105.5	220.642	481.293	187.821	155.291	171.138	191.572	189.083	107.012	288.818	231.79	317.43	61.4376	16.8467	16.8467	0	7.29371	0	0	0	0	0	0	16.8467	15.0439	0
109.4	143.204	143.204	236.206	245.763	195.562	243.439	169.383	167.059	286.407	152.677	350.824	66.8237	16.7059	0	16.7059	9.47314	16.7059	0	0	0	0	0	0	16.7059	0
113.4	256.811	340.04	299.482	282.693	190.228	240.165	190.228	116.521	197.352	232.898	408.879	66.5833	16.6458	0	0	0	0	0	0	0	16.6458	0	33.2916	16.6458	0
117.6	99.0709	204.807	320.933	285.271	297.213	148.606	264.189	204.807	181.63	228.527	320.933	56.2009	0	0	0	16.5118	0	0	0	0	0	0	0	0	0
121.9	213.94	226.694	197.483	276.065	197.483	198.953	296.225	195.251	263.311	141.469	381.45	60.6547	0	0	0	0	0	0	0	0	16.4569	0	0	0	16.4569
126.3	206.975	230.572	328.086	316.436	278.873	228.195	288.997	258.072	272.593	82.0216	368.087	107.084	16.4043	16.4043	0	16.4043	0	0	16.4043	0	0	0	0	0	0
131.0	251.57	192.416	114.477	286.444	179.628	228.69	234.952	196.247	267.924	114.213	414.845	55.3232	0	0	16.3539	0	0	0	0	0	0	16.3539	0	0	0
135.8	247.623	280.234	296.54	296.803	133.748	185.704	215.276	318.924	185.44	179.625	228.542	48.9167	32.6111	0	16.3056	0	0	0	16.3056	32.6111	0	0	0	0	0
140.7	176.635	339.979	160.3	274.641	192.969	238.928	258.307	170.545	144.546	264.978	301.272	36.2946	0	0	0	0	0	0	0	0	0	0	16.3345	0	0
145.9	196.387	245.484	212.753	245.484	196.387	868.813	163.656	163.656	210.556	110.927	370.58	29.0987	1.43598	32.7312	0	16.3656	0	0	0	0	0	0	16.3656	0	0
151.2	254.019	257.59	244.839	114.258	212.193	272.48	244.839	114.258	210.761	146.903	354.093	48.9677	14.8904	0	0	16.3226	16.3226	16.3226	0	0	16.3226	0	0	0	16.3226
156.8	138.017	302.919	196.288	315.697	413.841	226.039	184.838	229.003	130.859	103.051	176.967	53.9793	0	0	0	0	0	16.3574	0	0	0	0	0	16.3574	0
Scan Up Time(s)	240	240	240	240	240	240	240	240	240	240	240	240	240	240	240	240	240	240	240	240	240	240	240	240	240
Retrace Time(s)	60	60	60	60	60	60	60	60	60	60	60	60	60	60	60	60	60	60	60	60	60	60	60	60	60
Down Scan First	FALSE	FALSE	FALSE	FALSE	FALSE	FALSE	FALSE	FALSE	FALSE	FALSE	FALSE	FALSE	FALSE	FALSE	FALSE	FALSE	FALSE	FALSE	FALSE	FALSE	FALSE	FALSE	FALSE	FALSE	FALSE
Scans Per Sample	1	1	1	1	1	1	1	1	1	1	1	1	1	1	1	1	1	1	1	1	1	1	1	1	1
Impactor Type(cm)	0.071	0.071	0.071	0.071	0.071	0.071	0.071	0.071	0.071	0.071	0.071	0.071	0.071	0.071	0.071	0.071	0.071	0.071	0.071	0.071	0.071	0.071	0.071	0.071	0.071
Sheath Flow(lpm)	3	3	3	3	3	3	3	3	3	3	3	3	3	3	3	3	3	3	3	3	3	3	3	3	3
Aerosol Flow(lpm)	0.3	0.3	0.3	0.3	0.3	0.3	0.3	0.3	0.3	0.3	0.3	0.3	0.3	0.3	0.3	0.3	0.3	0.3	0.3	0.3	0.3	0.3	0.3	0.3	0.3
CPC Inlet Flow(lpm)	0.3	0.3	0.3	0.3	0.3	0.3	0.3	0.3	0.3	0.3	0.3	0.3	0.3	0.3	0.3	0.3	0.3	0.3	0.3	0.3	0.3	0.3	0.3	0.3	0.3
CPC Sample Flow(lpm)	0.3	0.3	0.3	0.3	0.3	0.3	0.3	0.3	0.3	0.3	0.3	0.3	0.3	0.3	0.3	0.3	0.3	0.3	0.3	0.3	0.3	0.3	0.3	0.3	0.3
Low Voltage	25.5554	25.5554	25.5554	25.5554	25.5554	25.5554	25.5554	25.5554	25.5554	25.5554	25.5554	25.5554	25.5554	25.5554	25.5554	25.5554	25.5554	25.5554	25.5554	25.5554	25.5554	25.5554	25.5554	25.5554	25.5554
High Voltage	9357.87	9357.87	9357.87	9357.87	9357.87	9357.87	9357.87	9357.87	9357.87	9357.87	9357.87	9357.87	9357.87	9357.87	9357.87	9357.87	9357.87	9357.87	9357.87	9357.87	9357.87	9357.87	9357.87	9357.87	9357.87
Lower Size(nm)	6.97831	6.97831	6.97831	6.97831	6.97831	6.97831	6.97831	6.97831	6.97831	6.97831	6.97831	6.97831	6.97831	6.97831	6.97831	6.97831	6.97831	6.97831	6.97831	6.97831	6.97831	6.97831	6.97831	6.97831	6.97831
Upper Size(nm)	159.634	159.634	159.634	159.634	159.634	159.634	159.634	159.634	159.634	159.634	159.634	159.634	159.634	159.634	159.634	159.634	159.634	159.634	159.634	159.634	159.634	159.634	159.634	159.634	159.634
Density(g/cc)	1.2	1.2	1.2	1.2	1.2	1.2	1.2	1.2	1.2	1.2	1.2	1.2	1.2	1.2	1.2	1.2	1.2	1.2	1.2	1.2	1.2	1.2	1.2	1.2	1.2
Title																									
Status Flag	Normal Scan	Normal Scan	Normal Scan	Normal Scan	Normal Scan	Normal Scan	Normal Scan	Normal Scan	Normal Scan	Normal Scan	Normal Scan	Normal Scan	Normal Scan	Normal Scan	Normal Scan	Normal Scan	Normal Scan	Normal Scan	Normal Scan	Normal Scan	Normal Scan	Normal Scan	Normal Scan	Normal Scan	Normal Scan
td(s)	2.93	2.93	2.93	2.93	2.93	2.93	2.93	2.93	2.93	2.93	2.93	2.93	2.93	2.93	2.93	2.93	2.93	2.93	2.93	2.93	2.93	2.93	2.93	2.93	2.93
tf(s)	0.783657	0.783657	0.783657	0.783657	0.783657	0.783657	0.783657	0.783657	0.783657	0.783657	0.783657	0.783657	0.783657	0.783657	0.783657	0.783657	0.783657	0.783657	0.783657	0.783657	0.783657	0.783657	0.783657	0.783657	0.783657
D50(nm)	1284.41	1284.41	1284.41	1284.41	1284.41	1284.41	1284.41	1284.41	1284.41	1284.41	1284.41	1284.41	1284.41	1284.41	1284.41	1284.41	1284.41	1284.41	1284.41	1284.41	1284.41	1284.41	1284.41	1284.41	1284.41
Median(nm)	8.01906	11.0676	8.98521	8.98599	9.24836	9.47259	9.33383	9.09377	9.1004	8.57862	10.5691	8.70818	8.65157	8.73597	7.75684	8.02288	8.0469	9.29987	7.2329	8.88079	7.21304	12.0859	8.91853	8.54995	9.39163
Mean(nm)	12.5288	17.0886	14.4666	15.4696	14.9009	14.9971	14.9631	14.7871	14.9328	13.4281	17.5957	11.9047	12.0266	11.3413	11.5141	15.9544	17.7109	15.0859	10.0157	12.7153	11.7539	17.4404	14.4996	12.0924	15.9103
Geo. Mean(nm)	10.0587	12.9639	11.1306	11.5025	11.4482	11.6785	11.4469	11.3804	11.4113	10.6292	13.3071	10.1054	10.2586	9.62612	9.42543	10.8962	12.2514	11.5601	8.52733	10.4404	9.14872	13.9888	10.632	10.1506	11.9076
Mode(nm)	7.91476	7.36525	7.10497	7.10497	7.91476	7.10497	7.10497	7.10497	7.63506	7.10497	7.10497	7.36525	7.36525	7.10497	7.63506	7.63506	7.91476	9.13982	7.10497	7.10497	7.10497	8.50526	7.36525	7.91476	7.63506
Geo. Std. Dev.	1.66893	1.86495	1.78528	1.85751	1.79213	1.77715	1.80151	1.79672	1.80032	1.72084	1.89732	1.57385	1.57371	1.54	1.59517	1.96684	2.02066	1.71705	1.50514	1.64497	1.697	1.76656	1.8235	1.56395	1.88072
Total Concentration(#/cm³)	3954.42	3372.67	3599.95	3021.79	3268.94	3618.38	3074.45	2953.34	2781.45	3273.13	4188.31	2044.99	417.014	140.119	90.6733	52.433	24.7129	30.1436	80.8064	52.8272	81.075	33.7661	78.8477	115.443	59.1786
Comment																									
