TSI CPC DATA VERSION 3
1491577550,2017/4/7,15:05:50
15
1.08,130
Model 3783 Ver 1.27 S/N 3783111302
"Date","Time","Concentration","Count"," Live-Time","Blank","Abs Press"," Analog In","Pulse Height"," Pulse STD","Status Flags"
2017/4/7,15:05:44,2.01e3,65646,14.91,,985,0.000,1795,458,408
2017/4/7,15:06:00,2.24e3,72982,14.91,,985,0.000,1674,443,0
2017/4/7,15:06:15,2.18e3,71113,14.91,,985,0.000,1668,441,0
2017/4/7,15:06:30,2.19e3,71360,14.91,,985,0.000,1639,472,0
2017/4/7,15:06:45,2.21e3,71860,14.91,,985,0.000,1655,469,0
2017/4/7,15:07:00,2.21e3,72080,14.91,,985,0.000,1657,457,0
2017/4/7,15:07:15,2.17e3,70707,14.91,,985,0.000,1716,482,0
2017/4/7,15:07:30,2.16e3,70500,14.91,,985,0.000,1743,466,0
2017/4/7,15:07:45,2.17e3,70563,14.91,,985,0.000,1812,496,0
2017/4/7,15:08:00,2.15e3,70064,14.91,,985,0.000,1827,491,0
2017/4/7,15:08:15,2.14e3,69663,14.91,,985,0.000,1915,483,0
2017/4/7,15:08:30,2.19e3,71239,14.91,,985,0.000,1929,520,0
2017/4/7,15:08:45,2.17e3,70659,14.91,,985,0.000,1981,517,0
2017/4/7,15:09:00,2.17e3,70529,14.91,,985,0.000,1986,543,0
2017/4/7,15:09:15,2.16e3,70333,14.91,,985,0.000,1999,561,0
2017/4/7,15:09:30,2.14e3,69871,14.91,,985,0.000,2114,515,0
2017/4/7,15:09:45,2.14e3,69816,14.91,,985,0.000,2066,572,0
2017/4/7,15:10:00,2.15e3,69954,14.91,,985,0.000,2148,535,0
2017/4/7,15:10:15,2.13e3,69304,14.91,,985,0.000,2163,566,0
2017/4/7,15:10:30,2.12e3,68915,14.91,,985,0.000,2204,552,0
2017/4/7,15:10:45,2.11e3,68724,14.91,,985,0.000,2186,576,0
2017/4/7,15:11:00,2.12e3,69038,14.91,,985,0.000,2268,541,0
2017/4/7,15:11:15,2.12e3,69101,14.91,,985,0.000,2250,554,0
2017/4/7,15:11:30,2.09e3,68013,14.91,,985,0.000,2218,583,0
2017/4/7,15:11:45,2.07e3,67335,14.91,,985,0.000,2235,585,0
2017/4/7,15:12:00,2.07e3,67462,14.91,,985,0.000,2297,537,0
2017/4/7,15:12:15,2.07e3,67382,14.91,,985,0.000,2266,582,0
2017/4/7,15:12:30,2.07e3,67358,14.91,,985,0.000,2282,555,0
2017/4/7,15:12:45,2.07e3,67492,14.91,,985,0.000,2312,552,0
2017/4/7,15:13:00,2.07e3,67325,14.91,,985,0.000,2316,557,0
2017/4/7,15:13:15,2.05e3,66748,14.91,,985,0.000,2301,574,0
2017/4/7,15:13:30,2.04e3,66320,14.91,,985,0.000,2304,582,0
2017/4/7,15:13:45,2.04e3,66511,14.91,,985,0.000,2287,594,0
2017/4/7,15:14:00,2.03e3,66165,14.91,,985,0.000,2325,577,0
2017/4/7,15:14:15,2.05e3,66850,14.91,,985,0.000,2321,589,0
2017/4/7,15:14:30,2.05e3,66746,14.91,,985,0.000,2305,605,0
2017/4/7,15:14:45,2.03e3,66090,14.91,,985,0.000,2316,561,0
2017/4/7,15:15:00,2.01e3,65435,14.91,,985,0.000,2358,563,0
2017/4/7,15:15:15,2.01e3,65648,14.91,,985,0.000,2340,581,0
2017/4/7,15:15:30,2.02e3,65727,14.91,,985,0.000,2353,572,0
2017/4/7,15:15:45,2.06e3,67062,14.91,,985,0.000,2343,577,0
2017/4/7,15:16:00,2.17e3,70617,14.9,,985,0.000,2332,582,0
2017/4/7,15:16:15,2.03e3,66072,14.91,,985,0.000,2340,590,0
2017/4/7,15:16:30,2.16e3,70355,14.9,,985,0.000,2337,585,0
2017/4/7,15:16:45,9.40e3,292944,14.62,,985,0.000,2188,561,0
2017/4/7,15:17:00,2.31e4,704100,14.1,,985,0.000,1973,534,0
2017/4/7,15:17:15,1.62e4,505423,14.35,,985,0.000,2077,520,0
2017/4/7,15:17:30,1.62e4,504551,14.35,,985,0.000,2088,516,0
2017/4/7,15:17:45,1.96e4,603868,14.22,,985,0.000,2016,510,0
2017/4/7,15:18:00,2.30e4,703248,14.1,,985,0.000,1979,509,0
2017/4/7,15:18:15,2.61e4,791429,13.99,,985,0.000,1951,509,0
2017/4/7,15:18:30,3.76e4,1105197,13.6,,985,0.000,1822,485,0
2017/4/7,15:18:45,5.24e4,1448395,13.14,,985,0.000,1715,512,0
2017/4/7,15:19:00,5.56e4,1557475,13.02,,985,0.000,1671,489,0
2017/4/7,15:19:15,6.21e4,1722840,12.82,,985,0.000,1649,487,0
2017/4/7,15:19:30,7.50e4,2012882,12.43,,985,0.000,1649,495,0
2017/4/7,15:19:45,1.14e5,2787775,11.32,,985,0.000,1539,526,0
2017/4/7,15:20:00,1.26e5,3004605,10.99,,985,0.000,1508,516,0
2017/4/7,15:20:15,1.31e5,3062793,10.87,,985,0.000,1501,517,0
2017/4/7,15:20:30,1.29e5,3061235,10.89,,985,0.000,1518,546,0
2017/4/7,15:20:45,1.40e5,3223155,10.62,,985,0.000,1501,518,0
2017/4/7,15:21:00,1.45e5,3298426,10.51,,985,0.000,1459,518,0
2017/4/7,15:21:15,1.65e5,3578659,10.03,,985,0.000,1480,540,0
2017/4/7,15:21:30,2.02e5,4005124,9.186,,985,0.000,1424,565,0
2017/4/7,15:21:45,2.36e5,4308682,8.492,,985,0.000,1398,561,0
2017/4/7,15:22:00,2.13e5,4112578,8.98,,985,0.000,1400,548,0
2017/4/7,15:22:15,2.19e5,4191278,8.802,,985,0.000,1398,544,0
2017/4/7,15:22:30,2.81e5,4618314,7.635,,985,0.000,1319,548,0
2017/4/7,15:22:45,2.77e5,4614466,7.701,,985,0.000,1354,557,0
2017/4/7,15:23:00,2.70e5,4576655,7.815,,985,0.000,1356,577,0
2017/4/7,15:23:15,3.11e5,4785638,7.11,,985,0.000,1318,556,0
2017/4/7,15:23:30,2.94e5,4704532,7.407,,985,0.000,1342,567,0
2017/4/7,15:23:45,3.40e5,4868718,6.683,,985,0.000,1302,554,0
2017/4/7,15:24:00,3.49e5,4914012,6.513,,985,0.000,1311,588,0
2017/4/7,15:24:15,3.42e5,4900248,6.62,,985,0.000,1292,572,0
2017/4/7,15:24:30,3.56e5,4931380,6.408,,985,0.000,1295,577,0
2017/4/7,15:24:45,3.78e5,4987757,6.103,,985,0.000,1297,577,0
2017/4/7,15:25:00,3.70e5,4972773,6.198,,985,0.000,1292,561,0
2017/4/7,15:25:15,3.94e5,4988514,5.905,,985,0.000,1259,561,0
2017/4/7,15:25:30,3.89e5,5005135,5.952,,985,0.000,1276,600,0
2017/4/7,15:25:45,3.93e5,5018622,5.907,,985,0.000,1306,584,0
2017/4/7,15:26:00,3.88e5,5018613,5.96,,985,0.000,1322,581,0
2017/4/7,15:26:15,4.25e5,5031819,5.49,,985,0.000,1314,583,0
2017/4/7,15:26:30,4.16e5,5047723,5.596,,985,0.000,1263,577,0
2017/4/7,15:26:45,4.17e5,5041313,5.592,,985,0.000,1280,598,0
2017/4/7,15:27:00,4.28e5,5053180,5.453,,985,0.000,1300,612,0
2017/4/7,15:27:15,4.39e5,5056487,5.314,,985,0.000,1303,601,0
2017/4/7,15:27:30,4.51e5,5060145,5.183,,985,0.000,1240,570,0
2017/4/7,15:27:45,4.39e5,5061475,5.326,,985,0.000,1269,590,0
2017/4/7,15:28:00,4.29e5,5062610,5.443,,985,0.000,1262,581,0
2017/4/7,15:28:15,4.58e5,5054354,5.101,,985,0.000,1273,588,0
2017/4/7,15:28:30,4.58e5,5063825,5.107,,985,0.000,1298,566,0
2017/4/7,15:28:45,4.55e5,5069146,5.161,,985,0.000,1286,590,0
2017/4/7,15:29:00,4.48e5,5063381,5.224,,985,0.000,1270,600,0
2017/4/7,15:29:15,4.52e5,5066576,5.182,,985,0.000,1278,596,0
2017/4/7,15:29:30,4.62e5,5053458,5.088,,985,0.000,1269,577,0
2017/4/7,15:29:45,4.40e5,5078730,5.327,,985,0.000,1281,593,0
2017/4/7,15:30:00,4.31e5,5067227,5.422,,985,0.000,1265,585,0
2017/4/7,15:30:15,4.41e5,5069654,5.308,,985,0.000,1271,600,0
2017/4/7,15:30:30,4.64e5,5066584,5.048,,985,0.000,1292,585,0
2017/4/7,15:30:45,4.71e5,5069456,4.974,,985,0.000,1250,594,0
2017/4/7,15:31:00,4.92e5,5050001,4.756,,985,0.000,1252,583,0
2017/4/7,15:31:15,4.88e5,5060200,4.802,,985,0.000,1234,587,0
2017/4/7,15:31:30,4.63e5,5083753,5.068,,985,0.000,1251,594,0
2017/4/7,15:31:45,4.40e5,5095700,5.347,,985,0.000,1254,594,0
2017/4/7,15:32:00,4.44e5,5090371,5.291,,985,0.000,1296,601,0
2017/4/7,15:32:15,4.49e5,5089777,5.231,,985,0.000,1224,588,0
2017/4/7,15:32:30,4.38e5,5092453,5.368,,985,0.000,1276,587,0
2017/4/7,15:32:45,4.68e5,5094385,5.032,,985,0.000,1226,583,0
2017/4/7,15:33:00,4.49e5,5098245,5.236,,985,0.000,1308,596,0
2017/4/7,15:33:15,4.29e5,5101868,5.489,,985,0.000,1291,603,0
2017/4/7,15:33:30,4.36e5,5096129,5.397,,985,0.000,1232,579,0
2017/4/7,15:33:45,4.32e5,5109168,5.46,,985,0.000,1247,563,0
2017/4/7,15:34:00,4.45e5,5105288,5.299,,985,0.000,1256,582,0
2017/4/7,15:34:15,4.37e5,5102620,5.389,,985,0.000,1265,601,0
2017/4/7,15:34:30,4.26e5,5103922,5.534,,985,0.000,1318,612,0
2017/4/7,15:34:45,4.31e5,5114512,5.476,,985,0.000,1292,593,0
2017/4/7,15:35:00,4.30e5,5114437,5.483,,985,0.000,1271,610,0
2017/4/7,15:35:15,4.27e5,5116815,5.527,,985,0.000,1256,563,0
2017/4/7,15:35:30,4.20e5,5115146,5.622,,985,0.000,1287,577,0
2017/4/7,15:35:45,4.17e5,5117542,5.662,,985,0.000,1278,571,0
2017/4/7,15:36:00,4.30e5,5117937,5.489,,985,0.000,1281,576,0
2017/4/7,15:36:15,4.33e5,5114711,5.462,,985,0.000,1282,595,0
2017/4/7,15:36:30,4.17e5,5108871,5.649,,985,0.000,1302,588,0
2017/4/7,15:36:45,4.08e5,5113736,5.789,,985,0.000,1335,566,0
2017/4/7,15:37:00,4.13e5,5113643,5.711,,985,0.000,1300,605,0
2017/4/7,15:37:15,4.02e5,5103445,5.859,,985,0.000,1293,607,0
2017/4/7,15:37:30,4.03e5,5102134,5.837,,985,0.000,1240,606,0
2017/4/7,15:37:45,3.96e5,5083345,5.998,,985,0.000,1285,592,0
2017/4/7,15:38:00,4.00e5,5108457,5.892,,985,0.000,1307,596,0
2017/4/7,15:38:15,3.84e5,5079423,6.104,,985,0.000,1276,579,0
2017/4/7,15:38:30,3.88e5,5090909,6.057,,985,0.000,1326,599,0
2017/4/7,15:38:45,3.84e5,5093603,6.113,,985,0.000,1340,595,0
2017/4/7,15:39:00,3.88e5,5101068,6.069,,985,0.000,1273,581,0
2017/4/7,15:39:15,3.85e5,5092909,6.107,,985,0.000,1281,590,0
2017/4/7,15:39:30,3.75e5,5082115,6.243,,985,0.000,1329,594,0
2017/4/7,15:39:45,3.87e5,5097827,6.09,,985,0.000,1326,595,0
2017/4/7,15:40:00,3.83e5,5095876,6.131,,985,0.000,1282,573,0
2017/4/7,15:40:15,3.80e5,5085742,6.167,,985,0.000,1286,559,0
2017/4/7,15:40:30,3.86e5,5096735,6.088,,985,0.000,1303,568,0
2017/4/7,15:40:45,3.79e5,5088742,6.198,,985,0.000,1287,622,0
2017/4/7,15:41:00,3.70e5,5070680,6.326,,985,0.000,1306,579,0
2017/4/7,15:41:15,3.62e5,5058084,6.437,,985,0.000,1319,601,0
2017/4/7,15:41:30,3.71e5,5082233,6.312,,985,0.000,1286,578,0
2017/4/7,15:41:45,3.75e5,5098237,6.267,,985,0.000,1348,604,0
2017/4/7,15:42:00,3.74e5,5088180,6.276,,985,0.000,1342,603,0
2017/4/7,15:42:15,3.83e5,5106686,6.149,,985,0.000,1292,589,0
2017/4/7,15:42:30,3.89e5,5124719,6.077,,985,0.000,1314,585,0
2017/4/7,15:42:45,3.77e5,5115934,6.257,,985,0.000,1284,588,0
2017/4/7,15:43:00,3.70e5,5085121,6.341,,985,0.000,1302,598,0
2017/4/7,15:43:15,3.69e5,5092760,6.369,,985,0.000,1318,573,0
2017/4/7,15:43:30,3.57e5,5063421,6.541,,985,0.000,1301,561,0
2017/4/7,15:43:45,3.63e5,5084257,6.462,,985,0.000,1364,594,0
2017/4/7,15:44:00,3.70e5,5096471,6.354,,985,0.000,1284,578,0
2017/4/7,15:44:15,3.68e5,5096204,6.392,,985,0.000,1293,560,0
2017/4/7,15:44:30,3.54e5,5062908,6.603,,985,0.000,1354,576,0
2017/4/7,15:44:45,3.58e5,5086601,6.552,,985,0.000,1324,557,0
2017/4/7,15:45:00,3.58e5,5073746,6.538,,985,0.000,1350,603,0
2017/4/7,15:45:15,3.50e5,5050047,6.656,,985,0.000,1313,549,0
2017/4/7,15:45:30,3.43e5,5034568,6.775,,985,0.000,1351,557,0
2017/4/7,15:45:45,3.39e5,5027573,6.843,,985,0.000,1304,554,0
2017/4/7,15:46:00,3.43e5,5034389,6.765,,985,0.000,1331,589,0
2017/4/7,15:46:15,3.35e5,5011177,6.902,,985,0.000,1342,562,0
2017/4/7,15:46:30,3.41e5,5031274,6.797,,985,0.000,1320,578,0
2017/4/7,15:46:45,3.34e5,5006759,6.914,,985,0.000,1339,598,0
2017/4/7,15:47:00,3.25e5,4975341,7.056,,985,0.000,1326,568,0
2017/4/7,15:47:15,3.28e5,4987077,7.02,,985,0.000,1313,576,0
2017/4/7,15:47:30,3.28e5,4996664,7.014,,985,0.000,1326,555,0
2017/4/7,15:47:45,3.28e5,4997241,7.023,,985,0.000,1340,581,0
2017/4/7,15:48:00,3.26e5,4990372,7.06,,985,0.000,1330,562,0
2017/4/7,15:48:15,3.25e5,4983239,7.066,,985,0.000,1347,562,0
2017/4/7,15:48:30,3.20e5,4962840,7.142,,985,0.000,1365,584,0
2017/4/7,15:48:45,3.17e5,4953362,7.199,,985,0.000,1384,616,0
2017/4/7,15:49:00,3.13e5,4935374,7.275,,985,0.000,1334,576,0
2017/4/7,15:49:15,3.09e5,4916601,7.333,,985,0.000,1352,578,0
2017/4/7,15:49:30,3.04e5,4893686,7.421,,985,0.000,1369,582,0
2017/4/7,15:49:45,2.98e5,4866764,7.52,,985,0.000,1383,581,0
2017/4/7,15:50:00,3.02e5,4888326,7.472,,985,0.000,1376,571,0
2017/4/7,15:50:15,2.98e5,4865641,7.534,,985,0.000,1396,570,0
2017/4/7,15:50:30,2.94e5,4844532,7.589,,985,0.000,1373,592,0
2017/4/7,15:50:45,2.94e5,4850148,7.61,,985,0.000,1397,588,0
2017/4/7,15:51:00,2.91e5,4835149,7.659,,985,0.000,1380,570,0
2017/4/7,15:51:15,2.90e5,4828442,7.674,,985,0.000,1392,588,0
2017/4/7,15:51:30,2.89e5,4818524,7.691,,985,0.000,1386,565,0
2017/4/7,15:51:45,2.85e5,4802881,7.765,,985,0.000,1369,588,0
2017/4/7,15:52:00,2.82e5,4780402,7.82,,985,0.000,1359,590,0
2017/4/7,15:52:15,2.78e5,4758035,7.887,,985,0.000,1412,578,0
2017/4/7,15:52:30,2.80e5,4773869,7.86,,985,0.000,1385,571,0
2017/4/7,15:52:45,2.74e5,4738813,7.971,,985,0.000,1419,567,0
2017/4/7,15:53:00,2.74e5,4740365,7.968,,985,0.000,1387,589,0
2017/4/7,15:53:15,2.74e5,4738689,7.97,,985,0.000,1446,596,0
2017/4/7,15:53:30,2.67e5,4678765,8.136,,985,0.000,1381,579,0
2017/4/7,15:53:45,2.66e5,4687919,8.124,,985,0.000,1424,594,0
2017/4/7,15:54:00,2.65e5,4676009,8.14,,985,0.000,1405,603,0
2017/4/7,15:54:15,2.63e5,4660439,8.17,,985,0.000,1422,606,0
2017/4/7,15:54:30,2.63e5,4653017,8.158,,985,0.000,1433,576,0
2017/4/7,15:54:45,2.60e5,4637342,8.225,,985,0.000,1419,579,0
2017/4/7,15:55:00,2.57e5,4613357,8.271,,985,0.000,1423,590,0
2017/4/7,15:55:15,2.51e5,4569336,8.379,,985,0.000,1430,574,0
2017/4/7,15:55:30,2.49e5,4552685,8.416,,985,0.000,1375,555,0
2017/4/7,15:55:45,2.44e5,4514781,8.528,,985,0.000,1413,567,0
2017/4/7,15:56:00,2.52e5,4575749,8.374,,985,0.000,1429,605,0
2017/4/7,15:56:15,2.50e5,4559690,8.42,,985,0.000,1401,606,0
2017/4/7,15:56:30,2.48e5,4539640,8.451,,985,0.000,1453,589,0
2017/4/7,15:56:45,2.43e5,4511250,8.549,,985,0.000,1429,570,0
2017/4/7,15:57:00,2.39e5,4476484,8.615,,985,0.000,1423,579,0
2017/4/7,15:57:15,2.37e5,4456771,8.654,,985,0.000,1461,573,0
2017/4/7,15:57:30,2.36e5,4446222,8.689,,985,0.000,1437,578,0
2017/4/7,15:57:45,2.38e5,4469086,8.653,,985,0.000,1425,559,0
2017/4/7,15:58:00,2.34e5,4428605,8.734,,985,0.000,1445,584,0
2017/4/7,15:58:15,2.32e5,4417908,8.761,,985,0.000,1484,590,0
2017/4/7,15:58:30,2.32e5,4414812,8.774,,985,0.000,1458,618,0
2017/4/7,15:58:45,2.32e5,4414869,8.777,,985,0.000,1472,589,0
2017/4/7,15:59:00,2.29e5,4392199,8.826,,985,0.000,1433,587,0
2017/4/7,15:59:15,2.25e5,4348626,8.912,,985,0.000,1461,570,0
2017/4/7,15:59:30,2.25e5,4359667,8.909,,985,0.000,1429,601,0
2017/4/7,15:59:45,2.24e5,4345615,8.94,,985,0.000,1473,546,0
2017/4/7,16:00:00,2.24e5,4340894,8.949,,985,0.000,1468,587,0
2017/4/7,16:00:15,2.24e5,4349323,8.929,,985,0.000,1464,577,0
2017/4/7,16:00:30,2.26e5,4365711,8.889,,985,0.000,1445,585,0
2017/4/7,16:00:45,2.19e5,4296419,9.053,,985,0.000,1455,579,0
2017/4/7,16:01:00,2.19e5,4301013,9.055,,985,0.000,1484,592,0
2017/4/7,16:01:15,2.16e5,4273092,9.115,,985,0.000,1453,584,0
2017/4/7,16:01:30,2.10e5,4214518,9.251,,985,0.000,1452,567,0
2017/4/7,16:01:45,2.16e5,4284506,9.135,,985,0.000,1488,585,0
2017/4/7,16:02:00,2.13e5,4255099,9.191,,985,0.000,1442,548,0
2017/4/7,16:02:15,2.10e5,4218321,9.265,,985,0.000,1503,572,0
2017/4/7,16:02:30,2.11e5,4233400,9.236,,985,0.000,1486,576,0
2017/4/7,16:02:45,2.09e5,4215862,9.277,,985,0.000,1468,578,0
2017/4/7,16:03:00,2.03e5,4149853,9.409,,985,0.000,1481,572,0
2017/4/7,16:03:15,2.06e5,4183383,9.347,,985,0.000,1459,551,0
2017/4/7,16:03:30,2.10e5,4225759,9.264,,985,0.000,1481,559,0
2017/4/7,16:03:45,2.06e5,4185393,9.35,,985,0.000,1478,579,0
2017/4/7,16:04:00,2.06e5,4181075,9.355,,985,0.000,1503,573,0
2017/4/7,16:04:15,2.07e5,4199941,9.328,,985,0.000,1483,576,0
2017/4/7,16:04:30,2.03e5,4150063,9.427,,985,0.000,1472,568,0
2017/4/7,16:04:45,2.08e5,4205623,9.333,,985,0.000,1453,565,0
2017/4/7,16:05:00,2.05e5,4178279,9.379,,985,0.000,1480,589,0
2017/4/7,16:05:15,2.00e5,4116208,9.495,,985,0.000,1538,562,0
2017/4/7,16:05:30,1.96e5,4081828,9.565,,985,0.000,1478,568,0
2017/4/7,16:05:45,2.00e5,4126630,9.49,,985,0.000,1478,556,0
2017/4/7,16:06:00,2.22e5,4319274,9.09,,985,0.000,1462,571,0
2017/4/7,16:06:15,1.59e5,3585106,10.42,,985,0.000,1540,567,0
2017/4/7,16:06:30,1.43e5,3359688,10.78,,985,0.000,1614,581,0
2017/4/7,16:06:45,1.40e5,3298433,10.88,,985,0.000,1582,550,0
2017/4/7,16:07:00,1.33e5,3191018,11.04,,985,0.000,1606,551,0
2017/4/7,16:07:15,1.27e5,3088041,11.19,,985,0.000,1608,561,0
2017/4/7,16:07:30,1.14e5,2865345,11.51,,985,0.000,1605,532,0
2017/4/7,16:07:45,1.01e5,2605410,11.86,,985,0.000,1660,529,0
2017/4/7,16:08:00,9.41e4,2458821,12.05,,985,0.000,1682,521,0
2017/4/7,16:08:15,7.83e4,2115082,12.49,,985,0.000,1721,527,0
2017/4/7,16:08:30,7.13e4,1960161,12.69,,985,0.000,1746,521,0
2017/4/7,16:08:45,6.36e4,1778985,12.91,,985,0.000,1784,510,0
2017/4/7,16:09:00,6.31e4,1767524,12.92,,985,0.000,1804,528,0
2017/4/7,16:09:15,5.03e4,1451777,13.3,,985,0.000,1823,548,0
2017/4/7,16:09:30,4.50e4,1312556,13.46,,985,0.000,1901,543,0
2017/4/7,16:09:45,3.77e4,1120718,13.68,,985,0.000,1998,554,0
2017/4/7,16:10:00,3.87e4,1147832,13.65,,985,0.000,1987,548,0
2017/4/7,16:10:15,3.69e4,1099132,13.71,,985,0.000,1984,568,0
2017/4/7,16:10:30,3.07e4,927746,13.91,,985,0.000,2036,543,0
2017/4/7,16:10:45,2.77e4,841330,14.0,,985,0.000,2110,555,0
2017/4/7,16:11:00,2.42e4,742514,14.12,,985,0.000,2124,563,0
2017/4/7,16:11:15,2.22e4,683174,14.19,,985,0.000,2144,572,0
2017/4/7,16:11:30,1.97e4,609479,14.27,,985,0.000,2143,570,0
2017/4/7,16:11:45,1.64e4,513187,14.38,,985,0.000,2200,555,0
2017/4/7,16:12:00,1.49e4,467315,14.44,,985,0.000,2227,544,0
2017/4/7,16:12:15,1.37e4,430287,14.48,,985,0.000,2291,523,0
2017/4/7,16:12:30,1.13e4,359405,14.56,,985,0.000,2249,552,0
2017/4/7,16:12:45,1.08e4,344192,14.58,,985,0.000,2268,555,0
2017/4/7,16:13:00,1.04e4,332126,14.6,,985,0.000,2270,544,0
2017/4/7,16:13:15,7.52e3,240254,14.71,,985,0.000,2376,510,0
2017/4/7,16:13:30,7.67e3,245025,14.7,,985,0.000,2362,516,0
2017/4/7,16:13:45,7.15e3,228545,14.72,,985,0.000,2363,535,0
2017/4/7,16:14:00,6.33e3,202724,14.75,,985,0.000,2385,507,0
2017/4/7,16:14:15,5.73e3,183856,14.77,,985,0.000,2379,518,0
2017/4/7,16:14:30,4.84e3,155950,14.81,,985,0.000,2403,518,0
2017/4/7,16:14:45,4.76e3,153422,14.81,,985,0.000,2438,499,0
2017/4/7,16:15:00,4.24e3,136923,14.83,,985,0.000,2402,527,0
2017/4/7,16:15:15,3.74e3,120967,14.85,,985,0.000,2434,521,0
2017/4/7,16:15:30,3.23e3,104666,14.87,,985,0.000,2432,499,0
2017/4/7,16:15:45,2.95e3,95840,14.88,,985,0.000,2426,516,0
2017/4/7,16:16:00,2.58e3,83909,14.9,,985,0.000,2447,502,0
2017/4/7,16:16:15,2.32e3,75397,14.91,,985,0.000,2427,512,0
2017/4/7,16:16:30,2.35e3,76685,14.9,,985,0.000,2446,496,0
2017/4/7,16:16:45,2.01e3,65435,14.92,,985,0.000,2451,495,0
2017/4/7,16:17:00,1.57e3,51128,14.94,,985,0.000,2493,452,0
2017/4/7,16:17:15,1.54e3,50101,14.94,,985,0.000,2453,504,0
2017/4/7,16:17:30,1.52e3,49464,14.94,,985,0.000,2432,543,0
2017/4/7,16:17:45,1.25e3,40828,14.95,,985,0.000,2423,527,0
2017/4/7,16:18:00,1.17e3,38247,14.95,,985,0.000,2452,499,0
2017/4/7,16:18:15,1.05e3,34309,14.96,,985,0.000,2442,538,0
2017/4/7,16:18:30,987,32093,14.96,,985,0.000,2453,515,0
2017/4/7,16:18:44,812,26410,14.97,,985,0.000,2463,512,0
2017/4/7,16:18:59,886,28809,14.96,,985,0.000,2462,510,0
2017/4/7,16:19:14,729,23714,14.97,,985,0.000,2497,471,0
2017/4/7,16:19:29,691,22466,14.97,,985,0.000,2484,484,0
2017/4/7,16:19:44,573,18644,14.98,,985,0.000,2475,488,0
2017/4/7,16:19:59,479,15597,14.98,,985,0.000,2481,485,0
2017/4/7,16:20:14,449,14607,14.98,,985,0.000,2454,522,0
2017/4/7,16:20:29,395,12865,14.98,,985,0.000,2481,516,0
2017/4/7,16:20:44,416,13533,14.98,,985,0.000,2464,520,0
2017/4/7,16:20:59,317,10324,14.99,,985,0.000,2470,517,0
2017/4/7,16:21:14,327,10637,14.99,,985,0.000,2486,502,0
2017/4/7,16:21:29,308,10040,14.99,,985,0.000,2438,513,0
2017/4/7,16:21:44,239,7789,14.99,,985,0.000,2468,526,0
2017/4/7,16:21:59,245,7975,14.99,,985,0.000,2473,494,0
2017/4/7,16:22:14,247,8046,14.99,,985,0.000,2473,510,0
2017/4/7,16:22:29,199,6475,14.99,,985,0.000,2471,509,0
2017/4/7,16:22:44,219,7125,14.99,,985,0.000,2447,523,0
2017/4/7,16:22:59,190,6175,14.99,,985,0.000,2484,496,0
2017/4/7,16:23:14,177,5767,14.99,,985,0.000,2484,504,0
2017/4/7,16:23:29,174,5656,14.99,,985,0.000,2478,528,0
2017/4/7,16:23:44,141,4608,14.99,,985,0.000,2474,510,0
2017/4/7,16:23:59,131,4279,14.99,,985,0.000,2453,543,0
2017/4/7,16:24:14,123,4023,14.99,,985,0.000,2443,543,0
2017/4/7,16:24:29,108,3533,14.99,,985,0.000,2482,529,0
2017/4/7,16:24:44,111,3623,14.99,,985,0.000,2448,556,0
2017/4/7,16:24:59,106,3465,14.99,,985,0.000,2449,557,0
2017/4/7,16:25:14,89.1,2897,14.99,,985,0.000,2464,557,0
2017/4/7,16:25:30,91.1,2963,14.99,,985,0.000,2464,533,0
2017/4/7,16:25:45,83.6,2720,14.99,,985,0.000,2456,554,0
2017/4/7,16:26:00,78.8,2562,14.99,,985,0.000,2413,595,0
2017/4/7,16:26:15,82.6,2685,14.99,,985,0.000,2435,576,0
2017/4/7,16:26:30,93.5,3039,14.99,,985,0.000,2456,568,0
2017/4/7,16:26:45,72.1,2346,14.99,,985,0.000,2410,592,0
2017/4/7,16:27:00,77.1,2507,14.99,,985,0.000,2454,563,0
2017/4/7,16:27:15,71.0,2308,14.99,,985,0.000,2421,572,0
2017/4/7,16:27:30,63.2,2056,14.99,,985,0.000,2419,578,0
2017/4/7,16:27:45,65.9,2142,14.99,,985,0.000,2399,576,0
2017/4/7,16:28:00,64.2,2087,14.99,,985,0.000,2469,561,0
2017/4/7,16:28:15,57.8,1881,14.99,,985,0.000,2441,566,0
2017/4/7,16:28:30,49.3,1603,14.99,,985,0.000,2406,609,0
2017/4/7,16:28:45,53.7,1746,15.0,,985,0.000,2459,588,0
2017/4/7,16:29:00,44.0,1432,15.0,,985,0.000,2398,633,0
2017/4/7,16:29:15,46.2,1504,14.99,,985,0.000,2431,587,0
2017/4/7,16:29:30,51.9,1689,15.0,,985,0.000,2432,583,0
2017/4/7,16:29:45,47.5,1545,15.0,,985,0.000,2390,617,0
2017/4/7,16:30:00,46.0,1496,15.0,,985,0.000,2440,598,0
2017/4/7,16:30:15,46.0,1495,15.0,,985,0.000,2447,571,0
2017/4/7,16:30:30,47.0,1529,15.0,,985,0.000,2424,572,0
2017/4/7,16:30:45,45.0,1463,14.99,,985,0.000,2454,583,0
2017/4/7,16:31:00,43.3,1410,15.0,,985,0.000,2396,604,0
2017/4/7,16:31:15,40.8,1326,14.99,,985,0.000,2456,579,0
2017/4/7,16:31:30,47.0,1528,15.0,,985,0.000,2491,515,0
2017/4/7,16:31:45,41.6,1355,15.0,,985,0.000,2460,572,0
2017/4/7,16:32:00,43.0,1398,14.99,,985,0.000,2436,572,0
2017/4/7,16:32:15,36.6,1190,15.0,,985,0.000,2436,577,0
2017/4/7,16:32:30,38.8,1263,14.99,,985,0.000,2402,611,0
2017/4/7,16:32:45,42.4,1379,15.0,,985,0.000,2458,544,0
2017/4/7,16:33:00,44.6,1452,14.99,,985,0.000,2396,646,0
2017/4/7,16:33:15,38.3,1246,14.99,,985,0.000,2448,574,0
2017/4/7,16:33:30,34.2,1113,15.0,,985,0.000,2432,581,0
2017/4/7,16:33:45,33.2,1081,15.0,,985,0.000,2435,555,0
2017/4/7,16:34:00,29.9,972,15.0,,985,0.000,2379,644,0
2017/4/7,16:34:15,33.4,1086,15.0,,985,0.000,2449,585,0
2017/4/7,16:34:30,36.4,1183,15.0,,985,0.000,2374,640,0
2017/4/7,16:34:45,37.5,1219,15.0,,985,0.000,2514,482,0
2017/4/7,16:35:00,36.8,1198,15.0,,985,0.000,2419,620,0
2017/4/7,16:35:15,36.3,1182,14.99,,985,0.000,2384,593,0
2017/4/7,16:35:30,34.0,1108,15.0,,985,0.000,2424,637,0
2017/4/7,16:35:45,30.0,978,15.0,,985,0.000,2414,629,0
2017/4/7,16:36:00,30.1,981,15.0,,985,0.000,2416,607,0
2017/4/7,16:36:15,33.3,1084,15.0,,985,0.000,2452,612,0
2017/4/7,16:36:30,39.0,1270,15.0,,985,0.000,2408,650,0
2017/4/7,16:36:45,49.3,1604,15.0,,985,0.000,2481,538,0
2017/4/7,16:37:00,44.1,1434,15.0,,985,0.000,2393,626,0
2017/4/7,16:37:15,36.8,1198,14.99,,985,0.000,2391,620,0
2017/4/7,16:37:30,38.2,1244,15.0,,985,0.000,2348,698,0
2017/4/7,16:37:45,35.8,1166,14.99,,985,0.000,2427,614,0
2017/4/7,16:38:00,26.5,864,15.0,,985,0.000,2401,617,0
2017/4/7,16:38:15,34.0,1108,15.0,,985,0.000,2430,583,0
2017/4/7,16:38:30,32.6,1062,15.0,,985,0.000,2416,576,0
2017/4/7,16:38:45,33.5,1089,15.0,,985,0.000,2381,645,0
2017/4/7,16:39:00,35.0,1140,14.99,,985,0.000,2423,574,0
2017/4/7,16:39:15,38.0,1237,15.0,,985,0.000,2418,592,0
2017/4/7,16:39:30,33.8,1099,15.0,,985,0.000,2382,672,0
2017/4/7,16:39:45,30.9,1007,15.0,,985,0.000,2384,611,0
2017/4/7,16:40:00,29.8,971,15.0,,985,0.000,2399,603,0
2017/4/7,16:40:15,36.4,1184,15.0,,985,0.000,2398,617,0
2017/4/7,16:40:30,34.3,1115,15.0,,985,0.000,2374,622,0
2017/4/7,16:40:45,31.8,1036,15.0,,985,0.000,2447,593,0
2017/4/7,16:41:00,34.7,1128,15.0,,985,0.000,2427,585,0
2017/4/7,16:41:15,34.7,1129,15.0,,985,0.000,2421,618,0
2017/4/7,16:41:30,26.5,863,15.0,,985,0.000,2404,642,0
2017/4/7,16:41:45,33.9,1102,15.0,,985,0.000,2370,653,0
2017/4/7,16:42:00,39.2,1274,15.0,,985,0.000,2475,585,0
2017/4/7,16:42:15,36.4,1185,15.0,,985,0.000,2410,603,0
2017/4/7,16:42:30,38.4,1250,15.0,,985,0.000,2463,585,0
2017/4/7,16:42:45,30.9,1006,15.0,,985,0.000,2404,634,0
2017/4/7,16:43:00,29.4,958,15.0,,985,0.000,2434,582,0
2017/4/7,16:43:15,29.2,949,15.0,,985,0.000,2447,588,0
2017/4/7,16:43:30,31.0,1010,15.0,,985,0.000,2393,649,0
2017/4/7,16:43:45,31.0,1008,15.0,,985,0.000,2352,676,0
2017/4/7,16:44:00,34.0,1105,14.99,,985,0.000,2432,609,0
2017/4/7,16:44:15,36.2,1177,15.0,,985,0.000,2391,643,0
2017/4/7,16:44:30,35.2,1145,15.0,,985,0.000,2369,655,0
2017/4/7,16:44:45,32.7,1064,15.0,,986,0.000,2501,520,0
2017/4/7,16:45:00,28.4,924,15.0,,985,0.000,2449,605,0
2017/4/7,16:45:15,37.7,1226,15.0,,985,0.000,2373,629,0
2017/4/7,16:45:30,36.2,1177,15.0,,985,0.000,2512,529,0
2017/4/7,16:45:45,29.3,954,15.0,,985,0.000,2380,662,0
2017/4/7,16:46:00,32.4,1055,15.0,,985,0.000,2404,625,0
2017/4/7,16:46:15,34.2,1113,15.0,,985,0.000,2431,584,0
2017/4/7,16:46:30,31.0,1009,15.0,,985,0.000,2412,623,0
2017/4/7,16:46:45,29.3,953,15.0,,985,0.000,2459,574,0
2017/4/7,16:47:00,29.0,943,15.0,,985,0.000,2413,625,0
2017/4/7,16:47:15,33.8,1099,15.0,,985,0.000,2478,574,0
2017/4/7,16:47:30,30.3,987,15.0,,986,0.000,2462,577,0
2017/4/7,16:47:45,33.1,1078,15.0,,985,0.000,2391,649,0
2017/4/7,16:48:00,32.3,1050,15.0,,985,0.000,2382,650,0
2017/4/7,16:48:15,29.3,955,15.0,,985,0.000,2460,601,0
2017/4/7,16:48:30,27.6,898,15.0,,985,0.000,2427,622,0
2017/4/7,16:48:45,27.6,900,15.0,,985,0.000,2385,625,0
2017/4/7,16:49:00,30.8,1002,15.0,,985,0.000,2425,621,0
2017/4/7,16:49:15,29.6,963,15.0,,985,0.000,2408,593,0
2017/4/7,16:49:30,32.1,1045,15.0,,985,0.000,2481,552,0
2017/4/7,16:49:45,34.2,1112,15.0,,985,0.000,2437,588,0
2017/4/7,16:50:00,30.8,1002,15.0,,985,0.000,2465,587,0
2017/4/7,16:50:15,28.6,931,15.0,,985,0.000,2452,561,0
2017/4/7,16:50:30,27.5,895,15.0,,985,0.000,2427,629,0
2017/4/7,16:50:45,27.3,889,15.0,,985,0.000,2419,583,0
2017/4/7,16:51:00,33.8,1100,15.0,,985,0.000,2425,604,0
2017/4/7,16:51:15,29.5,959,15.0,,985,0.000,2423,635,0
2017/4/7,16:51:30,34.0,1107,15.0,,985,0.000,2438,583,0
2017/4/7,16:51:45,29.4,958,15.0,,985,0.000,2398,614,0
2017/4/7,16:52:00,36.9,1202,15.0,,985,0.000,2430,618,0
2017/4/7,16:52:15,31.0,1008,14.99,,985,0.000,2449,576,0
2017/4/7,16:52:30,31.0,1009,15.0,,985,0.000,2451,566,0
2017/4/7,16:52:45,27.3,889,15.0,,985,0.000,2447,581,0
2017/4/7,16:53:00,31.2,1017,15.0,,985,0.000,2468,579,0
2017/4/7,16:53:15,30.5,992,15.0,,985,0.000,2445,593,0
2017/4/7,16:53:30,35.8,1165,15.0,,986,0.000,2336,661,0
2017/4/7,16:53:45,33.0,1074,15.0,,985,0.000,2457,585,0
2017/4/7,16:54:00,33.2,1079,15.0,,985,0.000,2430,603,0
2017/4/7,16:54:15,33.0,1074,15.0,,986,0.000,2452,633,0
2017/4/7,16:54:30,30.1,980,15.0,,985,0.000,2425,610,0
2017/4/7,16:54:45,32.6,1061,15.0,,985,0.000,2449,595,0
2017/4/7,16:55:00,26.8,871,15.0,,985,0.000,2429,589,0
2017/4/7,16:55:15,25.9,843,15.0,,986,0.000,2424,589,0
2017/4/7,16:55:30,27.6,899,15.0,,986,0.000,2480,510,0
2017/4/7,16:55:45,29.2,952,15.0,,985,0.000,2496,557,0
2017/4/7,16:56:00,26.0,846,15.0,,985,0.000,2467,585,0
2017/4/7,16:56:15,27.4,891,15.0,,986,0.000,2441,612,0
2017/4/7,16:56:30,28.4,924,15.0,,985,0.000,2491,549,0
2017/4/7,16:56:45,31.0,1010,15.0,,985,0.000,2415,592,0
2017/4/7,16:57:00,30.1,979,15.0,,985,0.000,2386,667,0
2017/4/7,16:57:15,28.4,926,15.0,,985,0.000,2377,660,0
2017/4/7,16:57:30,28.5,929,15.0,,986,0.000,2474,557,0
2017/4/7,16:57:45,36.8,1199,15.0,,986,0.000,2471,573,0
2017/4/7,16:58:00,35.0,1138,15.0,,985,0.000,2443,604,0
2017/4/7,16:58:15,33.1,1076,15.0,,986,0.000,2446,595,0
2017/4/7,16:58:30,27.1,881,15.0,,986,0.000,2384,672,0
2017/4/7,16:58:45,32.6,1060,15.0,,986,0.000,2468,576,0
2017/4/7,16:59:00,26.2,853,15.0,,986,0.000,2425,589,0
2017/4/7,16:59:15,32.4,1053,15.0,,986,0.000,2392,633,0
2017/4/7,16:59:30,34.0,1108,15.0,,986,0.000,2454,582,0
2017/4/7,16:59:45,34.4,1119,15.0,,985,0.000,2440,589,0
2017/4/7,17:00:00,33.6,1093,15.0,,985,0.000,2368,635,0
2017/4/7,17:00:15,30.4,990,15.0,,986,0.000,2429,603,0
2017/4/7,17:00:30,34.9,1136,15.0,,985,0.000,2442,560,0
2017/4/7,17:00:45,32.6,1061,15.0,,986,0.000,2412,628,0
2017/4/7,17:01:00,34.4,1119,15.0,,986,0.000,2435,589,0
2017/4/7,17:01:15,36.2,1178,15.0,,986,0.000,2385,617,0
2017/4/7,17:01:30,34.8,1133,15.0,,986,0.000,2410,582,0
2017/4/7,17:01:45,35.3,1149,15.0,,985,0.000,2425,585,0
2017/4/7,17:02:00,26.5,862,15.0,,985,0.000,2446,609,0
2017/4/7,17:02:15,29.3,955,15.0,,986,0.000,2385,621,0
2017/4/7,17:02:30,35.3,1149,15.0,,986,0.000,2391,629,0
2017/4/7,17:02:45,42.2,1374,15.0,,986,0.000,2386,620,0
2017/4/7,17:03:00,42.1,1370,15.0,,986,0.000,2395,643,0
2017/4/7,17:03:15,47.3,1538,14.99,,986,0.000,2443,605,0
2017/4/7,17:03:30,36.8,1196,15.0,,986,0.000,2402,622,0
2017/4/7,17:03:45,29.9,974,15.0,,986,0.000,2429,646,0
2017/4/7,17:04:00,27.5,894,15.0,,986,0.000,2432,610,0
2017/4/7,17:04:15,42.5,1382,15.0,,986,0.000,2431,611,0
2017/4/7,17:04:30,39.4,1281,15.0,,986,0.000,2427,604,0
2017/4/7,17:04:45,34.7,1130,15.0,,986,0.000,2419,639,0
2017/4/7,17:05:00,32.0,1041,15.0,,986,0.000,2416,629,0
2017/4/7,17:05:15,31.0,1009,15.0,,986,0.000,2420,634,0
2017/4/7,17:05:30,33.2,1082,15.0,,986,0.000,2436,582,0
2017/4/7,17:05:45,32.8,1066,15.0,,986,0.000,2475,572,0
2017/4/7,17:06:00,32.8,1069,15.0,,986,0.000,2421,628,0
2017/4/7,17:06:15,37.2,1209,15.0,,986,0.000,2421,579,0
2017/4/7,17:06:30,29.4,956,15.0,,986,0.000,2457,562,0
2017/4/7,17:06:45,29.2,951,15.0,,985,0.000,2469,568,0
2017/4/7,17:07:00,33.5,1091,15.0,,986,0.000,2431,567,0
2017/4/7,17:07:15,29.5,960,15.0,,986,0.000,2402,598,0
2017/4/7,17:07:30,28.9,940,15.0,,986,0.000,2393,664,0
2017/4/7,17:07:45,35.5,1154,14.99,,986,0.000,2432,595,0
2017/4/7,17:08:00,32.7,1065,15.0,,986,0.000,2429,629,0
2017/4/7,17:08:15,27.6,900,15.0,,986,0.000,2395,616,0
2017/4/7,17:08:30,32.1,1044,15.0,,986,0.000,2401,642,0
2017/4/7,17:08:45,32.9,1071,15.0,,986,0.000,2447,593,0
2017/4/7,17:09:00,32.8,1066,15.0,,986,0.000,2438,589,0
2017/4/7,17:09:15,50.5,1642,15.0,,986,0.000,2462,556,0
2017/4/7,17:09:30,35.6,1158,15.0,,986,0.000,2436,600,0
2017/4/7,17:09:45,37.5,1219,15.0,,986,0.000,2419,620,0
2017/4/7,17:10:00,31.2,1014,15.0,,986,0.000,2457,605,0
2017/4/7,17:10:15,31.8,1035,15.0,,986,0.000,2363,662,0
2017/4/7,17:10:30,29.0,943,15.0,,986,0.000,2436,631,0
2017/4/7,17:10:45,30.4,989,15.0,,986,0.000,2485,535,0
2017/4/7,17:11:00,32.1,1045,15.0,,986,0.000,2454,566,0
2017/4/7,17:11:15,36.2,1178,15.0,,986,0.000,2449,557,0
2017/4/7,17:11:30,37.1,1207,15.0,,986,0.000,2427,650,0
2017/4/7,17:11:45,31.5,1024,15.0,,986,0.000,2406,581,0
2017/4/7,17:12:00,26.3,855,15.0,,986,0.000,2399,648,0
2017/4/7,17:12:15,24.5,799,15.0,,986,0.000,2413,598,0
2017/4/7,17:12:30,28.0,910,15.0,,986,0.000,2436,633,0
2017/4/7,17:12:45,31.7,1031,15.0,,986,0.000,2448,565,0
2017/4/7,17:13:00,27.1,881,15.0,,986,0.000,2421,593,0
2017/4/7,17:13:15,29.4,956,15.0,,986,0.000,2458,583,0
2017/4/7,17:13:30,26.2,852,15.0,,986,0.000,2395,648,0
2017/4/7,17:13:45,23.4,763,15.0,,986,0.000,2398,621,0
2017/4/7,17:14:00,22.8,744,15.0,,986,0.000,2526,502,0
2017/4/7,17:14:15,22.6,735,15.0,,986,0.000,2414,655,0
2017/4/7,17:14:30,25.7,836,15.0,,986,0.000,2453,576,0
2017/4/7,17:14:45,24.0,781,15.0,,986,0.000,2436,610,0
2017/4/7,17:15:00,24.7,803,15.0,,986,0.000,2410,601,0
2017/4/7,17:15:15,22.5,734,15.0,,986,0.000,2462,599,0
2017/4/7,17:15:30,20.3,661,15.0,,985,0.000,2393,607,0
2017/4/7,17:15:45,21.2,689,15.0,,986,0.000,2423,592,0
2017/4/7,17:16:00,22.8,742,15.0,,986,0.000,2409,642,0
2017/4/7,17:16:15,20.5,667,15.0,,986,0.000,2480,544,0
2017/4/7,17:16:30,18.0,586,15.0,,986,0.000,2431,604,0
2017/4/7,17:16:45,20.0,652,15.0,,986,0.000,2436,607,0
2017/4/7,17:17:00,23.9,778,15.0,,986,0.000,2415,612,0
2017/4/7,17:17:15,20.4,664,15.0,,986,0.000,2409,629,0
2017/4/7,17:17:30,19.0,619,15.0,,986,0.000,2441,592,0
2017/4/7,17:17:45,18.2,594,15.0,,986,0.000,2468,566,0
2017/4/7,17:18:00,18.0,585,15.0,,986,0.000,2481,531,0
2017/4/7,17:18:15,21.1,686,15.0,,986,0.000,2348,654,0
2017/4/7,17:18:30,18.4,601,15.0,,986,0.000,2457,541,0
2017/4/7,17:18:45,22.9,747,15.0,,986,0.000,2398,635,0
2017/4/7,17:19:00,17.4,566,15.0,,986,0.000,2452,623,0
2017/4/7,17:19:15,19.5,634,15.0,,986,0.000,2384,651,0
2017/4/7,17:19:30,18.0,587,15.0,,986,0.000,2438,657,0
2017/4/7,17:19:45,20.1,655,15.0,,986,0.000,2501,510,0
2017/4/7,17:20:00,23.6,767,15.0,,986,0.000,2421,594,0
2017/4/7,17:20:15,19.5,635,15.0,,986,0.000,2498,522,0
2017/4/7,17:20:30,18.1,590,15.0,,986,0.000,2366,670,0
2017/4/7,17:20:45,22.5,733,15.0,,986,0.000,2392,621,0
2017/4/7,17:21:00,19.8,645,15.0,,986,0.000,2388,633,0
2017/4/7,17:21:15,20.8,677,15.0,,986,0.000,2418,595,0
2017/4/7,17:21:30,18.9,617,15.0,,986,0.000,2435,593,0
2017/4/7,17:21:45,22.7,740,15.0,,986,0.000,2385,623,0
2017/4/7,17:22:00,19.9,649,15.0,,986,0.000,2408,621,0
2017/4/7,17:22:15,31.5,1026,15.0,,986,0.000,2442,611,0
2017/4/7,17:22:30,41.7,1358,14.99,,986,0.000,2435,589,0
2017/4/7,17:22:45,47.2,1534,14.99,,986,0.000,2436,576,0
2017/4/7,17:23:00,51.0,1659,14.99,,986,0.000,2436,607,0
2017/4/7,17:23:15,48.7,1584,15.0,,986,0.000,2459,590,0
