Sample File	D:\OlinCollege\All_data\OlinCollege\IQ Air\High1.S80
Classifier Model	3080
DMA Model	3085
DMA Inner Radius(cm)	0.00937
DMA Outer Radius(cm)	0.01905
DMA Characteristic Length(cm)	0.04987
CPC Model	3775 Low Flow
Gas Viscosity (kg/(m*s))	1.822e-005
Mean Free Path (m)	6.642e-008
Channels/Decade	64
Multiple Charge Correction	TRUE
Nanoparticle Aggregate Mobility Analysis	FALSE
Diffusion Correction	TRUE
Gas Density	0.0012
Units	dw/dlogDp
Weight	Number
Sample #	1	2	3	4	5	6	7	8	9	10	11	12	13	14	15	16	17	18	19	20	21	22	23	24	25	26	27
Date	04/07/17	04/07/17	04/07/17	04/07/17	04/07/17	04/07/17	04/07/17	04/07/17	04/07/17	04/07/17	04/07/17	04/07/17	04/07/17	04/07/17	04/07/17	04/07/17	04/07/17	04/07/17	04/07/17	04/07/17	04/07/17	04/07/17	04/07/17	04/07/17	04/07/17	04/07/17	04/07/17
Start Time	15:04:28	15:09:31	15:14:31	15:19:31	15:24:31	15:29:31	15:34:31	15:39:31	15:44:31	15:49:31	15:54:31	15:59:31	16:04:32	16:09:32	16:14:31	16:19:31	16:24:31	16:29:32	16:34:32	16:39:32	16:44:32	16:49:32	16:54:32	16:59:32	17:04:32	17:09:32	17:14:32
Diameter Midpoint
7.10	494144	393946	443229	377612	418075	438391	429532	342025	423311	359345	462729	268365	360958	183665	13278.9	6639.43	0	0	13278.9	13278.9	0	6639.43	0	0	0	13278.9	13070
7.37	327366	385647	421248	477142	350144	343081	332140	278749	315494	365140	380448	365354	291126	166439	27064.1	10825.6	5412.81	5412.81	0	0	0	0	10825.6	5412.81	0	5412.81	5412.81
7.64	262056	314753	303868	236638	257016	253969	234662	282753	187977	286052	305024	249096	267817	129253	17816.5	14601.3	0	0	0	0	4454.13	0	8908.26	0	0	13362.4	0
7.91	241266	224963	248780	247064	180088	242369	207986	242295	209972	233862	201576	225919	276715	86820.3	18545.7	10075.7	7403.57	3701.79	0	7403.57	3701.79	11105.4	3701.79	0	3701.79	3701.79	0
8.20	231198	207678	221790	196180	186188	199254	169894	197041	190031	141147	160609	200085	152062	58967.9	17769.9	9315.59	0	0	0	6210.4	6210.4	6210.4	3105.2	0	6210.4	3105.2	0
8.51	168284	157997	173544	161096	160159	161096	179274	194015	154378	165368	131644	184065	143205	64297.9	11224.3	0	0	0	0	2630.23	2630.23	0	0	2630.23	0	5260.46	0
8.82	123982	140676	171971	132616	152463	139008	131283	141403	121647	120982	130858	146974	122646	41933.2	13786.2	6726.08	2242.03	4484.05	0	0	0	0	0	2242.03	4484.05	0	2242.03
9.14	109175	129414	130156	136988	135807	101046	130595	124406	151610	133412	118012	99678.9	141389	39787.3	9327.29	1922.75	1922.75	1922.75	0	0	0	0	0	1922.75	0	1922.75	0
9.47	134770	118058	99404.9	115162	137224	96526.9	110009	108167	94072.9	224383	107212	93463.9	167054	26868.7	14174.7	3325.73	1662.87	0	0	0	0	0	1662.87	0	1662.87	0	0
9.82	72239.3	80218.5	88937.5	120874	82542.8	89167.1	80411.2	95824.6	93905.2	139491	104279	86876	161844	36109.9	5020.36	1444.4	0	0	1444.4	0	2888.79	0	7221.98	1444.4	2888.79	1444.4	1444.4
 10.2	93621.4	79884.2	99361.5	87596.9	90484	71145.2	84175.3	87908.1	87293.8	89237.4	78031.2	79113.3	122856	26392.4	5062.07	1265.52	2531.03	2531.03	0	1265.52	1265.52	0	0	0	0	1265.52	0
 10.6	75067.1	64882.9	73239	74577.2	68238.5	65119.5	64882.9	72512.6	72281.7	73792.7	73066.2	65436.5	105995	16856.5	7791.05	1113.01	1113.01	0	1113.01	1113.01	0	2226.02	1113.01	0	1113.01	0	1113.01
 10.9	57242.5	60330.1	65861.2	64124.7	59347.6	47199.6	62024.6	58942.1	50723.9	58224.9	69801.1	47069.5	73590.6	23714	3929.81	1964.9	982.452	0	982.452	0	0	0	982.452	982.452	1964.9	1964.9	1964.9
 11.3	67643	61621.9	107804	58250	50306.4	45158.3	63188.3	53705.5	46391.6	45818.3	57590	41123.3	67976.1	12101.7	1745.98	0	0	0	0	1745.98	872.989	663.1	0	0	872.989	872.989	0
 11.8	47500.3	56168.6	52038.1	51413.7	50685.8	47382.5	45842.9	48958.9	43979.9	54878.9	46335.3	52648.2	45743.6	18695.9	4673.97	778.995	1557.99	1557.99	0	0	0	187.29	0	0	778.995	0	778.995
 12.2	46821.2	50748.1	48866.8	36875.5	35434.9	43854.5	45012.3	51261.3	39204	49333.8	41756.3	41736.4	42427.3	15339.6	1394.51	697.254	1394.51	0	0	0	1394.51	697.254	697.254	697.254	0	697.254	1394.51
 12.6	38756.6	40927.5	49169.6	37788.7	43074.6	42739.7	40563.6	34362.3	39624.6	33294.5	34937.5	38081.5	33993.3	8788.52	627.752	627.752	627.752	0	0	627.752	627.752	0	627.752	1255.5	1883.26	2511.01	0
 13.1	30483.2	39246.6	31082.8	45551.9	37971.5	35272.4	42513.4	27584.3	36407.9	37590.9	28199.5	32306.9	24146.1	12490.1	2838.67	0	567.733	0	567.733	567.733	0	1135.47	567.733	0	1135.47	1135.47	0
 13.6	36813.1	38427.9	39032	32366.2	39664	30543	34544.5	29515.3	35503.7	23013.1	29692.9	28146.5	28305.3	10612.8	1027.65	1027.65	1027.65	0	513.827	513.827	513.827	513.827	1541.48	1027.65	0	513.827	0
 14.1	36127.6	30317.9	34178.5	32502	32303.6	26786.2	28183	29287.5	26568.2	27935.4	24384.1	33086.4	27821.1	6300.24	1483.46	465.59	0	0	0	465.59	465.59	931.18	0	465.59	0	0	931.18
 14.6	25204.5	28651	24393.5	27464.6	28277.3	27351.9	27055.3	23044.8	26553.2	26837.5	24436.7	24013.4	29516.3	9233.69	1614.37	846.592	0	296.589	0	0	423.296	0	423.296	423.296	296.589	846.592	423.296
 15.1	27057.1	25929.8	28721.2	22604	21982.5	26164.3	27209.7	24926.6	22101.2	23762.6	26664.4	27520.5	27596.8	7354.77	774.187	0	0	502.964	387.093	0	0	0	0	463.403	115.871	387.093	76.3094
 15.7	22756.5	26030.6	27786.9	24038.1	28242	24980.1	22971.8	21070.4	20793.7	19392.9	21224.3	19603.1	26997.2	3198.91	1066.3	0	355.434	355.434	0	0	0	355.434	0	285.366	0	710.869	525.237
 16.3	23624.9	22033.3	17994.6	19003	23246.3	18419.8	21292.2	20425.5	18455.3	21927	19196.4	21512.9	25720.8	6213.51	2289.19	654.054	327.027	0	327.027	327.027	0	0	0	327.027	327.027	981.081	433.355
 16.8	24684.4	21069.2	21370.7	17919.7	23733.5	19036.4	21839	16325.7	17531.6	23481.1	20854.3	16799.3	17787.6	4823.77	1205.94	0	301.485	0	301.485	0	301.485	0	602.971	602.971	0	602.971	0
 17.5	18082.3	19147.9	17763.9	20747.8	17883.5	14460.7	19081.5	15808.5	20263.3	13581.1	18234.7	16213.9	19502.4	6127.86	1115.41	1951.96	0	0	557.703	836.554	0	278.851	0	0	278.851	557.703	278.851
 18.1	17671.7	18296.8	16159.4	20296.7	18705.2	17151.8	16217.1	17773.7	15811.8	16539.4	15611.1	18542.5	19333.5	4140.42	1033.52	615.548	258.379	258.379	258.379	258.379	516.758	0	0	0	0	258.379	0
 18.8	12816.2	18432.3	17166.1	17882.6	15697.7	14316	14409.1	13204.6	14254.4	9786.27	14016.8	14885.5	20353.3	3121.69	480.26	388.447	240.13	480.26	0	0	0	240.13	0	720.39	720.39	240.13	480.26
 19.5	13713.3	13609.4	13992	14397.2	14183.1	15783.9	16505.9	12686.6	14954.2	13019.9	14383.9	12372.1	16492.6	4046.36	894.136	0	246.285	223.534	0	0	0	223.534	447.068	0	223.534	223.534	0
 20.2	16412.3	13430.8	14695.9	14056.1	14426.8	13925.1	11007.3	13706.5	11883.4	11071.7	10993.4	13077.6	18454	2776.7	1042.08	0	187.204	0	416.834	208.417	0	625.251	0	0	0	416.834	0
 20.9	12133.2	15025.6	14411.1	11450.3	10915.3	9835.94	9922.35	12457.8	12558.6	11715.7	11723.9	12142.3	13060.9	2823.91	772.757	0	0	194.626	191.696	194.626	138.957	0	389.252	191.688	389.252	194.626	0
 21.7	9244.13	10378.9	11614	10978.4	10661.8	9850.61	12157.1	11609.6	10202.3	11085.1	10192	10340.3	17121.4	3264.04	533.712	361.173	0	0	364.343	178.993	50.7121	540.244	362.856	0	0	362.914	179.022
 22.5	10643.4	11316.9	10149.6	12578.9	11467.7	10497.9	9154.19	9837.49	9858.52	8268	11623.4	11433.5	14538.4	2750.38	511.211	684.083	164.011	0	342.08	170.964	342.08	0	513.082	0	167.912	0	0
 23.3	11371	9291.51	10633.2	10280.6	11038.2	10333.8	9387.33	8044.8	9465.01	9002.14	8296.88	8657.83	10375.2	2903	957.05	0	0	0	155.161	158.866	319.78	0	0	0	158.51	160.736	158.92
 24.1	8245.04	10096.9	9681.07	10273.1	10176.2	9320.22	6304.42	8182.05	9806.26	7637.95	10682.3	7642.58	12595.7	3370.72	295.489	0	0	0	0	150.598	0	0	393.678	450.115	148.647	144.681	148.731
 25.0	10084.7	9414.5	10087.1	7252.59	9817.05	7530.46	7977.11	9160.6	7459.45	8372.89	7564.65	7232.58	9131.34	1536.63	136.239	425.06	0	140.17	142.255	0	0	0	191.237	0	0	138.171	0
 25.9	9176.67	10000.9	7159.51	9960.8	7901.85	8271.12	10069	11625.9	7675.13	8511.07	8040.89	6946.04	10968.4	1304.44	672.014	0	0	0	0	0	0	128.562	398.218	130.341	0	267.709	0
 26.9	8932.41	9623.24	9336.25	8072.17	7310.16	9682.94	8298.55	6006.83	8985.62	6714.19	7412.7	6779.43	9502.01	1646.22	632.499	125.678	127.799	0	116.577	0	125.709	0	127.533	0	0	127.972	127.972
 27.9	8345.94	7309.82	7977.9	6308.29	7065.38	7181.91	7149.22	7782.67	6813.25	6447.43	6799.91	8490.56	8017.65	1422.38	584.58	239.148	117.505	119.693	119.693	0	239.153	0	236.877	0	239.386	119.455	119.693
 28.9	7267.91	6903.99	7561.5	7321.29	9288.88	6997.66	6319.65	7022.77	7452.8	6009.85	5990.23	6923.1	7346.64	1352.03	0	110.85	341.548	0	113.557	0	225.08	0	0	0	0	111.465	113.849
 30.0	7480.33	5508.98	7792.86	6796.76	6930.08	6770.27	4440.02	6179.97	6925.11	5671.89	5010.38	6824.98	6843.46	929.871	415.959	102.662	107.569	0	212.036	0	104.888	104.479	0	212.64	0	0	0
 31.1	6016.09	6670.91	5944.7	6501.89	5259.32	5362.78	6180.25	5973.31	6063.42	4990.56	6986.65	5961.91	6210.29	987.405	809.91	204.87	102.208	100.091	0	205.322	0	302.93	101.302	102.237	96.8452	97.5906	203.466
 32.2	6649.27	7227.94	6231.59	5846.86	6253.64	5326.85	6812.13	6374.66	5777.13	3307.36	4774.98	5099.27	6933.39	1429.02	89.4517	0	388.798	0	0	0	0	97.6192	0	95.1859	171.974	97.0383	0
 33.4	6071.83	5562.1	5802.72	6041.87	4957.59	5271.19	6369.77	5314.31	6077.45	5855.97	5484.29	4962.23	5929.23	1196.39	365.422	0	87.5983	87.4236	274.051	92.5318	84.6826	90.2193	0	0	108.418	0	89.8825
 34.6	5511.87	5237.62	4858.77	5316.4	4698.84	5810.22	4668.69	5285.42	4308.9	4878.24	6285.15	4213.33	6007.51	1215.79	255.392	0	0	86.8146	86.6917	0	86.9324	86.893	88.5507	84.1958	88.5825	262.634	86.7102
 35.9	4055.51	5345.82	4636.2	5411.76	5100.19	4532.12	5464.32	6138.14	4223.77	4893.64	4496.93	4135.17	5170.09	1167.26	246.665	85.1136	0	84.2403	0	170.227	0	99.7275	167.456	83.3482	81.5508	168.492	0
 37.2	5064.43	5711.89	5454.09	4377.71	4632.12	5273.09	5308.11	5999.74	5290.98	4328.54	3896.95	2804.18	4332.84	1046.07	73.7309	81.8004	0	158.223	156.982	0	76.3986	223.98	236.388	158.1	0	75.3914	159.934
 38.5	5764.72	4386.96	4604.12	5127.84	4680.56	6086.77	5346.71	4807.53	3442.93	3724.97	3967.54	4369.22	3280.78	907.434	214.026	78.1644	0	0	388.17	231.807	77.1091	156.329	8.61256	156.329	149.726	0	0
 40.0	5040.34	3460.95	5191.4	5128.44	3852.85	3983.57	4685.01	3433.68	4173.85	4356.72	4552.61	4029.55	4278.97	502.147	436.849	0	69.9884	0	0	0	0	0	75.303	149.243	0	0	0
 41.4	3523.71	4132.73	4784.84	4742.65	4096.58	4744.89	4919.33	4302.4	4862.57	3586	4166.79	3660.11	4471.83	397.88	68.7702	70.7953	0	0	0	0	69.1254	0	46.1932	141.448	0	70.648	0
 42.9	3411.69	4527.99	3915.25	4823.59	3916.27	5034.09	4083.79	3553.22	4090.46	3214.94	3519.12	3818.12	3310.5	872.773	274.444	136.82	0	0	65.5364	0	64.0751	65.1736	89.2093	69.6578	0	0	0
 44.5	5024.91	3641.19	4036.5	3623.71	3963.81	3938.87	3555.82	4044.48	3219.65	2591.43	3820.65	3626.24	3448.12	693.278	260.924	0	0	66.898	131.323	0	66.898	131.557	0	0	127.909	131.998	0
 46.1	4135.3	5038.17	4088.11	3527.31	4114.14	3115.88	2464.15	3356.41	4012.7	3886.89	3263.47	3838.16	3218.47	665.728	187.118	62.3737	62.5256	0	0	0	0	0	187.625	58.4897	124.567	0	256.191
 47.8	3872.25	3780.98	3565.74	4852.36	3919.96	3235.54	3025.62	3570.8	3611.5	2756.33	3012.9	3832.13	2565.5	477.554	112.593	246.84	124.592	120.084	113.795	0	184.51	55.4903	0	60.0763	57.8983	119.86	62.296
 49.6	3352.84	3120.81	3864.73	3858.17	4144.26	3326.72	3647.63	3058.4	2909.97	3531.6	3113.4	2713.99	2178.91	725.531	229.215	55.1245	21.8427	55.467	58.1779	60.3824	52.8687	53.7374	0	113.22	0	118.111	57.7693
 51.4	2865.16	3474.4	3281.67	3130.76	2949.68	3087.12	3431.02	2774.39	2821.47	2881.36	3065.31	3379.53	3111.36	459.449	165.685	0	33.0912	0	0	0	0	0	58.5759	0	56.1869	0	0
 53.3	2964.03	2683.43	3451.54	2979.27	3055.87	3157.71	3356.06	2790.14	3217.69	2700.77	2470.81	2875.76	3199.2	162.898	52.6474	0	0	54.8973	113.737	0	108.988	113.737	0	110.98	56.8687	109.079	54.6982
 55.2	2601.01	3225.42	3654.65	2957.87	2639.52	2215.51	2889.94	2881.71	2456.8	3629.76	3723.23	3262.85	2932.38	488.192	287.932	0	52.9187	140.122	51.7371	52.3949	0	0	0	0	107.724	52.8722	50.383
 57.3	2788.33	3454.03	3197.51	2873.34	2775.43	3012.3	2384.17	3538.78	2710.24	2532.78	2816.18	3014.24	3026.73	248.527	257.277	0	50.4854	71.4486	0	0	47.5702	0	0	0	48.699	107.447	0
 59.4	3496.76	3186.1	3890.63	3193.91	3057.01	2975.9	2724.02	2776.44	2031.52	2376.28	2328.49	2352.87	2547.23	451.479	49.8967	0	100.975	0	52.2735	0	0	0	0	52.2735	0	0	50.8709
 61.5	2227.37	2709.46	3139.84	2723.82	3107.71	2825.42	3258.25	1927.78	2719.37	3595.85	2148.36	2458.61	2485.65	346.068	21.9347	44.7507	50.0983	47.2589	46.4274	0	100.105	55.5304	44.919	0	0	49.6347	50.8972
 63.8	3146.85	3274.01	2717.18	2621.88	2640.66	2827.85	2371.79	2372.22	2628.97	2462.88	2995.54	2185.64	2859.15	385.446	84.7507	0	33.3796	0	43.817	0	0	39.6723	48.3953	0	43.7027	0	0
 66.1	2971.67	2956.4	2528.51	3108.67	2332.31	2448.04	2570.29	2061.46	2025.96	2606.51	1922.28	2681.97	2210.75	520.079	47.0174	41.0932	38.4342	0	0	45.8516	0	0	0	77.7869	85.343	44.8531	47.2126
 68.5	2579.67	2735.47	2606.91	2827.17	2427.06	2243.95	2196.13	2844.87	2549.79	2527.05	2230.23	2720.95	2493.24	358.543	94.8121	0	0	0	188.929	44.024	0	47.4061	142.218	38.8418	0	82.8018	0
 71.0	2532.23	2206.43	2527.8	2579.83	2005.03	1752.36	2343.16	2707.37	2371.98	2606.81	2232.84	1855.87	2041.58	6.21134	125.848	44.8301	0	86.2175	0	0	45.4769	78.3439	40.936	0	84.1004	0	0
 73.7	2570.08	2112.62	2289.23	2150.12	1554.96	1912.75	2665.64	2224.63	1591.4	1928.75	1568.96	1757.9	2235.42	382.98	86.3786	45.4133	37.6726	0	37.0505	0	82.7061	36.613	0	126.807	42.4334	44.6074	43.917
 76.4	2489.14	1558.14	2308.06	2227.08	2115.69	1412.31	1864	2362.63	1598.53	2289.13	2071.32	2193.51	1627.26	337.242	76.5888	0	0	0	0	0	36.134	0	0	0	0	22.6053	0
 79.1	2266.17	2052.67	2674.65	1928.01	1462.37	2180.94	2012.31	1836.53	2353.65	1230.96	1592.58	1686.34	1207.62	313.456	0	85.3636	43.7421	25.7775	0	0	36.062	0	87.4842	36.062	0	44.6151	28.382
 82.0	1874.93	1845.82	1483.65	2185.94	1926.32	1945.36	1657.49	1831.65	1841.02	2134.8	1607.43	1982.07	1021.29	160.998	0	0	0	28.9045	41.1698	33.4682	41.3096	33.8352	0	0	32.5883	0	39.2875
 85.1	1365.58	1542.88	1953.05	2225.05	1992.99	1635.12	2057.38	1537.49	2191.29	2107.56	1921.91	2037.81	1074.13	124.364	0	30.6063	33.8038	20.8529	0	0	42.33	82.3777	49.3507	0	35.171	0	29.5301
 88.2	2006.03	1634.01	2178.1	2152.22	1985.68	1925.47	1819.23	1923.2	1135.41	2011.39	1664.24	1685.82	1443.95	292.228	22.2238	28.2042	18.3848	83.7251	0	41.8626	38.8724	0	52.2977	0	83.7251	29.053	0
 91.4	1858.42	1605.66	1756.02	1652.4	2069.77	1510.73	1690.22	1910.69	1859.36	1995.6	1372.65	1665.78	991.617	257.234	234.49	41.2152	0	0	37.4371	41.2152	0	0	31.0364	37.4371	73.1667	0	0
 94.7	2207.39	1076.38	1955.56	2643.54	1638.71	1946.83	1621.3	1560.76	1434.38	1845.12	1864.73	1073.27	1208.33	384.634	40.7826	40.7826	122.348	40.7826	32.6953	76.5447	124.874	40.7826	0	34.7974	23.1784	0	34.7974
 98.2	1110.92	1583.89	1399.82	1431.94	2544.82	1146.7	1619.68	1231.09	1517.87	1390.41	1641.29	1908.22	1196.41	323.951	0	40.3646	40.3646	0	26.8437	0	158.958	0	0	121.094	72.1912	23.8057	0
101.8	1454.72	1567.22	1285.01	1902.45	1940.35	1427.63	1579.8	2025.67	1305.7	1711.44	1634.53	1648.94	1344.23	367.651	0	79.921	33.4062	0	0	20.8218	0	0	0	33.4062	75.4469	70.1446	0
105.5	2017.18	1565.98	1822.78	1661.05	2136.88	1592.53	1107.37	861.436	1622.2	1133.71	1687.64	1268.49	1083.15	397.336	63.0353	0	27.7	35.3353	31.9343	24.2991	0	74.9049	24.2991	74.9049	39.5696	0	0
109.4	1737.42	1678.81	1682.59	1578.65	1827.92	2128.23	1638.38	1506.43	1621.55	1806.17	1961.52	1953.14	1134.02	367.441	15.2439	0	35.6954	39.1913	35.6954	32.1994	39.1913	39.1913	0	39.1913	0	0	0
113.4	2166.26	2398.58	2566.16	2095.34	2225.62	1823.37	2388.73	2124.49	2170.59	1831.11	2409.08	1873.93	1472.32	273.033	59.3587	0	39.0047	39.0047	0	0	39.0047	39.0047	0	39.0047	117.014	0	0
117.6	2255.92	2055.85	2219.16	2490.41	2146.81	1871.33	1685.65	1824.69	1881.95	2515.85	2394.96	1911.86	1607.63	386.472	38.6472	0	0	77.2944	0	0	38.6472	77.2944	0	38.6472	70.4623	70.4623	77.2944
121.9	1681.93	2035.03	2314.67	2229.95	1646.96	2304.37	1922.9	2227.21	1969.14	2077.77	1835.08	1503.15	1153.56	346.295	76.9544	76.9544	0	38.4772	0	38.4772	0	38.4772	0	0	45.2792	45.2792	0
126.3	2001.73	2167.7	2234.07	1572.46	2344.71	2206.01	1662.87	1954.04	1826.39	1826.39	2115.61	1908.1	1425.16	306.516	229.887	38.3145	0	114.943	38.3145	38.3145	0	0	0	38.3145	38.3145	153.258	38.3145
131.0	1930.42	2401.8	2122.66	1777.15	2671.11	2349.53	2201.81	1743.27	2292.24	2011.02	1710.03	1768.59	1654.93	305.269	76.3173	76.3173	114.476	0	38.1587	0	0	38.1587	76.3173	76.3173	0	38.1587	38.1587
135.8	1973.93	1832.1	2098.65	2064.49	2199.23	2075.98	2354.02	2178.52	1845.85	2175.46	2087.96	2024.71	1074.96	380.095	76.019	0	38.0095	0	0	0	38.0095	38.0095	38.0095	0	0	76.019	38.0095
140.7	2267.36	1791.79	2335.87	1538.87	2778.73	2018.26	2170.43	2143.89	2118.85	1571.11	1807.21	1768.9	1057.6	342.378	0	0	0	0	38.0419	0	0	0	38.0419	38.0419	93.2778	0	38.0419
145.9	2225.25	2020.86	2430.07	1661.57	1987.08	1900.16	2395.21	2315.82	1986.65	1872.84	1762.26	2007.52	1125.21	231.71	0	0	0	0	38.0808	41.3066	0	0	0	0	24.0952	38.0808	0
151.2	1981.21	1864.15	1649.66	2256.49	1914.96	2039.57	1646.44	1915.29	1987.64	1970.1	1932.15	1608.15	1217.9	300.373	0	0	0	37.9484	37.9484	148.579	0	37.9484	0	0	34.7337	75.8968	0
156.8	2214.89	1841.14	1806.41	1752.67	1910.9	1969.68	1717.35	1375.37	2088.43	1957.21	1817.68	2044.19	1022.4	341.985	75.9966	0	37.9983	37.9983	0	0	37.9983	37.9983	0	37.9983	0	0	37.9983
162.5	2059.25	1862.74	1848.29	2099.75	2059.25	2135.36	2401.74	2131.56	1500.93	1578.94	1752.92	2112.23	835.285	266.378	38.054	0	38.054	0	38.054	76.1079	0	0	76.1079	0	0	36.1513	76.1079
Scan Up Time(s)	240	240	240	240	240	240	240	240	240	240	240	240	240	240	240	240	240	240	240	240	240	240	240	240	240	240	240
Retrace Time(s)	60	60	60	60	60	60	60	60	60	60	60	60	60	60	60	60	60	60	60	60	60	60	60	60	60	60	60
Down Scan First	FALSE	FALSE	FALSE	FALSE	FALSE	FALSE	FALSE	FALSE	FALSE	FALSE	FALSE	FALSE	FALSE	FALSE	FALSE	FALSE	FALSE	FALSE	FALSE	FALSE	FALSE	FALSE	FALSE	FALSE	FALSE	FALSE	FALSE
Scans Per Sample	1	1	1	1	1	1	1	1	1	1	1	1	1	1	1	1	1	1	1	1	1	1	1	1	1	1	1
Impactor Type(cm)	0.071	0.071	0.071	0.071	0.071	0.071	0.071	0.071	0.071	0.071	0.071	0.071	0.071	0.071	0.071	0.071	0.071	0.071	0.071	0.071	0.071	0.071	0.071	0.071	0.071	0.071	0.071
Sheath Flow(lpm)	3	3	3	3	3	3	3	3	3	3	3	3	3	3	3	3	3	3	3	3	3	3	3	3	3	3	3
Aerosol Flow(lpm)	0.2	0.2	0.2	0.2	0.2	0.2	0.2	0.2	0.2	0.2	0.2	0.2	0.2	0.2	0.2	0.2	0.2	0.2	0.2	0.2	0.2	0.2	0.2	0.2	0.2	0.2	0.2
CPC Inlet Flow(lpm)	0.3	0.3	0.3	0.3	0.3	0.3	0.3	0.3	0.3	0.3	0.3	0.3	0.3	0.3	0.3	0.3	0.3	0.3	0.3	0.3	0.3	0.3	0.3	0.3	0.3	0.3	0.3
CPC Sample Flow(lpm)	0.3	0.3	0.3	0.3	0.3	0.3	0.3	0.3	0.3	0.3	0.3	0.3	0.3	0.3	0.3	0.3	0.3	0.3	0.3	0.3	0.3	0.3	0.3	0.3	0.3	0.3	0.3
Low Voltage	25.5452	25.5452	25.5452	25.5452	25.5452	25.5452	25.5452	25.5452	25.5452	25.5452	25.5452	25.5452	25.5452	25.5452	25.5452	25.5452	25.5452	25.5452	25.5452	25.5452	25.5452	25.5452	25.5452	25.5452	25.5452	25.5452	25.5452
High Voltage	9914.79	9914.79	9914.79	9914.79	9914.79	9914.79	9914.79	9914.79	9914.79	9914.79	9914.79	9914.79	9914.79	9914.79	9914.79	9914.79	9914.79	9914.79	9914.79	9914.79	9914.79	9914.79	9914.79	9914.79	9914.79	9914.79	9914.79
Lower Size(nm)	6.97831	6.97831	6.97831	6.97831	6.97831	6.97831	6.97831	6.97831	6.97831	6.97831	6.97831	6.97831	6.97831	6.97831	6.97831	6.97831	6.97831	6.97831	6.97831	6.97831	6.97831	6.97831	6.97831	6.97831	6.97831	6.97831	6.97831
Upper Size(nm)	165.482	165.482	165.482	165.482	165.482	165.482	165.482	165.482	165.482	165.482	165.482	165.482	165.482	165.482	165.482	165.482	165.482	165.482	165.482	165.482	165.482	165.482	165.482	165.482	165.482	165.482	165.482
Density(g/cc)	1.2	1.2	1.2	1.2	1.2	1.2	1.2	1.2	1.2	1.2	1.2	1.2	1.2	1.2	1.2	1.2	1.2	1.2	1.2	1.2	1.2	1.2	1.2	1.2	1.2	1.2	1.2
Title																											
Status Flag	Normal Scan	Normal Scan	Normal Scan	Normal Scan	Normal Scan	Normal Scan	Normal Scan	Normal Scan	Normal Scan	Normal Scan	Normal Scan	Normal Scan	Normal Scan	Normal Scan	Normal Scan	Normal Scan	Normal Scan	Normal Scan	Normal Scan	Normal Scan	Normal Scan	Normal Scan	Normal Scan	Normal Scan	Normal Scan	Normal Scan	Normal Scan
td(s)	3.395	3.395	3.395	3.395	3.395	3.395	3.395	3.395	3.395	3.395	3.395	3.395	3.395	3.395	3.395	3.395	3.395	3.395	3.395	3.395	3.395	3.395	3.395	3.395	3.395	3.395	3.395
tf(s)	0.808146	0.808146	0.808146	0.808146	0.808146	0.808146	0.808146	0.808146	0.808146	0.808146	0.808146	0.808146	0.808146	0.808146	0.808146	0.808146	0.808146	0.808146	0.808146	0.808146	0.808146	0.808146	0.808146	0.808146	0.808146	0.808146	0.808146
D50(nm)	1589.27	1589.27	1589.27	1589.27	1589.27	1589.27	1589.27	1589.27	1589.27	1589.27	1589.27	1589.27	1589.27	1589.27	1589.27	1589.27	1589.27	1589.27	1589.27	1589.27	1589.27	1589.27	1589.27	1589.27	1589.27	1589.27	1589.27
Median(nm)	8.38119	8.42596	8.4225	8.44644	8.57552	8.34601	8.52143	8.53364	8.5294	8.62042	8.33095	8.49148	8.83258	7.97824	8.52788	8.01414	9.23331	8.86385	7.21193	8.03006	8.40732	8.05497	8.05891	9.28975	9.65032	7.83458	7.4057
Mean(nm)	12.3668	12.3375	12.2262	12.3372	12.587	12.396	12.4834	12.4598	12.4767	12.1735	12.165	12.4819	11.9742	10.382	11.0653	10.4187	13.5208	14.1848	15.0378	11.5522	13.8106	12.8896	11.9104	16.0687	14.9255	11.63	12.3871
Geo. Mean(nm)	10.071	10.1006	10.028	10.0785	10.1931	10.0527	10.1498	10.1588	10.1482	10.0209	9.94784	10.1618	10.1589	9.16986	9.70006	9.21454	10.8336	10.7525	11.0715	9.35997	10.8643	10.1772	9.95173	12.176	11.5934	9.62265	9.80783
Mode(nm)	7.10497	7.10497	7.10497	7.36525	7.10497	7.10497	7.10497	7.10497	7.10497	7.36525	7.10497	7.36525	7.10497	7.10497	7.36525	7.63506	7.91476	7.36525	7.10497	7.10497	8.2047	7.91476	7.36525	7.36525	8.2047	7.63506	7.10497
Geo. Std. Dev.	1.64296	1.63566	1.62723	1.6377	1.65346	1.64937	1.64639	1.63957	1.64612	1.61347	1.63052	1.64235	1.57894	1.46774	1.50043	1.47129	1.67792	1.77563	1.92267	1.60699	1.7281	1.71011	1.60115	1.84069	1.74069	1.60286	1.69349
Total Concentration(#/cm³)	49076.4	48863.3	52412.5	49461.8	47091.1	45969.1	45990.9	45503.7	44211.3	47780.2	46791	43466	48693.5	16916.8	3150.5	1266.54	517.158	374.398	377.332	622.228	463.004	548.73	732.033	378.302	502.394	1025.92	517.304
Comment																											
