TSI CPC DATA VERSION 3
1491645803,2017/4/8,10:03:23
15
1.08,130
Model 3783 Ver 1.27 S/N 3783111302
"Date","Time","Concentration","Count"," Live-Time","Blank","Abs Press"," Analog In","Pulse Height"," Pulse STD","Status Flags"
2017/4/8,10:03:15,852,27708,14.96,,998,0.000,2746,341,408
2017/4/8,10:03:30,1.15e3,37436,14.95,,998,0.000,2672,396,0
2017/4/8,10:03:45,1.14e3,37058,14.95,,998,0.000,2603,451,0
2017/4/8,10:04:00,1.14e3,37117,14.95,,998,0.000,2569,491,0
2017/4/8,10:04:15,1.14e3,37230,14.96,,998,0.000,2540,510,0
2017/4/8,10:04:30,1.13e3,36758,14.96,,998,0.000,2502,537,0
2017/4/8,10:04:45,1.14e3,37136,14.96,,998,0.000,2474,562,0
2017/4/8,10:05:00,1.12e3,36654,14.96,,998,0.000,2572,478,0
2017/4/8,10:05:15,1.12e3,36477,14.96,,998,0.000,2530,512,0
2017/4/8,10:05:30,1.10e3,35987,14.96,,998,0.000,2551,496,0
2017/4/8,10:05:45,1.13e3,36852,14.96,,998,0.000,2545,484,0
2017/4/8,10:06:00,1.10e3,36046,14.96,,998,0.000,2530,507,0
2017/4/8,10:06:15,1.10e3,35926,14.96,,998,0.000,2558,480,0
2017/4/8,10:06:30,1.11e3,36152,14.96,,998,0.000,2520,501,0
2017/4/8,10:06:45,1.09e3,35501,14.96,,998,0.000,2537,517,0
2017/4/8,10:07:00,1.09e3,35657,14.96,,998,0.000,2573,474,0
2017/4/8,10:07:15,1.10e3,35840,14.96,,998,0.000,2559,489,0
2017/4/8,10:07:30,1.09e3,35472,14.96,,998,0.000,2542,502,0
2017/4/8,10:07:45,1.09e3,35476,14.96,,998,0.000,2547,513,0
2017/4/8,10:08:00,1.08e3,35393,14.96,,998,0.000,2562,482,0
2017/4/8,10:08:15,1.07e3,34801,14.96,,998,0.000,2523,521,0
2017/4/8,10:08:30,1.06e3,34766,14.96,,998,0.000,2583,487,0
2017/4/8,10:08:45,1.05e3,34192,14.96,,998,0.000,2512,532,0
2017/4/8,10:09:00,1.05e3,34209,14.96,,998,0.000,2539,493,0
2017/4/8,10:09:15,1.06e3,34744,14.96,,998,0.000,2563,485,0
2017/4/8,10:09:30,1.22e3,39958,14.95,,998,0.000,2565,482,0
2017/4/8,10:09:45,2.23e3,71644,14.92,,998,0.000,2579,446,0
2017/4/8,10:10:00,5.58e3,178912,14.8,,998,0.000,2510,467,0
2017/4/8,10:10:15,7.07e3,226096,14.75,,998,0.000,2503,452,0
2017/4/8,10:10:30,8.14e3,259794,14.71,,998,0.000,2468,468,0
2017/4/8,10:10:45,9.26e3,294959,14.67,,998,0.000,2495,441,0
2017/4/8,10:11:00,9.20e3,293168,14.67,,998,0.000,2474,443,0
2017/4/8,10:11:15,1.00e4,318219,14.65,,998,0.000,2481,429,0
2017/4/8,10:11:30,1.09e4,347396,14.62,,998,0.000,2432,444,0
2017/4/8,10:11:45,1.05e4,334833,14.63,,998,0.000,2459,449,0
2017/4/8,10:12:00,8.02e3,256348,14.71,,998,0.000,2481,437,0
2017/4/8,10:12:15,9.15e3,291377,14.68,,998,0.000,2485,444,0
2017/4/8,10:12:30,1.06e4,336551,14.63,,998,0.000,2468,433,0
2017/4/8,10:12:45,1.23e4,390632,14.57,,998,0.000,2457,422,0
2017/4/8,10:13:00,1.62e4,507502,14.45,,998,0.000,2387,441,0
2017/4/8,10:13:15,1.59e4,499849,14.46,,998,0.000,2365,457,0
2017/4/8,10:13:30,2.51e4,773314,14.17,,998,0.000,2268,461,0
2017/4/8,10:13:45,2.84e4,867147,14.07,,998,0.000,2219,444,0
2017/4/8,10:14:00,2.90e4,885308,14.06,,998,0.000,2230,440,0
2017/4/8,10:14:15,2.98e4,907592,14.04,,998,0.000,2226,441,0
2017/4/8,10:14:30,3.09e4,940259,14.0,,998,0.000,2221,443,0
2017/4/8,10:14:45,3.64e4,1092798,13.85,,998,0.000,2155,437,0
2017/4/8,10:15:00,3.79e4,1135314,13.8,,998,0.000,2154,426,0
2017/4/8,10:15:15,4.10e4,1220678,13.72,,998,0.000,2094,452,0
2017/4/8,10:15:30,4.40e4,1303087,13.63,,998,0.000,2095,423,0
2017/4/8,10:15:45,4.73e4,1388762,13.54,,998,0.000,2054,468,0
2017/4/8,10:16:00,5.54e4,1600907,13.32,,998,0.000,1956,452,0
2017/4/8,10:16:15,5.79e4,1664030,13.26,,998,0.000,1987,422,0
2017/4/8,10:16:30,6.38e4,1811747,13.1,,998,0.000,1931,460,0
2017/4/8,10:16:45,6.96e4,1954567,12.95,,998,0.000,1926,435,0
2017/4/8,10:17:00,7.25e4,2023533,12.87,,998,0.000,1890,472,0
2017/4/8,10:17:15,6.90e4,1941000,12.96,,998,0.000,1922,458,0
2017/4/8,10:17:30,7.19e4,2008945,12.89,,998,0.000,1925,457,0
2017/4/8,10:17:45,7.95e4,2188200,12.69,,998,0.000,1879,465,0
2017/4/8,10:18:00,8.31e4,2270590,12.6,,998,0.000,1916,435,0
2017/4/8,10:18:15,1.00e5,2649664,12.17,,998,0.000,1831,433,0
2017/4/8,10:18:30,1.01e5,2662180,12.15,,998,0.000,1839,488,0
2017/4/8,10:18:45,1.20e5,3042831,11.69,,998,0.000,1761,476,0
2017/4/8,10:19:00,1.27e5,3173410,11.53,,998,0.000,1759,484,0
2017/4/8,10:19:15,1.25e5,3143839,11.57,,998,0.000,1754,478,0
2017/4/8,10:19:30,1.56e5,3677299,10.87,,998,0.000,1676,500,0
2017/4/8,10:19:45,1.53e5,3627529,10.95,,998,0.000,1729,487,0
2017/4/8,10:20:00,1.92e5,4219056,10.12,,998,0.000,1667,524,0
2017/4/8,10:20:15,1.83e5,4084112,10.32,,998,0.000,1661,500,0
2017/4/8,10:20:30,1.74e5,3958949,10.49,,998,0.000,1687,482,0
2017/4/8,10:20:45,1.95e5,4248315,10.07,,998,0.000,1661,516,0
2017/4/8,10:21:00,2.06e5,4386157,9.871,,998,0.000,1613,516,0
2017/4/8,10:21:15,2.26e5,4641975,9.466,,998,0.000,1583,518,0
2017/4/8,10:21:30,2.14e5,4489612,9.699,,998,0.000,1628,535,0
2017/4/8,10:21:45,2.28e5,4658083,9.427,,998,0.000,1583,529,0
2017/4/8,10:22:00,2.79e5,5137045,8.529,,998,0.000,1540,546,0
2017/4/8,10:22:15,2.99e5,5297202,8.197,,998,0.000,1518,541,0
2017/4/8,10:22:30,2.67e5,5036405,8.733,,998,0.000,1538,557,0
2017/4/8,10:22:45,2.65e5,5022632,8.755,,998,0.000,1549,538,0
2017/4/8,10:23:00,2.96e5,5253183,8.262,,998,0.000,1529,550,0
2017/4/8,10:23:15,3.28e5,5496535,7.737,,998,0.000,1494,559,0
2017/4/8,10:23:30,3.04e5,5348828,8.104,,998,0.000,1523,574,0
2017/4/8,10:23:45,3.16e5,5376826,7.955,,998,0.000,1492,570,0
2017/4/8,10:24:00,3.48e5,5601265,7.433,,998,0.000,1462,571,0
2017/4/8,10:24:15,3.81e5,5756779,6.974,,998,0.000,1489,571,0
2017/4/8,10:24:30,3.94e5,5803211,6.805,,998,0.000,1444,573,0
2017/4/8,10:24:45,3.95e5,5803014,6.782,,998,0.000,1472,594,0
2017/4/8,10:25:00,3.61e5,5654044,7.266,,998,0.000,1456,573,0
2017/4/8,10:25:15,3.83e5,5767227,6.956,,998,0.000,1436,572,0
2017/4/8,10:25:30,4.00e5,5822709,6.715,,998,0.000,1425,565,0
2017/4/8,10:25:45,4.04e5,5827078,6.674,,998,0.000,1459,589,0
2017/4/8,10:26:00,4.20e5,5875008,6.465,,998,0.000,1435,548,0
2017/4/8,10:26:15,4.14e5,5872841,6.54,,998,0.000,1439,607,0
2017/4/8,10:26:30,4.27e5,5898894,6.376,,998,0.000,1411,561,0
2017/4/8,10:26:45,4.10e5,5850690,6.591,,998,0.000,1457,589,0
2017/4/8,10:27:00,4.09e5,5851745,6.607,,998,0.000,1430,582,0
2017/4/8,10:27:15,4.22e5,5873708,6.457,,998,0.000,1452,593,0
2017/4/8,10:27:30,4.43e5,5938091,6.182,,998,0.000,1414,572,0
2017/4/8,10:27:45,4.71e5,5986781,5.87,,998,0.000,1409,583,0
2017/4/8,10:28:00,4.61e5,5966539,5.977,,998,0.000,1383,596,0
2017/4/8,10:28:15,4.73e5,5996593,5.846,,998,0.000,1409,590,0
2017/4/8,10:28:30,4.50e5,5956006,6.107,,998,0.000,1451,587,0
2017/4/8,10:28:45,4.63e5,5972342,5.955,,998,0.000,1389,581,0
2017/4/8,10:29:00,4.76e5,5988689,5.828,,998,0.000,1411,609,0
2017/4/8,10:29:15,4.80e5,5999849,5.776,,998,0.000,1383,573,0
2017/4/8,10:29:30,4.87e5,6000344,5.698,,998,0.000,1390,609,0
2017/4/8,10:29:45,4.71e5,5988783,5.867,,998,0.000,1445,593,0
2017/4/8,10:30:00,4.82e5,6003799,5.757,,998,0.000,1457,581,0
2017/4/8,10:30:15,4.85e5,6013545,5.726,,998,0.000,1424,628,0
2017/4/8,10:30:30,4.82e5,6006317,5.743,,998,0.000,1407,570,0
2017/4/8,10:30:45,4.62e5,5978913,5.97,,998,0.000,1429,610,0
2017/4/8,10:31:00,4.86e5,6012922,5.707,,998,0.000,1423,582,0
2017/4/8,10:31:15,4.88e5,6012790,5.685,,998,0.000,1409,584,0
2017/4/8,10:31:30,4.73e5,6005664,5.86,,998,0.000,1436,618,0
2017/4/8,10:31:45,4.53e5,5970237,6.092,,998,0.000,1428,583,0
2017/4/8,10:32:00,4.72e5,6002869,5.872,,998,0.000,1419,568,0
2017/4/8,10:32:15,4.89e5,6034334,5.689,,998,0.000,1423,573,0
2017/4/8,10:32:30,4.70e5,6006011,5.903,,998,0.000,1419,614,0
2017/4/8,10:32:45,4.80e5,6024556,5.788,,998,0.000,1402,581,0
2017/4/8,10:33:00,4.71e5,6011052,5.892,,998,0.000,1391,601,0
2017/4/8,10:33:15,4.76e5,6022750,5.84,,998,0.000,1419,601,0
2017/4/8,10:33:30,4.61e5,5998962,6.016,,998,0.000,1440,581,0
2017/4/8,10:33:45,4.49e5,5983546,6.144,,998,0.000,1472,596,0
2017/4/8,10:34:00,4.74e5,6010474,5.854,,998,0.000,1378,605,0
2017/4/8,10:34:15,4.60e5,6001322,6.014,,998,0.000,1398,588,0
2017/4/8,10:34:30,4.48e5,5988070,6.165,,998,0.000,1391,585,0
2017/4/8,10:34:45,4.44e5,5980072,6.214,,998,0.000,1453,610,0
2017/4/8,10:35:00,4.54e5,5993847,6.105,,998,0.000,1422,584,0
2017/4/8,10:35:15,4.77e5,6032455,5.832,,998,0.000,1361,577,0
2017/4/8,10:35:30,4.75e5,6018488,5.852,,998,0.000,1407,576,0
2017/4/8,10:35:45,4.53e5,5998776,6.129,,998,0.000,1402,616,0
2017/4/8,10:36:00,4.48e5,5989603,6.171,,998,0.000,1418,606,0
2017/4/8,10:36:15,4.38e5,5945986,6.339,,998,0.000,1418,596,0
2017/4/8,10:36:30,4.37e5,5971971,6.306,,998,0.000,1435,605,0
2017/4/8,10:36:45,4.46e5,5984016,6.182,,998,0.000,1406,592,0
2017/4/8,10:37:00,4.45e5,5985814,6.208,,998,0.000,1413,582,0
2017/4/8,10:37:15,4.32e5,5957511,6.364,,998,0.000,1450,605,0
2017/4/8,10:37:30,4.44e5,5983902,6.221,,998,0.000,1420,576,0
2017/4/8,10:37:45,4.28e5,5946528,6.414,,998,0.000,1462,587,0
2017/4/8,10:38:00,4.34e5,5961842,6.338,,998,0.000,1395,572,0
2017/4/8,10:38:15,4.23e5,5938162,6.467,,998,0.000,1436,588,0
2017/4/8,10:38:30,4.11e5,5895379,6.608,,998,0.000,1417,616,0
2017/4/8,10:38:45,4.31e5,5963852,6.381,,998,0.000,1433,587,0
2017/4/8,10:39:00,4.24e5,5944920,6.462,,998,0.000,1466,566,0
2017/4/8,10:39:15,4.13e5,5914086,6.611,,998,0.000,1469,606,0
2017/4/8,10:39:30,4.07e5,5895187,6.681,,998,0.000,1475,581,0
2017/4/8,10:39:45,3.98e5,5863687,6.802,,998,0.000,1464,587,0
2017/4/8,10:40:00,3.98e5,5872462,6.807,,998,0.000,1436,590,0
2017/4/8,10:40:15,3.98e5,5880423,6.81,,998,0.000,1490,581,0
2017/4/8,10:40:30,3.87e5,5833218,6.952,,998,0.000,1437,595,0
2017/4/8,10:40:45,3.91e5,5854485,6.912,,998,0.000,1480,585,0
2017/4/8,10:41:00,3.82e5,5816772,7.015,,998,0.000,1464,566,0
2017/4/8,10:41:15,3.89e5,5852522,6.93,,998,0.000,1469,577,0
2017/4/8,10:41:30,3.80e5,5811375,7.054,,998,0.000,1472,588,0
2017/4/8,10:41:45,3.82e5,5820922,7.018,,998,0.000,1423,579,0
2017/4/8,10:42:00,3.81e5,5814302,7.044,,998,0.000,1433,589,0
2017/4/8,10:42:15,3.70e5,5771866,7.201,,998,0.000,1488,581,0
2017/4/8,10:42:30,3.64e5,5746354,7.279,,998,0.000,1510,593,0
2017/4/8,10:42:45,3.67e5,5758590,7.236,,998,0.000,1481,609,0
2017/4/8,10:43:00,3.61e5,5734417,7.328,,998,0.000,1463,570,0
2017/4/8,10:43:15,3.62e5,5744218,7.308,,998,0.000,1468,582,0
2017/4/8,10:43:30,3.58e5,5720648,7.361,,998,0.000,1505,557,0
2017/4/8,10:43:45,3.48e5,5669948,7.517,,998,0.000,1496,578,0
2017/4/8,10:44:00,3.46e5,5660875,7.547,,998,0.000,1497,568,0
2017/4/8,10:44:15,3.43e5,5645429,7.593,,998,0.000,1475,554,0
2017/4/8,10:44:30,3.33e5,5584155,7.734,,998,0.000,1464,576,0
2017/4/8,10:44:45,3.30e5,5569496,7.772,,998,0.000,1501,573,0
2017/4/8,10:45:00,3.35e5,5602081,7.716,,998,0.000,1507,561,0
2017/4/8,10:45:15,3.25e5,5545368,7.866,,998,0.000,1477,555,0
2017/4/8,10:45:30,3.24e5,5540234,7.874,,998,0.000,1490,574,0
2017/4/8,10:45:45,3.16e5,5489632,7.997,,998,0.000,1497,556,0
2017/4/8,10:46:00,3.16e5,5490198,8.005,,998,0.000,1512,570,0
2017/4/8,10:46:15,3.11e5,5455684,8.082,,998,0.000,1541,585,0
2017/4/8,10:46:30,3.09e5,5439057,8.112,,998,0.000,1479,579,0
2017/4/8,10:46:45,3.08e5,5425544,8.124,,998,0.000,1507,579,0
2017/4/8,10:47:00,3.00e5,5370283,8.245,,998,0.000,1523,599,0
2017/4/8,10:47:15,2.96e5,5344149,8.313,,998,0.000,1546,578,0
2017/4/8,10:47:30,3.01e5,5379915,8.241,,998,0.000,1531,590,0
2017/4/8,10:47:45,2.97e5,5353239,8.312,,998,0.000,1527,555,0
2017/4/8,10:48:00,2.96e5,5350106,8.317,,998,0.000,1525,551,0
2017/4/8,10:48:15,2.96e5,5351598,8.337,,998,0.000,1536,570,0
2017/4/8,10:48:30,2.91e5,5309622,8.411,,998,0.000,1507,574,0
2017/4/8,10:48:45,2.86e5,5261741,8.485,,998,0.000,1519,568,0
2017/4/8,10:49:00,2.86e5,5273924,8.484,,998,0.000,1551,552,0
2017/4/8,10:49:15,2.89e5,5295831,8.45,,998,0.000,1533,561,0
2017/4/8,10:49:30,2.80e5,5221737,8.599,,998,0.000,1533,561,0
2017/4/8,10:49:45,2.79e5,5214377,8.601,,998,0.000,1522,577,0
2017/4/8,10:50:00,2.81e5,5223886,8.576,,998,0.000,1550,560,0
2017/4/8,10:50:15,2.82e5,5239966,8.569,,998,0.000,1553,574,0
2017/4/8,10:50:30,2.77e5,5200790,8.638,,998,0.000,1540,572,0
2017/4/8,10:50:45,2.75e5,5174595,8.683,,998,0.000,1564,561,0
2017/4/8,10:51:00,2.70e5,5134302,8.758,,998,0.000,1596,579,0
2017/4/8,10:51:15,2.68e5,5112393,8.805,,998,0.000,1551,582,0
2017/4/8,10:51:30,2.71e5,5139895,8.745,,998,0.000,1560,559,0
2017/4/8,10:51:45,2.65e5,5079403,8.891,,998,0.000,1527,567,0
2017/4/8,10:52:00,2.66e5,5101864,8.841,,998,0.000,1589,560,0
2017/4/8,10:52:15,2.61e5,5061595,8.919,,998,0.000,1555,549,0
2017/4/8,10:52:30,2.63e5,5076167,8.889,,998,0.000,1545,590,0
2017/4/8,10:52:45,2.60e5,5044004,8.954,,998,0.000,1528,579,0
2017/4/8,10:53:00,2.58e5,5028961,8.978,,998,0.000,1558,576,0
2017/4/8,10:53:15,2.60e5,5044785,8.946,,998,0.000,1563,573,0
2017/4/8,10:53:30,2.52e5,4975699,9.084,,998,0.000,1577,584,0
2017/4/8,10:53:45,2.51e5,4965313,9.103,,998,0.000,1584,565,0
2017/4/8,10:54:00,2.46e5,4910005,9.189,,998,0.000,1596,567,0
2017/4/8,10:54:15,2.77e5,5172365,8.697,,998,0.000,1571,572,0
2017/4/8,10:54:30,1.98e5,4331269,10.1,,998,0.000,1657,550,0
2017/4/8,10:54:45,1.70e5,3933818,10.67,,998,0.000,1724,548,0
2017/4/8,10:55:00,1.71e5,3957454,10.63,,998,0.000,1700,566,0
2017/4/8,10:55:15,1.72e5,3962891,10.63,,998,0.000,1722,571,0
2017/4/8,10:55:30,1.35e5,3357732,11.42,,998,0.000,1776,538,0
2017/4/8,10:55:45,1.23e5,3123205,11.7,,998,0.000,1806,546,0
2017/4/8,10:56:00,1.04e5,2754583,12.14,,998,0.000,1860,523,0
2017/4/8,10:56:15,8.96e4,2429814,12.5,,998,0.000,1888,538,0
2017/4/8,10:56:30,8.34e4,2288223,12.65,,998,0.000,1899,532,0
2017/4/8,10:56:45,7.25e4,2032774,12.93,,998,0.000,1954,529,0
2017/4/8,10:57:00,6.84e4,1932436,13.03,,998,0.000,1972,535,0
2017/4/8,10:57:15,6.17e4,1767854,13.2,,998,0.000,2015,524,0
2017/4/8,10:57:30,5.94e4,1709648,13.26,,998,0.000,2037,524,0
2017/4/8,10:57:45,4.82e4,1418027,13.56,,998,0.000,2126,524,0
2017/4/8,10:58:00,4.12e4,1229467,13.75,,998,0.000,2174,533,0
2017/4/8,10:58:15,3.91e4,1170665,13.81,,998,0.000,2198,524,0
2017/4/8,10:58:30,3.37e4,1020617,13.96,,998,0.000,2257,537,0
2017/4/8,10:58:45,3.10e4,944711,14.03,,998,0.000,2238,535,0
2017/4/8,10:59:00,2.75e4,844913,14.13,,998,0.000,2303,539,0
2017/4/8,10:59:15,2.62e4,806788,14.17,,998,0.000,2335,512,0
2017/4/8,10:59:30,2.19e4,681782,14.3,,998,0.000,2374,509,0
2017/4/8,10:59:45,2.15e4,669299,14.31,,998,0.000,2319,544,0
2017/4/8,11:00:00,2.06e4,641419,14.34,,998,0.000,2363,528,0
2017/4/8,11:00:15,1.64e4,516328,14.46,,998,0.000,2426,479,0
2017/4/8,11:00:30,1.41e4,446398,14.53,,998,0.000,2427,507,0
2017/4/8,11:00:45,1.32e4,418117,14.56,,998,0.000,2419,522,0
2017/4/8,11:01:00,1.29e4,408110,14.57,,998,0.000,2443,494,0
2017/4/8,11:01:15,1.12e4,357162,14.62,,998,0.000,2485,484,0
2017/4/8,11:01:30,9.93e3,316193,14.67,,998,0.000,2465,516,0
2017/4/8,11:01:45,9.42e3,300239,14.68,,998,0.000,2480,494,0
2017/4/8,11:02:00,7.63e3,244135,14.74,,998,0.000,2512,471,0
2017/4/8,11:02:15,7.07e3,226665,14.76,,998,0.000,2526,465,0
2017/4/8,11:02:30,6.55e3,210138,14.77,,998,0.000,2492,501,0
2017/4/8,11:02:45,5.78e3,185826,14.8,,998,0.000,2498,495,0
2017/4/8,11:03:00,4.85e3,156469,14.83,,998,0.000,2548,439,0
2017/4/8,11:03:15,4.31e3,139361,14.85,,998,0.000,2558,444,0
2017/4/8,11:03:30,4.73e3,152671,14.83,,998,0.000,2531,482,0
2017/4/8,11:03:45,3.68e3,119230,14.87,,998,0.000,2543,467,0
2017/4/8,11:04:00,3.44e3,111311,14.88,,998,0.000,2545,477,0
2017/4/8,11:04:15,3.14e3,101888,14.89,,998,0.000,2537,488,0
2017/4/8,11:04:30,2.41e3,78631,14.91,,998,0.000,2543,484,0
2017/4/8,11:04:45,2.38e3,77365,14.92,,998,0.000,2575,439,0
2017/4/8,11:05:00,2.09e3,68105,14.92,,998,0.000,2575,451,0
2017/4/8,11:05:15,1.91e3,62303,14.93,,998,0.000,2580,439,0
2017/4/8,11:05:30,1.65e3,53677,14.94,,998,0.000,2567,458,0
2017/4/8,11:05:45,1.48e3,48352,14.95,,998,0.000,2557,471,0
2017/4/8,11:06:00,1.27e3,41518,14.95,,998,0.000,2589,440,0
2017/4/8,11:06:15,1.22e3,39779,14.96,,998,0.000,2578,473,0
2017/4/8,11:06:30,1.04e3,33899,14.96,,998,0.000,2593,454,0
2017/4/8,11:06:45,1.04e3,34117,14.96,,998,0.000,2567,479,0
2017/4/8,11:07:00,882,28681,14.97,,998,0.000,2565,462,0
2017/4/8,11:07:15,783,25448,14.97,,998,0.000,2607,438,0
2017/4/8,11:07:30,718,23363,14.97,,998,0.000,2573,455,0
2017/4/8,11:07:45,721,23446,14.97,,998,0.000,2607,435,0
2017/4/8,11:08:00,586,19072,14.98,,998,0.000,2589,466,0
2017/4/8,11:08:15,579,18823,14.98,,998,0.000,2591,439,0
2017/4/8,11:08:30,531,17283,14.98,,998,0.000,2573,465,0
2017/4/8,11:08:45,476,15471,14.98,,998,0.000,2546,499,0
2017/4/8,11:09:00,435,14142,14.98,,998,0.000,2587,450,0
2017/4/8,11:09:15,363,11803,14.99,,998,0.000,2603,438,0
2017/4/8,11:09:30,377,12275,14.99,,998,0.000,2600,433,0
2017/4/8,11:09:45,330,10753,14.99,,998,0.000,2585,440,0
2017/4/8,11:10:00,296,9651,14.99,,998,0.000,2601,434,0
2017/4/8,11:10:15,270,8776,14.99,,998,0.000,2597,443,0
2017/4/8,11:10:30,240,7824,14.99,,998,0.000,2601,460,0
2017/4/8,11:10:45,218,7088,14.99,,998,0.000,2613,447,0
2017/4/8,11:11:00,205,6687,14.99,,999,0.000,2615,440,0
2017/4/8,11:11:15,198,6441,14.99,,998,0.000,2600,443,0
2017/4/8,11:11:30,184,5988,14.99,,998,0.000,2622,411,0
2017/4/8,11:11:45,155,5057,14.99,,998,0.000,2595,450,0
2017/4/8,11:12:00,163,5307,14.99,,998,0.000,2603,434,0
2017/4/8,11:12:15,141,4610,14.99,,998,0.000,2586,480,0
2017/4/8,11:12:30,133,4333,14.99,,998,0.000,2585,455,0
2017/4/8,11:12:45,128,4188,14.99,,998,0.000,2606,462,0
2017/4/8,11:13:00,118,3848,14.99,,998,0.000,2597,424,0
2017/4/8,11:13:15,105,3435,14.99,,998,0.000,2567,522,0
2017/4/8,11:13:30,98.0,3188,14.99,,998,0.000,2602,472,0
2017/4/8,11:13:45,94.9,3086,14.99,,998,0.000,2600,463,0
2017/4/8,11:14:00,92.5,3009,14.99,,998,0.000,2592,493,0
2017/4/8,11:14:15,96.8,3147,14.99,,999,0.000,2597,471,0
2017/4/8,11:14:30,85.3,2774,14.99,,998,0.000,2578,479,0
2017/4/8,11:14:45,76.3,2482,14.99,,998,0.000,2600,461,0
2017/4/8,11:15:00,72.6,2362,14.99,,998,0.000,2573,506,0
2017/4/8,11:15:15,73.6,2394,15.0,,998,0.000,2551,531,0
2017/4/8,11:15:30,71.1,2311,14.99,,998,0.000,2578,505,0
2017/4/8,11:15:45,68.8,2237,14.99,,998,0.000,2580,522,0
2017/4/8,11:16:00,66.8,2174,14.99,,998,0.000,2575,500,0
2017/4/8,11:16:15,66.6,2166,14.99,,998,0.000,2572,529,0
2017/4/8,11:16:30,62.7,2040,15.0,,998,0.000,2576,521,0
2017/4/8,11:16:45,55.7,1811,14.99,,998,0.000,2580,496,0
2017/4/8,11:17:00,56.4,1834,15.0,,998,0.000,2575,504,0
2017/4/8,11:17:15,57.8,1880,14.99,,998,0.000,2556,538,0
2017/4/8,11:17:30,50.4,1639,15.0,,998,0.000,2589,466,0
2017/4/8,11:17:45,48.6,1580,15.0,,999,0.000,2587,494,0
2017/4/8,11:18:00,52.7,1714,15.0,,998,0.000,2601,466,0
2017/4/8,11:18:15,53.8,1751,15.0,,998,0.000,2578,476,0
2017/4/8,11:18:30,43.7,1422,15.0,,999,0.000,2567,541,0
2017/4/8,11:18:45,46.4,1511,15.0,,998,0.000,2589,494,0
2017/4/8,11:19:00,47.9,1559,15.0,,998,0.000,2535,550,0
2017/4/8,11:19:15,46.0,1495,15.0,,998,0.000,2543,540,0
2017/4/8,11:19:30,42.6,1385,15.0,,998,0.000,2553,526,0
2017/4/8,11:19:45,43.0,1400,14.99,,998,0.000,2552,545,0
2017/4/8,11:20:00,44.8,1458,15.0,,998,0.000,2546,529,0
2017/4/8,11:20:15,38.7,1260,15.0,,999,0.000,2607,438,0
2017/4/8,11:20:30,40.3,1310,15.0,,998,0.000,2559,578,0
2017/4/8,11:20:45,39.9,1297,15.0,,998,0.000,2584,496,0
2017/4/8,11:21:00,41.6,1355,15.0,,999,0.000,2545,544,0
2017/4/8,11:21:15,38.9,1266,15.0,,998,0.000,2513,592,0
2017/4/8,11:21:30,40.7,1324,15.0,,998,0.000,2519,568,0
2017/4/8,11:21:45,39.9,1298,15.0,,999,0.000,2543,579,0
2017/4/8,11:22:00,37.1,1207,15.0,,999,0.000,2556,549,0
2017/4/8,11:22:15,34.2,1114,15.0,,998,0.000,2608,461,0
2017/4/8,11:22:30,36.9,1200,15.0,,998,0.000,2554,552,0
2017/4/8,11:22:45,33.0,1075,15.0,,999,0.000,2561,505,0
2017/4/8,11:23:00,39.2,1276,15.0,,998,0.000,2547,500,0
2017/4/8,11:23:15,40.0,1301,15.0,,998,0.000,2562,516,0
2017/4/8,11:23:30,35.2,1144,15.0,,998,0.000,2552,500,0
2017/4/8,11:23:45,34.5,1124,15.0,,999,0.000,2600,504,0
2017/4/8,11:24:00,30.2,984,15.0,,998,0.000,2598,490,0
2017/4/8,11:24:15,32.8,1068,15.0,,998,0.000,2528,579,0
2017/4/8,11:24:30,31.0,1008,15.0,,998,0.000,2568,491,0
2017/4/8,11:24:45,35.8,1165,15.0,,999,0.000,2561,489,0
2017/4/8,11:25:00,31.6,1030,15.0,,998,0.000,2579,513,0
2017/4/8,11:25:15,33.6,1095,15.0,,998,0.000,2563,605,0
2017/4/8,11:25:30,35.3,1150,15.0,,998,0.000,2584,484,0
2017/4/8,11:25:45,30.4,990,15.0,,998,0.000,2546,522,0
2017/4/8,11:26:00,32.6,1060,15.0,,998,0.000,2537,578,0
2017/4/8,11:26:15,32.0,1041,15.0,,998,0.000,2554,529,0
2017/4/8,11:26:30,42.5,1383,15.0,,999,0.000,2556,505,0
2017/4/8,11:26:45,40.7,1323,15.0,,998,0.000,2553,559,0
2017/4/8,11:27:00,35.9,1167,15.0,,998,0.000,2612,451,0
2017/4/8,11:27:15,35.4,1153,15.0,,999,0.000,2602,474,0
2017/4/8,11:27:30,27.7,901,15.0,,999,0.000,2589,483,0
2017/4/8,11:27:45,35.9,1167,15.0,,999,0.000,2587,472,0
2017/4/8,11:28:00,37.4,1218,14.99,,998,0.000,2575,517,0
2017/4/8,11:28:15,40.6,1320,15.0,,998,0.000,2563,513,0
2017/4/8,11:28:30,39.1,1272,15.0,,999,0.000,2578,511,0
2017/4/8,11:28:45,33.9,1103,15.0,,999,0.000,2558,540,0
2017/4/8,11:29:00,33.3,1084,15.0,,999,0.000,2529,562,0
2017/4/8,11:29:15,32.5,1059,15.0,,999,0.000,2585,520,0
2017/4/8,11:29:30,30.3,987,15.0,,998,0.000,2580,471,0
2017/4/8,11:29:45,33.2,1082,15.0,,998,0.000,2553,532,0
2017/4/8,11:30:00,33.4,1087,15.0,,999,0.000,2561,505,0
2017/4/8,11:30:15,31.1,1013,15.0,,999,0.000,2525,551,0
2017/4/8,11:30:30,31.5,1026,15.0,,998,0.000,2590,502,0
2017/4/8,11:30:45,33.2,1080,15.0,,999,0.000,2607,466,0
2017/4/8,11:31:00,31.0,1009,15.0,,998,0.000,2579,518,0
2017/4/8,11:31:15,34.2,1114,15.0,,999,0.000,2541,562,0
2017/4/8,11:31:30,42.4,1378,14.99,,998,0.000,2572,496,0
2017/4/8,11:31:45,36.7,1193,15.0,,999,0.000,2532,592,0
2017/4/8,11:32:00,33.3,1085,15.0,,998,0.000,2540,522,0
2017/4/8,11:32:15,33.0,1075,15.0,,998,0.000,2572,518,0
2017/4/8,11:32:30,33.4,1086,15.0,,998,0.000,2558,524,0
2017/4/8,11:32:45,41.0,1335,15.0,,998,0.000,2551,512,0
2017/4/8,11:33:00,38.9,1265,15.0,,999,0.000,2579,501,0
2017/4/8,11:33:15,32.4,1054,15.0,,999,0.000,2561,538,0
2017/4/8,11:33:30,32.8,1068,15.0,,998,0.000,2603,455,0
2017/4/8,11:33:45,35.9,1169,15.0,,999,0.000,2579,490,0
2017/4/8,11:34:00,33.3,1085,15.0,,999,0.000,2556,524,0
2017/4/8,11:34:15,34.3,1117,15.0,,998,0.000,2581,489,0
2017/4/8,11:34:30,28.7,933,15.0,,999,0.000,2518,598,0
2017/4/8,11:34:45,27.6,900,15.0,,998,0.000,2575,548,0
2017/4/8,11:35:00,28.4,924,15.0,,999,0.000,2528,579,0
2017/4/8,11:35:15,25.4,827,15.0,,999,0.000,2550,521,0
2017/4/8,11:35:30,26.9,876,15.0,,999,0.000,2558,562,0
2017/4/8,11:35:45,26.7,869,15.0,,999,0.000,2568,560,0
2017/4/8,11:36:00,27.5,894,15.0,,999,0.000,2526,595,0
2017/4/8,11:36:15,25.5,830,15.0,,999,0.000,2602,505,0
2017/4/8,11:36:30,24.4,793,15.0,,999,0.000,2592,504,0
2017/4/8,11:36:45,24.7,803,15.0,,999,0.000,2513,609,0
2017/4/8,11:37:00,28.6,930,15.0,,999,0.000,2513,612,0
2017/4/8,11:37:15,34.3,1117,15.0,,999,0.000,2586,496,0
2017/4/8,11:37:30,33.9,1102,15.0,,999,0.000,2572,528,0
2017/4/8,11:37:45,28.5,927,15.0,,999,0.000,2583,498,0
2017/4/8,11:38:00,25.4,827,15.0,,999,0.000,2562,544,0
2017/4/8,11:38:15,24.7,803,15.0,,999,0.000,2535,573,0
2017/4/8,11:38:30,31.5,1024,15.0,,999,0.000,2531,568,0
2017/4/8,11:38:45,24.1,785,15.0,,999,0.000,2546,566,0
2017/4/8,11:39:00,29.2,950,15.0,,999,0.000,2552,545,0
2017/4/8,11:39:15,25.5,831,15.0,,999,0.000,2506,594,0
2017/4/8,11:39:30,27.1,881,15.0,,999,0.000,2528,531,0
2017/4/8,11:39:45,26.8,871,15.0,,999,0.000,2521,567,0
2017/4/8,11:40:00,24.4,796,15.0,,999,0.000,2512,568,0
2017/4/8,11:40:15,22.1,719,15.0,,999,0.000,2495,631,0
2017/4/8,11:40:30,26.2,853,15.0,,999,0.000,2534,570,0
2017/4/8,11:40:45,29.7,968,15.0,,999,0.000,2545,589,0
2017/4/8,11:41:00,27.5,895,15.0,,999,0.000,2608,458,0
2017/4/8,11:41:15,24.7,804,15.0,,999,0.000,2620,446,0
2017/4/8,11:41:30,22.9,746,15.0,,999,0.000,2521,565,0
2017/4/8,11:41:45,22.9,745,15.0,,999,0.000,2580,507,0
2017/4/8,11:42:00,29.4,956,15.0,,999,0.000,2545,557,0
2017/4/8,11:42:15,29.6,963,15.0,,999,0.000,2575,517,0
2017/4/8,11:42:30,24.9,811,15.0,,999,0.000,2570,506,0
2017/4/8,11:42:45,25.3,823,15.0,,999,0.000,2576,495,0
2017/4/8,11:43:00,22.1,721,15.0,,999,0.000,2501,623,0
2017/4/8,11:43:15,23.0,749,15.0,,999,0.000,2531,567,0
2017/4/8,11:43:30,33.3,1085,15.0,,999,0.000,2558,510,0
2017/4/8,11:43:45,31.8,1034,15.0,,999,0.000,2570,501,0
2017/4/8,11:44:00,26.6,867,15.0,,999,0.000,2536,545,0
2017/4/8,11:44:15,27.4,893,15.0,,999,0.000,2548,549,0
2017/4/8,11:44:30,29.2,951,15.0,,999,0.000,2525,614,0
2017/4/8,11:44:45,27.6,900,15.0,,999,0.000,2623,408,0
2017/4/8,11:45:00,28.0,911,15.0,,999,0.000,2612,456,0
2017/4/8,11:45:15,29.3,954,15.0,,998,0.000,2537,601,0
2017/4/8,11:45:30,29.0,945,15.0,,999,0.000,2574,505,0
2017/4/8,11:45:45,29.3,955,15.0,,999,0.000,2568,554,0
2017/4/8,11:46:00,27.2,886,15.0,,999,0.000,2626,457,0
2017/4/8,11:46:15,27.7,902,15.0,,999,0.000,2528,560,0
2017/4/8,11:46:30,29.2,949,15.0,,999,0.000,2564,521,0
2017/4/8,11:46:45,28.5,927,15.0,,999,0.000,2515,576,0
2017/4/8,11:47:00,27.9,909,15.0,,999,0.000,2573,517,0
2017/4/8,11:47:15,29.6,963,15.0,,999,0.000,2604,479,0
2017/4/8,11:47:30,30.0,977,15.0,,999,0.000,2529,571,0
2017/4/8,11:47:45,30.0,975,15.0,,999,0.000,2575,501,0
2017/4/8,11:48:00,31.5,1026,15.0,,999,0.000,2508,584,0
2017/4/8,11:48:15,28.7,935,15.0,,999,0.000,2576,474,0
2017/4/8,11:48:30,24.9,812,15.0,,999,0.000,2542,555,0
2017/4/8,11:48:45,31.6,1028,15.0,,999,0.000,2567,565,0
2017/4/8,11:49:00,34.6,1127,15.0,,999,0.000,2557,516,0
2017/4/8,11:49:15,30.3,985,15.0,,999,0.000,2541,551,0
2017/4/8,11:49:30,34.2,1114,15.0,,999,0.000,2541,546,0
2017/4/8,11:49:45,30.1,980,15.0,,999,0.000,2579,501,0
2017/4/8,11:50:00,27.2,885,15.0,,999,0.000,2619,479,0
2017/4/8,11:50:15,26.7,869,15.0,,999,0.000,2563,529,0
2017/4/8,11:50:30,28.8,936,15.0,,999,0.000,2514,568,0
2017/4/8,11:50:45,27.7,901,15.0,,999,0.000,2565,535,0
2017/4/8,11:51:00,30.0,975,15.0,,999,0.000,2597,473,0
2017/4/8,11:51:15,31.0,1009,15.0,,999,0.000,2540,551,0
2017/4/8,11:51:30,28.5,927,15.0,,999,0.000,2504,571,0
2017/4/8,11:51:45,25.5,831,15.0,,999,0.000,2537,595,0
2017/4/8,11:52:00,31.1,1012,15.0,,999,0.000,2576,505,0
2017/4/8,11:52:15,33.8,1101,15.0,,999,0.000,2519,606,0
2017/4/8,11:52:30,29.5,961,15.0,,999,0.000,2523,594,0
2017/4/8,11:52:45,29.1,948,15.0,,999,0.000,2484,600,0
2017/4/8,11:53:00,29.7,966,15.0,,999,0.000,2568,505,0
2017/4/8,11:53:15,24.2,787,15.0,,999,0.000,2532,574,0
2017/4/8,11:53:30,28.3,921,15.0,,999,0.000,2562,533,0
2017/4/8,11:53:45,27.3,890,15.0,,999,0.000,2570,566,0
2017/4/8,11:54:00,26.8,872,15.0,,999,0.000,2583,523,0
2017/4/8,11:54:15,27.7,902,15.0,,999,0.000,2535,551,0
2017/4/8,11:54:30,34.5,1124,15.0,,999,0.000,2587,502,0
2017/4/8,11:54:45,30.5,993,15.0,,999,0.000,2579,520,0
2017/4/8,11:55:00,26.3,856,15.0,,999,0.000,2579,528,0
2017/4/8,11:55:15,31.9,1038,15.0,,999,0.000,2587,504,0
2017/4/8,11:55:30,28.6,931,15.0,,999,0.000,2524,566,0
2017/4/8,11:55:45,28.0,911,15.0,,999,0.000,2526,583,0
2017/4/8,11:56:00,34.4,1121,15.0,,999,0.000,2579,487,0
2017/4/8,11:56:15,30.9,1005,15.0,,999,0.000,2542,560,0
2017/4/8,11:56:30,28.1,916,15.0,,999,0.000,2523,557,0
2017/4/8,11:56:45,25.9,842,15.0,,999,0.000,2545,620,0
2017/4/8,11:57:00,27.9,909,15.0,,999,0.000,2530,541,0
2017/4/8,11:57:15,27.2,886,15.0,,999,0.000,2570,531,0
2017/4/8,11:57:30,29.9,974,15.0,,999,0.000,2600,476,0
2017/4/8,11:57:45,24.8,809,15.0,,999,0.000,2551,574,0
2017/4/8,11:58:00,25.1,818,15.0,,999,0.000,2536,556,0
2017/4/8,11:58:15,25.2,822,15.0,,999,0.000,2557,506,0
2017/4/8,11:58:30,26.4,859,15.0,,999,0.000,2564,511,0
2017/4/8,11:58:45,31.1,1012,15.0,,999,0.000,2528,578,0
2017/4/8,11:59:00,35.9,1169,15.0,,999,0.000,2553,549,0
2017/4/8,11:59:15,34.6,1126,15.0,,999,0.000,2529,566,0
2017/4/8,11:59:30,31.5,1024,15.0,,999,0.000,2580,471,0
2017/4/8,11:59:45,28.6,930,15.0,,999,0.000,2572,506,0
2017/4/8,12:00:00,29.6,964,15.0,,999,0.000,2546,544,0
2017/4/8,12:00:15,32.4,1053,15.0,,999,0.000,2584,478,0
2017/4/8,12:00:30,28.7,935,15.0,,999,0.000,2580,533,0
2017/4/8,12:00:45,30.1,980,15.0,,999,0.000,2556,545,0
2017/4/8,12:01:00,31.0,1009,15.0,,999,0.000,2595,517,0
2017/4/8,12:01:15,33.1,1076,15.0,,999,0.000,2583,541,0
2017/4/8,12:01:30,27.2,887,15.0,,999,0.000,2598,505,0
2017/4/8,12:01:45,32.2,1049,15.0,,999,0.000,2523,615,0
2017/4/8,12:02:00,29.6,964,15.0,,999,0.000,2578,534,0
2017/4/8,12:02:15,27.3,890,15.0,,999,0.000,2570,518,0
2017/4/8,12:02:30,26.8,874,15.0,,999,0.000,2593,480,0
2017/4/8,12:02:45,28.9,942,15.0,,999,0.000,2593,507,0
2017/4/8,12:03:00,28.0,913,15.0,,999,0.000,2589,537,0
2017/4/8,12:03:15,28.0,913,15.0,,999,0.000,2552,522,0
2017/4/8,12:03:30,34.1,1111,15.0,,999,0.000,2513,577,0
2017/4/8,12:03:45,34.3,1117,15.0,,999,0.000,2525,566,0
2017/4/8,12:04:00,33.3,1084,15.0,,999,0.000,2537,578,0
2017/4/8,12:04:15,31.7,1033,15.0,,999,0.000,2603,469,0
2017/4/8,12:04:30,28.6,931,15.0,,999,0.000,2531,541,0
2017/4/8,12:04:45,28.6,932,15.0,,999,0.000,2564,524,0
2017/4/8,12:05:00,24.9,811,15.0,,999,0.000,2545,587,0
2017/4/8,12:05:15,27.2,886,15.0,,999,0.000,2545,570,0
2017/4/8,12:05:30,26.3,857,15.0,,999,0.000,2550,531,0
2017/4/8,12:05:45,25.6,833,15.0,,999,0.000,2583,504,0
2017/4/8,12:06:00,25.4,828,15.0,,999,0.000,2536,574,0
2017/4/8,12:06:15,27.2,884,15.0,,999,0.000,2561,572,0
2017/4/8,12:06:30,26.1,849,15.0,,999,0.000,2580,531,0
2017/4/8,12:06:45,28.4,925,15.0,,999,0.000,2530,561,0
2017/4/8,12:07:00,25.7,838,15.0,,999,0.000,2557,567,0
2017/4/8,12:07:15,26.2,852,15.0,,999,0.000,2542,607,0
2017/4/8,12:07:30,26.8,874,15.0,,999,0.000,2534,588,0
2017/4/8,12:07:45,27.2,884,15.0,,999,0.000,2578,512,0
2017/4/8,12:08:00,24.2,789,15.0,,999,0.000,2535,554,0
2017/4/8,12:08:15,26.8,872,15.0,,999,0.000,2496,631,0
2017/4/8,12:08:30,31.3,1019,15.0,,999,0.000,2562,560,0
2017/4/8,12:08:45,27.4,892,15.0,,999,0.000,2552,565,0
2017/4/8,12:09:00,25.3,824,15.0,,999,0.000,2569,529,0
2017/4/8,12:09:15,22.8,744,15.0,,999,0.000,2586,506,0
2017/4/8,12:09:30,23.6,767,15.0,,999,0.000,2580,523,0
2017/4/8,12:09:45,25.3,824,15.0,,999,0.000,2542,598,0
2017/4/8,12:10:00,28.4,925,15.0,,999,0.000,2554,522,0
2017/4/8,12:10:15,28.3,920,15.0,,999,0.000,2550,545,0
2017/4/8,12:10:30,28.7,934,15.0,,999,0.000,2535,556,0
2017/4/8,12:10:45,27.4,891,15.0,,999,0.000,2535,540,0
2017/4/8,12:11:00,30.2,984,15.0,,999,0.000,2554,533,0
2017/4/8,12:11:15,27.8,906,15.0,,999,0.000,2604,506,0
2017/4/8,12:11:30,24.1,786,15.0,,999,0.000,2547,568,0
2017/4/8,12:11:45,25.4,827,15.0,,999,0.000,2530,615,0
2017/4/8,12:12:00,24.7,805,15.0,,999,0.000,2561,524,0
2017/4/8,12:12:15,25.2,819,15.0,,999,0.000,2526,576,0
2017/4/8,12:12:30,92.4,3006,14.99,,999,0.000,2613,472,0
