TSI CPC DATA VERSION 3
1491653685,2017/4/8,12:14:45
15
1.08,130
Model 3783 Ver 1.27 S/N 3783111302
"Date","Time","Concentration","Count"," Live-Time","Blank","Abs Press"," Analog In","Pulse Height"," Pulse STD","Status Flags"
2017/4/8,12:14:45,1.34e3,43602,14.95,,999,0.000,2581,447,0
2017/4/8,12:15:00,1.31e3,42862,14.95,,999,0.000,2604,452,0
2017/4/8,12:15:15,999,32498,14.96,,999,0.000,2567,474,0
2017/4/8,12:15:30,922,29974,14.97,,999,0.000,2559,478,0
2017/4/8,12:15:45,1.07e3,34839,14.96,,999,0.000,2554,487,0
2017/4/8,12:16:00,1.15e3,37601,14.96,,999,0.000,2563,466,0
2017/4/8,12:16:15,1.10e3,36065,14.96,,999,0.000,2562,482,0
2017/4/8,12:16:30,1.10e3,35834,14.96,,999,0.000,2558,483,0
2017/4/8,12:16:45,1.02e3,33330,14.96,,999,0.000,2561,480,0
2017/4/8,12:17:00,1.02e3,33229,14.96,,999,0.000,2546,500,0
2017/4/8,12:17:15,977,31765,14.96,,999,0.000,2576,458,0
2017/4/8,12:17:30,929,30217,14.97,,999,0.000,2553,499,0
2017/4/8,12:17:45,922,29971,14.97,,999,0.000,2579,461,0
2017/4/8,12:18:00,927,30146,14.97,,999,0.000,2591,416,0
2017/4/8,12:18:15,918,29839,14.97,,999,0.000,2611,433,0
2017/4/8,12:18:30,909,29560,14.97,,999,0.000,2613,426,0
2017/4/8,12:18:45,909,29553,14.97,,999,0.000,2586,456,0
2017/4/8,12:19:00,905,29442,14.97,,999,0.000,2598,456,0
2017/4/8,12:19:15,892,28997,14.97,,999,0.000,2581,426,0
2017/4/8,12:19:30,895,29099,14.97,,999,0.000,2601,443,0
2017/4/8,12:19:45,889,28918,14.97,,999,0.000,2573,447,0
2017/4/8,12:20:00,880,28627,14.97,,999,0.000,2564,490,0
2017/4/8,12:20:15,879,28577,14.97,,999,0.000,2562,502,0
2017/4/8,12:20:30,946,30772,14.97,,999,0.000,2589,451,0
2017/4/8,12:20:45,1.41e3,45860,14.95,,999,0.000,2602,419,0
2017/4/8,12:21:00,6.00e3,191559,14.8,,999,0.000,2558,429,0
2017/4/8,12:21:15,1.31e4,413823,14.59,,999,0.000,2463,455,0
2017/4/8,12:21:30,1.11e4,353760,14.64,,999,0.000,2506,429,0
2017/4/8,12:21:45,1.47e4,464214,14.54,,999,0.000,2467,444,0
2017/4/8,12:22:00,1.59e4,502350,14.5,,999,0.000,2454,447,0
2017/4/8,12:22:15,3.93e4,1160992,13.87,,999,0.000,2204,500,0
2017/4/8,12:22:30,8.37e4,2210175,12.8,,999,0.000,2003,511,0
2017/4/8,12:22:45,1.19e5,3040816,11.95,,999,0.000,1845,488,0
2017/4/8,12:23:00,1.62e5,3840465,11.02,,999,0.000,1732,510,0
2017/4/8,12:23:15,1.27e5,3214476,11.76,,999,0.000,1824,463,0
2017/4/8,12:23:30,2.04e5,4444479,10.21,,999,0.000,1683,522,0
2017/4/8,12:23:45,1.61e5,3824957,11.04,,999,0.000,1724,494,0
2017/4/8,12:24:00,1.53e5,3691661,11.21,,999,0.000,1782,471,0
2017/4/8,12:24:15,2.08e5,4494416,10.14,,999,0.000,1677,496,0
2017/4/8,12:24:30,2.14e5,4627121,10.0,,999,0.000,1669,512,0
2017/4/8,12:24:45,2.40e5,4957243,9.528,,999,0.000,1606,517,0
2017/4/8,12:25:00,2.52e5,5068426,9.333,,999,0.000,1578,531,0
2017/4/8,12:25:15,2.84e5,5395177,8.8,,999,0.000,1524,529,0
2017/4/8,12:25:30,2.87e5,5435235,8.726,,999,0.000,1507,513,0
2017/4/8,12:25:45,2.87e5,5430982,8.726,,999,0.000,1547,559,0
2017/4/8,12:26:00,2.75e5,5317025,8.933,,999,0.000,1578,560,0
2017/4/8,12:26:15,3.16e5,5647564,8.287,,999,0.000,1520,540,0
2017/4/8,12:26:30,3.71e5,5955976,7.523,,999,0.000,1478,549,0
2017/4/8,12:26:45,3.98e5,6125434,7.111,,999,0.000,1442,533,0
2017/4/8,12:27:00,3.76e5,6034691,7.414,,999,0.000,1474,555,0
2017/4/8,12:27:15,3.93e5,6076420,7.229,,999,0.000,1496,577,0
2017/4/8,12:27:30,3.91e5,6094789,7.218,,999,0.000,1430,534,0
2017/4/8,12:27:45,3.80e5,6055032,7.362,,999,0.000,1436,561,0
2017/4/8,12:28:00,3.96e5,6094925,7.195,,999,0.000,1458,596,0
2017/4/8,12:28:15,4.16e5,6202987,6.898,,999,0.000,1450,563,0
2017/4/8,12:28:30,4.52e5,6304754,6.447,,999,0.000,1436,581,0
2017/4/8,12:28:45,4.51e5,6307501,6.473,,999,0.000,1416,571,0
2017/4/8,12:29:00,4.14e5,6194752,6.916,,999,0.000,1448,571,0
2017/4/8,12:29:15,4.70e5,6362635,6.25,,999,0.000,1409,559,0
2017/4/8,12:29:30,4.91e5,6392765,6.006,,999,0.000,1437,599,0
2017/4/8,12:29:45,4.58e5,6328836,6.385,,999,0.000,1431,573,0
2017/4/8,12:30:00,4.48e5,6305117,6.508,,999,0.000,1447,585,0
2017/4/8,12:30:15,4.57e5,6332805,6.402,,999,0.000,1391,556,0
2017/4/8,12:30:30,4.99e5,6405358,5.927,,999,0.000,1391,603,0
2017/4/8,12:30:45,4.77e5,6374563,6.166,,999,0.000,1385,576,0
2017/4/8,12:31:00,4.58e5,6325542,6.376,,999,0.000,1394,555,0
2017/4/8,12:31:15,4.56e5,6329991,6.405,,999,0.000,1437,582,0
2017/4/8,12:31:30,4.46e5,6305456,6.53,,999,0.000,1445,598,0
2017/4/8,12:31:45,4.53e5,6322913,6.438,,999,0.000,1420,557,0
2017/4/8,12:32:00,4.54e5,6320853,6.42,,999,0.000,1428,574,0
2017/4/8,12:32:15,4.44e5,6297624,6.549,,999,0.000,1440,576,0
2017/4/8,12:32:30,4.65e5,6346233,6.296,,999,0.000,1445,585,0
2017/4/8,12:32:45,4.82e5,6387900,6.119,,999,0.000,1407,571,0
2017/4/8,12:33:00,4.61e5,6332530,6.343,,999,0.000,1411,582,0
2017/4/8,12:33:15,4.67e5,6352787,6.283,,999,0.000,1441,587,0
2017/4/8,12:33:30,4.51e5,6313744,6.455,,999,0.000,1405,568,0
2017/4/8,12:33:45,4.33e5,6262280,6.674,,999,0.000,1424,585,0
2017/4/8,12:34:00,4.36e5,6273132,6.629,,999,0.000,1419,584,0
2017/4/8,12:34:15,4.34e5,6264747,6.653,,999,0.000,1397,562,0
2017/4/8,12:34:30,4.46e5,6291037,6.505,,999,0.000,1405,549,0
2017/4/8,12:34:45,4.50e5,6305725,6.462,,999,0.000,1455,565,0
2017/4/8,12:35:00,4.33e5,6257075,6.657,,999,0.000,1444,579,0
2017/4/8,12:35:15,4.20e5,6222881,6.831,,999,0.000,1425,548,0
2017/4/8,12:35:30,4.10e5,6185507,6.96,,999,0.000,1467,571,0
2017/4/8,12:35:45,4.11e5,6178798,6.935,,999,0.000,1420,576,0
2017/4/8,12:36:00,4.20e5,6216865,6.827,,999,0.000,1431,562,0
2017/4/8,12:36:15,4.14e5,6199248,6.906,,999,0.000,1466,562,0
2017/4/8,12:36:30,4.08e5,6175235,6.982,,999,0.000,1446,577,0
2017/4/8,12:36:45,3.97e5,6136178,7.12,,999,0.000,1407,541,0
2017/4/8,12:37:00,3.93e5,6117455,7.181,,999,0.000,1474,604,0
2017/4/8,12:37:15,3.86e5,6088588,7.276,,999,0.000,1477,561,0
2017/4/8,12:37:30,3.88e5,6095356,7.242,,999,0.000,1464,574,0
2017/4/8,12:37:45,3.87e5,6083493,7.255,,999,0.000,1470,572,0
2017/4/8,12:38:00,3.81e5,6054846,7.322,,999,0.000,1489,540,0
2017/4/8,12:38:15,3.84e5,6076279,7.29,,999,0.000,1466,578,0
2017/4/8,12:38:30,3.69e5,6001803,7.494,,999,0.000,1473,590,0
2017/4/8,12:38:45,3.60e5,5953526,7.615,,999,0.000,1470,554,0
2017/4/8,12:39:00,3.72e5,6017912,7.462,,999,0.000,1477,552,0
2017/4/8,12:39:15,3.62e5,5967023,7.595,,999,0.000,1491,573,0
2017/4/8,12:39:30,3.60e5,5953602,7.62,,999,0.000,1506,552,0
2017/4/8,12:39:45,3.53e5,5918594,7.718,,999,0.000,1489,574,0
2017/4/8,12:40:00,3.51e5,5900573,7.746,,999,0.000,1513,563,0
2017/4/8,12:40:15,3.47e5,5879548,7.81,,999,0.000,1536,565,0
2017/4/8,12:40:30,3.37e5,5812670,7.953,,999,0.000,1474,570,0
2017/4/8,12:40:45,3.31e5,5774805,8.031,,999,0.000,1483,537,0
2017/4/8,12:41:00,3.30e5,5758258,8.055,,999,0.000,1518,550,0
2017/4/8,12:41:15,3.30e5,5764865,8.046,,999,0.000,1533,582,0
2017/4/8,12:41:30,3.29e5,5758202,8.059,,999,0.000,1500,589,0
2017/4/8,12:41:45,3.26e5,5737117,8.113,,999,0.000,1484,549,0
2017/4/8,12:42:00,3.25e5,5732016,8.117,,999,0.000,1511,527,0
2017/4/8,12:42:15,3.25e5,5739496,8.129,,999,0.000,1524,550,0
2017/4/8,12:42:30,3.19e5,5681554,8.217,,999,0.000,1573,552,0
2017/4/8,12:42:45,3.15e5,5654638,8.265,,999,0.000,1514,573,0
2017/4/8,12:43:00,3.12e5,5641224,8.328,,999,0.000,1530,574,0
2017/4/8,12:43:15,3.10e5,5628824,8.365,,999,0.000,1525,535,0
2017/4/8,12:43:30,3.03e5,5553454,8.494,,999,0.000,1486,561,0
2017/4/8,12:43:45,3.06e5,5594808,8.434,,999,0.000,1531,566,0
2017/4/8,12:44:00,3.03e5,5574204,8.475,,999,0.000,1523,561,0
2017/4/8,12:44:15,3.02e5,5562339,8.497,,999,0.000,1549,567,0
2017/4/8,12:44:30,3.02e5,5559022,8.483,,999,0.000,1571,545,0
2017/4/8,12:44:45,2.94e5,5500777,8.622,,999,0.000,1535,528,0
2017/4/8,12:45:00,2.89e5,5454925,8.702,,999,0.000,1549,560,0
2017/4/8,12:45:15,2.94e5,5497627,8.616,,999,0.000,1578,546,0
2017/4/8,12:45:30,2.88e5,5447771,8.704,,999,0.000,1562,551,0
2017/4/8,12:45:45,2.85e5,5417495,8.747,,999,0.000,1525,552,0
2017/4/8,12:46:00,2.85e5,5411886,8.752,,999,0.000,1541,540,0
2017/4/8,12:46:15,2.80e5,5366369,8.845,,999,0.000,1562,554,0
2017/4/8,12:46:30,2.76e5,5328260,8.908,,999,0.000,1567,566,0
2017/4/8,12:46:45,2.77e5,5342550,8.881,,999,0.000,1579,566,0
2017/4/8,12:47:00,2.68e5,5248686,9.036,,999,0.000,1574,552,0
2017/4/8,12:47:15,2.67e5,5251104,9.051,,999,0.000,1582,527,0
2017/4/8,12:47:30,2.66e5,5241263,9.067,,999,0.000,1553,538,0
2017/4/8,12:47:45,2.66e5,5233431,9.069,,999,0.000,1596,565,0
2017/4/8,12:48:00,2.60e5,5170732,9.173,,999,0.000,1562,560,0
2017/4/8,12:48:15,2.59e5,5170348,9.18,,999,0.000,1593,533,0
2017/4/8,12:48:30,2.60e5,5169343,9.169,,999,0.000,1573,544,0
2017/4/8,12:48:45,2.55e5,5119736,9.247,,999,0.000,1588,539,0
2017/4/8,12:49:00,2.53e5,5097680,9.292,,999,0.000,1594,578,0
2017/4/8,12:49:15,2.52e5,5095446,9.307,,999,0.000,1595,539,0
2017/4/8,12:49:30,2.49e5,5054979,9.357,,999,0.000,1602,538,0
2017/4/8,12:49:45,2.52e5,5089214,9.311,,999,0.000,1584,565,0
2017/4/8,12:50:00,2.44e5,5000442,9.455,,999,0.000,1585,568,0
2017/4/8,12:50:15,2.42e5,4987613,9.485,,999,0.000,1651,531,0
2017/4/8,12:50:30,2.39e5,4952093,9.535,,999,0.000,1639,561,0
2017/4/8,12:50:45,2.39e5,4950327,9.529,,999,0.000,1622,546,0
2017/4/8,12:51:00,2.39e5,4947668,9.543,,999,0.000,1614,538,0
2017/4/8,12:51:15,2.34e5,4887646,9.636,,999,0.000,1625,559,0
2017/4/8,12:51:30,2.33e5,4874433,9.653,,999,0.000,1643,546,0
2017/4/8,12:51:45,2.28e5,4814816,9.741,,999,0.000,1627,526,0
2017/4/8,12:52:00,2.26e5,4788921,9.774,,999,0.000,1661,554,0
2017/4/8,12:52:15,2.27e5,4801704,9.763,,999,0.000,1656,528,0
2017/4/8,12:52:30,2.25e5,4783709,9.793,,999,0.000,1647,537,0
2017/4/8,12:52:45,2.21e5,4731700,9.862,,999,0.000,1677,568,0
2017/4/8,12:53:00,2.20e5,4724175,9.875,,999,0.000,1671,535,0
2017/4/8,12:53:15,2.21e5,4730127,9.878,,999,0.000,1655,551,0
2017/4/8,12:53:30,2.15e5,4661630,9.965,,999,0.000,1658,535,0
2017/4/8,12:53:45,2.13e5,4636939,10.0,,999,0.000,1693,524,0
2017/4/8,12:54:00,2.15e5,4660753,9.971,,999,0.000,1629,568,0
2017/4/8,12:54:15,2.10e5,4593327,10.06,,999,0.000,1706,535,0
2017/4/8,12:54:30,2.10e5,4593442,10.06,,999,0.000,1655,531,0
2017/4/8,12:54:45,2.09e5,4574850,10.09,,999,0.000,1667,522,0
2017/4/8,12:55:00,2.07e5,4548138,10.11,,999,0.000,1641,532,0
2017/4/8,12:55:15,2.05e5,4516288,10.16,,999,0.000,1660,524,0
2017/4/8,12:55:30,2.03e5,4490270,10.2,,999,0.000,1689,563,0
2017/4/8,12:55:45,2.02e5,4480067,10.22,,999,0.000,1683,534,0
2017/4/8,12:56:00,2.01e5,4464417,10.24,,999,0.000,1660,548,0
2017/4/8,12:56:15,2.02e5,4479574,10.22,,999,0.000,1655,537,0
2017/4/8,12:56:30,1.97e5,4416449,10.3,,999,0.000,1713,500,0
2017/4/8,12:56:45,1.97e5,4406065,10.31,,999,0.000,1712,502,0
2017/4/8,12:57:00,1.96e5,4396595,10.32,,999,0.000,1677,545,0
2017/4/8,12:57:15,1.96e5,4403036,10.32,,999,0.000,1690,534,0
2017/4/8,12:57:30,1.93e5,4355934,10.38,,999,0.000,1662,534,0
2017/4/8,12:57:45,1.91e5,4327455,10.41,,999,0.000,1713,550,0
2017/4/8,12:58:00,1.89e5,4299061,10.45,,999,0.000,1717,549,0
2017/4/8,12:58:15,1.90e5,4305184,10.45,,999,0.000,1696,533,0
2017/4/8,12:58:30,1.87e5,4266312,10.5,,999,0.000,1699,518,0
2017/4/8,12:58:45,1.86e5,4256349,10.51,,999,0.000,1688,549,0
2017/4/8,12:59:00,1.85e5,4241561,10.54,,999,0.000,1713,505,0
2017/4/8,12:59:15,1.85e5,4234989,10.54,,999,0.000,1721,534,0
2017/4/8,12:59:30,1.81e5,4164766,10.65,,999,0.000,1735,535,0
2017/4/8,12:59:45,1.85e5,4244443,10.53,,999,0.000,1677,539,0
2017/4/8,13:00:00,1.80e5,4166214,10.64,,999,0.000,1684,518,0
2017/4/8,13:00:15,1.80e5,4167272,10.65,,999,0.000,1719,535,0
2017/4/8,13:00:30,1.78e5,4128800,10.69,,999,0.000,1695,555,0
2017/4/8,13:00:45,1.77e5,4110514,10.71,,999,0.000,1687,533,0
2017/4/8,13:01:00,1.75e5,4083772,10.74,,999,0.000,1730,538,0
2017/4/8,13:01:15,1.75e5,4080090,10.75,,999,0.000,1721,521,0
2017/4/8,13:01:30,1.75e5,4082071,10.75,,999,0.000,1724,498,0
2017/4/8,13:01:45,1.76e5,4097424,10.73,,999,0.000,1744,533,0
2017/4/8,13:02:00,1.76e5,4099367,10.73,,999,0.000,1748,524,0
2017/4/8,13:02:15,1.70e5,4011645,10.84,,999,0.000,1737,535,0
2017/4/8,13:02:30,1.71e5,4025595,10.82,,999,0.000,1730,501,0
2017/4/8,13:02:45,1.69e5,3984228,10.87,,999,0.000,1711,516,0
2017/4/8,13:03:00,1.67e5,3955410,10.91,,999,0.000,1766,526,0
2017/4/8,13:03:15,1.69e5,3990237,10.86,,999,0.000,1749,502,0
2017/4/8,13:03:30,1.67e5,3963608,10.9,,999,0.000,1763,506,0
2017/4/8,13:03:45,1.67e5,3964071,10.89,,999,0.000,1749,529,0
2017/4/8,13:04:00,1.65e5,3925388,10.95,,999,0.000,1719,535,0
2017/4/8,13:04:15,1.65e5,3921862,10.96,,999,0.000,1757,531,0
2017/4/8,13:04:30,1.62e5,3879529,11.0,,999,0.000,1756,527,0
2017/4/8,13:04:45,1.60e5,3844052,11.05,,999,0.000,1776,522,0
2017/4/8,13:05:00,1.61e5,3854973,11.04,,999,0.000,1760,528,0
2017/4/8,13:05:15,1.63e5,3895179,10.99,,999,0.000,1750,544,0
2017/4/8,13:05:30,1.61e5,3867423,11.03,,999,0.000,1723,511,0
2017/4/8,13:05:45,1.82e5,4174239,10.63,,999,0.000,1693,546,0
2017/4/8,13:06:00,1.70e5,3999301,10.86,,999,0.000,1729,543,0
2017/4/8,13:06:15,1.44e5,3563280,11.4,,999,0.000,1818,517,0
2017/4/8,13:06:30,1.40e5,3490761,11.48,,999,0.000,1809,532,0
2017/4/8,13:06:45,1.29e5,3291684,11.72,,999,0.000,1826,496,0
2017/4/8,13:07:00,1.24e5,3185821,11.84,,999,0.000,1817,500,0
2017/4/8,13:07:15,1.23e5,3166515,11.86,,999,0.000,1846,516,0
2017/4/8,13:07:30,1.19e5,3094254,11.94,,999,0.000,1826,518,0
2017/4/8,13:07:45,1.16e5,3035440,12.01,,999,0.000,1870,495,0
2017/4/8,13:08:00,1.17e5,3044238,11.99,,999,0.000,1860,518,0
2017/4/8,13:08:15,1.13e5,2971321,12.07,,999,0.000,1882,504,0
2017/4/8,13:08:30,1.05e5,2797791,12.26,,999,0.000,1907,499,0
2017/4/8,13:08:45,1.02e5,2741857,12.32,,999,0.000,1901,483,0
2017/4/8,13:09:00,9.93e4,2669326,12.4,,999,0.000,1928,499,0
2017/4/8,13:09:15,9.77e4,2634708,12.44,,999,0.000,1942,498,0
2017/4/8,13:09:30,9.12e4,2490080,12.59,,999,0.000,1934,473,0
2017/4/8,13:09:45,9.00e4,2463830,12.62,,999,0.000,1910,491,0
2017/4/8,13:10:00,8.90e4,2440133,12.64,,999,0.000,1915,477,0
2017/4/8,13:10:15,8.48e4,2342319,12.74,,999,0.000,2000,488,0
2017/4/8,13:10:30,8.36e4,2314080,12.77,,999,0.000,1961,476,0
2017/4/8,13:10:45,7.95e4,2216769,12.87,,999,0.000,1975,515,0
2017/4/8,13:11:00,7.97e4,2222434,12.86,,999,0.000,1990,489,0
2017/4/8,13:11:15,7.57e4,2126288,12.96,,999,0.000,1989,495,0
2017/4/8,13:11:30,7.37e4,2079744,13.0,,999,0.000,1968,494,0
2017/4/8,13:11:45,7.04e4,1997681,13.09,,999,0.000,2006,491,0
2017/4/8,13:12:00,6.97e4,1980534,13.1,,999,0.000,1998,496,0
2017/4/8,13:12:15,6.73e4,1920976,13.16,,999,0.000,2001,532,0
2017/4/8,13:12:30,6.34e4,1822811,13.26,,999,0.000,2058,500,0
2017/4/8,13:12:45,6.29e4,1810193,13.27,,999,0.000,2060,498,0
2017/4/8,13:13:00,6.02e4,1742614,13.33,,999,0.000,2061,494,0
2017/4/8,13:13:15,5.98e4,1731262,13.35,,999,0.000,2059,516,0
2017/4/8,13:13:30,5.77e4,1676617,13.4,,999,0.000,2075,520,0
2017/4/8,13:13:45,5.59e4,1630483,13.44,,999,0.000,2062,538,0
2017/4/8,13:14:00,5.56e4,1623618,13.45,,999,0.000,2081,501,0
2017/4/8,13:14:15,5.47e4,1598276,13.48,,999,0.000,2087,529,0
2017/4/8,13:14:30,5.01e4,1477981,13.59,,999,0.000,2143,506,0
2017/4/8,13:14:45,4.80e4,1420503,13.64,,999,0.000,2188,504,0
2017/4/8,13:15:00,4.88e4,1441576,13.62,,999,0.000,2163,528,0
2017/4/8,13:15:15,4.64e4,1377916,13.69,,999,0.000,2169,526,0
2017/4/8,13:15:30,4.57e4,1357814,13.7,,999,0.000,2193,505,0
2017/4/8,13:15:45,4.42e4,1317208,13.74,,999,0.000,2220,480,0
2017/4/8,13:16:00,4.19e4,1254475,13.8,,999,0.000,2221,487,0
2017/4/8,13:16:15,4.12e4,1236353,13.82,,999,0.000,2203,529,0
2017/4/8,13:16:30,3.98e4,1196885,13.85,,999,0.000,2221,518,0
2017/4/8,13:16:45,3.92e4,1181493,13.87,,999,0.000,2210,523,0
2017/4/8,13:17:00,3.73e4,1126539,13.92,,999,0.000,2257,512,0
2017/4/8,13:17:15,3.73e4,1128210,13.92,,999,0.000,2272,490,0
2017/4/8,13:17:30,3.66e4,1106121,13.94,,999,0.000,2236,520,0
2017/4/8,13:17:45,3.55e4,1076144,13.97,,999,0.000,2269,511,0
2017/4/8,13:18:00,3.28e4,998643,14.04,,999,0.000,2285,512,0
2017/4/8,13:18:15,3.20e4,975839,14.06,,999,0.000,2307,502,0
2017/4/8,13:18:30,3.10e4,948270,14.09,,999,0.000,2297,494,0
2017/4/8,13:18:45,3.00e4,919844,14.11,,999,0.000,2353,488,0
2017/4/8,13:19:00,2.93e4,898559,14.13,,999,0.000,2321,509,0
2017/4/8,13:19:15,2.81e4,865856,14.16,,999,0.000,2320,509,0
2017/4/8,13:19:30,2.80e4,861085,14.17,,999,0.000,2342,520,0
2017/4/8,13:19:45,2.68e4,826386,14.2,,999,0.000,2332,509,0
2017/4/8,13:20:00,2.63e4,812485,14.21,,999,0.000,2353,510,0
2017/4/8,13:20:15,2.53e4,783472,14.24,,999,0.000,2393,478,0
2017/4/8,13:20:30,2.38e4,738749,14.28,,999,0.000,2342,499,0
2017/4/8,13:20:45,2.38e4,738332,14.28,,999,0.000,2340,531,0
2017/4/8,13:21:00,2.35e4,730345,14.29,,999,0.000,2379,504,0
2017/4/8,13:21:15,2.26e4,703370,14.32,,999,0.000,2388,495,0
2017/4/8,13:21:30,2.07e4,646932,14.37,,999,0.000,2448,456,0
2017/4/8,13:21:45,2.06e4,644896,14.37,,999,0.000,2412,476,0
2017/4/8,13:22:00,2.05e4,640276,14.38,,999,0.000,2413,468,0
2017/4/8,13:22:15,2.00e4,625358,14.39,,999,0.000,2414,474,0
2017/4/8,13:22:30,1.90e4,596921,14.42,,999,0.000,2424,479,0
2017/4/8,13:22:45,1.84e4,576982,14.43,,999,0.000,2443,467,0
2017/4/8,13:23:00,1.73e4,543298,14.47,,999,0.000,2429,456,0
2017/4/8,13:23:15,1.69e4,531225,14.48,,999,0.000,2454,479,0
2017/4/8,13:23:30,1.68e4,529938,14.48,,999,0.000,2442,498,0
2017/4/8,13:23:45,1.66e4,523711,14.48,,999,0.000,2478,454,0
2017/4/8,13:24:00,1.52e4,480826,14.53,,999,0.000,2473,462,0
2017/4/8,13:24:15,1.49e4,472491,14.53,,999,0.000,2470,480,0
2017/4/8,13:24:30,1.48e4,468892,14.54,,999,0.000,2459,491,0
2017/4/8,13:24:45,1.48e4,466840,14.54,,999,0.000,2460,476,0
2017/4/8,13:25:00,1.42e4,448501,14.56,,999,0.000,2468,478,0
2017/4/8,13:25:15,1.34e4,424156,14.58,,999,0.000,2475,487,0
2017/4/8,13:25:30,1.32e4,418599,14.59,,999,0.000,2474,468,0
2017/4/8,13:25:45,1.29e4,408750,14.59,,999,0.000,2478,468,0
2017/4/8,13:26:00,1.25e4,396228,14.61,,999,0.000,2479,473,0
2017/4/8,13:26:15,1.24e4,393075,14.61,,999,0.000,2508,440,0
2017/4/8,13:26:30,1.20e4,381208,14.62,,999,0.000,2515,440,0
2017/4/8,13:26:45,1.19e4,378764,14.62,,999,0.000,2486,485,0
2017/4/8,13:27:00,1.18e4,377096,14.62,,999,0.000,2520,465,0
2017/4/8,13:27:15,1.11e4,355699,14.65,,999,0.000,2497,479,0
2017/4/8,13:27:30,1.02e4,324778,14.68,,999,0.000,2501,468,0
2017/4/8,13:27:45,1.03e4,329907,14.67,,999,0.000,2486,485,0
2017/4/8,13:28:00,1.00e4,319232,14.68,,999,0.000,2547,416,0
2017/4/8,13:28:15,9.93e3,316347,14.68,,999,0.000,2492,474,0
2017/4/8,13:28:30,9.39e3,299769,14.7,,999,0.000,2528,443,0
2017/4/8,13:28:45,9.22e3,294420,14.7,,999,0.000,2507,466,0
2017/4/8,13:29:00,9.08e3,289900,14.71,,999,0.000,2540,430,0
2017/4/8,13:29:15,8.97e3,286613,14.71,,999,0.000,2543,449,0
2017/4/8,13:29:30,8.47e3,270998,14.73,,999,0.000,2562,415,0
2017/4/8,13:29:45,8.32e3,266198,14.73,,999,0.000,2542,411,0
2017/4/8,13:30:00,7.97e3,255284,14.74,,999,0.000,2561,432,0
2017/4/8,13:30:15,7.92e3,253614,14.74,,999,0.000,2540,454,0
2017/4/8,13:30:30,7.31e3,234560,14.76,,999,0.000,2534,474,0
2017/4/8,13:30:45,7.29e3,233753,14.76,,999,0.000,2559,419,0
2017/4/8,13:31:00,7.20e3,231032,14.77,,999,0.000,2540,465,0
2017/4/8,13:31:15,6.96e3,223333,14.77,,999,0.000,2537,430,0
2017/4/8,13:31:30,6.59e3,211787,14.79,,999,0.000,2519,479,0
2017/4/8,13:31:45,6.56e3,210640,14.79,,999,0.000,2543,451,0
2017/4/8,13:32:00,6.53e3,209951,14.79,,999,0.000,2552,427,0
2017/4/8,13:32:15,6.10e3,196206,14.8,,999,0.000,2551,468,0
2017/4/8,13:32:30,5.87e3,188781,14.81,,999,0.000,2564,451,0
2017/4/8,13:32:45,5.47e3,176297,14.82,,999,0.000,2589,439,0
2017/4/8,13:33:00,5.72e3,184143,14.81,,999,0.000,2576,440,0
2017/4/8,13:33:15,5.40e3,173882,14.82,,999,0.000,2602,391,0
2017/4/8,13:33:30,5.15e3,166194,14.83,,999,0.000,2568,428,0
2017/4/8,13:33:45,5.13e3,165523,14.83,,999,0.000,2558,445,0
2017/4/8,13:34:00,4.80e3,154884,14.84,,999,0.000,2561,454,0
2017/4/8,13:34:15,4.62e3,149296,14.85,,999,0.000,2570,454,0
2017/4/8,13:34:30,4.67e3,150737,14.85,,999,0.000,2575,430,0
2017/4/8,13:34:45,4.60e3,148607,14.85,,999,0.000,2568,433,0
2017/4/8,13:35:00,4.31e3,139274,14.86,,999,0.000,2578,441,0
2017/4/8,13:35:15,4.38e3,141625,14.85,,999,0.000,2573,434,0
2017/4/8,13:35:30,4.31e3,139306,14.86,,999,0.000,2591,400,0
2017/4/8,13:35:45,4.02e3,130109,14.87,,999,0.000,2574,451,0
2017/4/8,13:36:00,3.96e3,128003,14.87,,999,0.000,2611,400,0
2017/4/8,13:36:15,3.85e3,124395,14.87,,999,0.000,2593,413,0
2017/4/8,13:36:30,3.70e3,119873,14.88,,999,0.000,2593,421,0
2017/4/8,13:36:45,3.67e3,118881,14.88,,999,0.000,2561,468,0
2017/4/8,13:37:00,3.49e3,112966,14.88,,999,0.000,2586,450,0
2017/4/8,13:37:15,3.42e3,110868,14.89,,999,0.000,2597,427,0
2017/4/8,13:37:30,3.22e3,104474,14.89,,999,0.000,2607,411,0
2017/4/8,13:37:45,3.21e3,104149,14.89,,999,0.000,2573,454,0
2017/4/8,13:38:00,3.11e3,101148,14.9,,999,0.000,2565,460,0
2017/4/8,13:38:15,3.04e3,98800,14.9,,999,0.000,2590,428,0
2017/4/8,13:38:30,2.96e3,96222,14.9,,999,0.000,2583,439,0
2017/4/8,13:38:45,2.83e3,92037,14.9,,999,0.000,2593,419,0
2017/4/8,13:39:00,2.84e3,92558,14.9,,999,0.000,2596,430,0
2017/4/8,13:39:15,2.77e3,90078,14.91,,999,0.000,2586,441,0
2017/4/8,13:39:30,2.76e3,89960,14.91,,999,0.000,2593,451,0
2017/4/8,13:39:45,2.55e3,83094,14.91,,999,0.000,2597,437,0
2017/4/8,13:40:00,2.58e3,84027,14.91,,999,0.000,2584,443,0
2017/4/8,13:40:15,2.43e3,79084,14.92,,999,0.000,2603,404,0
2017/4/8,13:40:30,2.42e3,78905,14.92,,999,0.000,2587,416,0
2017/4/8,13:40:45,2.35e3,76617,14.92,,999,0.000,2620,396,0
2017/4/8,13:41:00,2.22e3,72469,14.92,,1000,0.000,2601,427,0
2017/4/8,13:41:15,2.12e3,69014,14.93,,999,0.000,2597,432,0
2017/4/8,13:41:30,2.06e3,67098,14.93,,999,0.000,2558,480,0
2017/4/8,13:41:45,1.97e3,64269,14.93,,999,0.000,2611,406,0
2017/4/8,13:42:00,2.01e3,65500,14.93,,999,0.000,2602,408,0
2017/4/8,13:42:15,2.04e3,66585,14.93,,999,0.000,2580,439,0
2017/4/8,13:42:30,1.97e3,64109,14.93,,999,0.000,2574,452,0
2017/4/8,13:42:45,1.89e3,61673,14.94,,999,0.000,2618,410,0
2017/4/8,13:43:00,1.79e3,58429,14.94,,999,0.000,2576,462,0
2017/4/8,13:43:15,1.76e3,57311,14.94,,999,0.000,2569,462,0
2017/4/8,13:43:30,1.73e3,56371,14.94,,999,0.000,2601,438,0
2017/4/8,13:43:45,1.71e3,55739,14.94,,999,0.000,2603,424,0
2017/4/8,13:44:00,1.64e3,53473,14.94,,999,0.000,2589,463,0
2017/4/8,13:44:15,1.59e3,51939,14.95,,999,0.000,2575,458,0
2017/4/8,13:44:30,1.52e3,49724,14.95,,999,0.000,2601,432,0
2017/4/8,13:44:45,1.55e3,50534,14.95,,999,0.000,2593,439,0
2017/4/8,13:45:00,1.49e3,48496,14.95,,999,0.000,2603,433,0
2017/4/8,13:45:15,1.49e3,48743,14.95,,999,0.000,2579,485,0
2017/4/8,13:45:30,1.42e3,46330,14.95,,999,0.000,2630,401,0
2017/4/8,13:45:45,1.36e3,44390,14.95,,999,0.000,2607,423,0
2017/4/8,13:46:00,1.32e3,42975,14.95,,999,0.000,2622,407,0
2017/4/8,13:46:15,1.27e3,41407,14.96,,999,0.000,2629,391,0
2017/4/8,13:46:30,1.26e3,40951,14.96,,999,0.000,2580,455,0
2017/4/8,13:46:45,1.20e3,39216,14.96,,999,0.000,2597,439,0
2017/4/8,13:47:00,1.14e3,37060,14.96,,999,0.000,2596,445,0
2017/4/8,13:47:15,1.17e3,38083,14.96,,999,0.000,2592,446,0
2017/4/8,13:47:30,1.15e3,37595,14.96,,999,0.000,2612,429,0
2017/4/8,13:47:45,1.12e3,36550,14.96,,999,0.000,2614,427,0
2017/4/8,13:48:00,1.05e3,34208,14.96,,999,0.000,2578,460,0
2017/4/8,13:48:15,1.04e3,33960,14.96,,999,0.000,2631,396,0
2017/4/8,13:48:30,1.00e3,32608,14.97,,999,0.000,2608,449,0
2017/4/8,13:48:45,1.01e3,33110,14.96,,999,0.000,2585,447,0
2017/4/8,13:49:00,998,32456,14.97,,999,0.000,2612,408,0
2017/4/8,13:49:15,969,31516,14.97,,999,0.000,2622,417,0
2017/4/8,13:49:30,943,30650,14.97,,999,0.000,2631,402,0
2017/4/8,13:49:45,919,29885,14.97,,999,0.000,2606,430,0
2017/4/8,13:50:00,923,30012,14.97,,999,0.000,2611,418,0
2017/4/8,13:50:15,896,29148,14.97,,999,0.000,2572,456,0
2017/4/8,13:50:30,824,26795,14.97,,999,0.000,2659,354,0
2017/4/8,13:50:45,834,27125,14.97,,999,0.000,2622,424,0
2017/4/8,13:51:00,816,26544,14.97,,999,0.000,2591,445,0
2017/4/8,13:51:15,807,26241,14.97,,999,0.000,2614,439,0
2017/4/8,13:51:30,789,25672,14.97,,999,0.000,2617,410,0
2017/4/8,13:51:45,762,24781,14.97,,999,0.000,2586,458,0
2017/4/8,13:52:00,758,24654,14.97,,999,0.000,2597,443,0
2017/4/8,13:52:15,744,24186,14.97,,999,0.000,2601,427,0
2017/4/8,13:52:30,739,24032,14.97,,999,0.000,2602,427,0
2017/4/8,13:52:45,728,23692,14.97,,999,0.000,2584,441,0
2017/4/8,13:53:00,700,22764,14.98,,999,0.000,2600,445,0
2017/4/8,13:53:15,694,22564,14.98,,999,0.000,2600,428,0
2017/4/8,13:53:30,668,21737,14.98,,999,0.000,2585,437,0
2017/4/8,13:53:45,671,21813,14.98,,999,0.000,2637,371,0
2017/4/8,13:54:00,653,21236,14.98,,999,0.000,2602,446,0
2017/4/8,13:54:15,631,20520,14.98,,999,0.000,2552,520,0
2017/4/8,13:54:30,607,19756,14.98,,999,0.000,2592,452,0
2017/4/8,13:54:45,613,19936,14.98,,999,0.000,2596,437,0
2017/4/8,13:55:00,582,18933,14.98,,999,0.000,2601,446,0
2017/4/8,13:55:15,585,19016,14.98,,999,0.000,2569,477,0
2017/4/8,13:55:30,556,18094,14.98,,999,0.000,2591,447,0
2017/4/8,13:55:45,550,17902,14.98,,999,0.000,2574,487,0
2017/4/8,13:56:00,539,17532,14.98,,999,0.000,2602,454,0
2017/4/8,13:56:15,543,17672,14.98,,999,0.000,2612,439,0
2017/4/8,13:56:30,541,17612,14.98,,999,0.000,2626,402,0
2017/4/8,13:56:45,527,17131,14.98,,999,0.000,2625,418,0
2017/4/8,13:57:00,499,16249,14.98,,999,0.000,2606,468,0
2017/4/8,13:57:15,488,15866,14.98,,999,0.000,2598,450,0
2017/4/8,13:57:30,476,15489,14.98,,999,0.000,2614,435,0
2017/4/8,13:57:45,471,15316,14.98,,999,0.000,2646,393,0
2017/4/8,13:58:00,468,15221,14.98,,999,0.000,2554,501,0
2017/4/8,13:58:15,458,14892,14.98,,999,0.000,2615,441,0
2017/4/8,13:58:30,463,15065,14.98,,999,0.000,2595,446,0
2017/4/8,13:58:45,442,14371,14.98,,999,0.000,2604,421,0
2017/4/8,13:59:00,430,14000,14.98,,999,0.000,2593,468,0
2017/4/8,13:59:15,434,14109,14.98,,999,0.000,2633,410,0
2017/4/8,13:59:30,411,13384,14.98,,999,0.000,2622,408,0
2017/4/8,13:59:45,394,12832,14.99,,999,0.000,2602,451,0
2017/4/8,14:00:00,402,13074,14.99,,999,0.000,2607,424,0
2017/4/8,14:00:15,395,12863,14.99,,999,0.000,2557,499,0
2017/4/8,14:00:30,384,12498,14.99,,999,0.000,2589,450,0
2017/4/8,14:00:45,383,12471,14.99,,999,0.000,2576,458,0
2017/4/8,14:01:00,381,12389,14.99,,999,0.000,2612,438,0
2017/4/8,14:01:15,358,11648,14.99,,999,0.000,2611,435,0
2017/4/8,14:01:30,331,10773,14.99,,999,0.000,2617,421,0
2017/4/8,14:01:45,338,10988,14.99,,999,0.000,2586,457,0
2017/4/8,14:02:00,339,11041,14.99,,999,0.000,2636,388,0
2017/4/8,14:02:15,331,10777,14.99,,999,0.000,2590,440,0
2017/4/8,14:02:30,326,10596,14.99,,999,0.000,2580,455,0
2017/4/8,14:02:45,328,10679,14.99,,999,0.000,2622,404,0
2017/4/8,14:03:00,325,10588,14.99,,999,0.000,2587,477,0
2017/4/8,14:03:15,309,10050,14.99,,999,0.000,2606,449,0
2017/4/8,14:03:30,309,10060,14.99,,999,0.000,2604,435,0
2017/4/8,14:03:45,300,9771,14.99,,999,0.000,2606,412,0
2017/4/8,14:04:00,303,9859,14.99,,999,0.000,2584,491,0
2017/4/8,14:04:15,290,9448,14.99,,999,0.000,2608,423,0
2017/4/8,14:04:30,280,9101,14.99,,999,0.000,2591,452,0
2017/4/8,14:04:45,272,8852,14.99,,999,0.000,2624,422,0
2017/4/8,14:05:00,276,8994,14.99,,999,0.000,2608,450,0
2017/4/8,14:05:15,276,8977,14.99,,999,0.000,2611,444,0
2017/4/8,14:05:30,269,8749,14.99,,999,0.000,2590,454,0
2017/4/8,14:05:45,265,8635,14.99,,999,0.000,2597,456,0
2017/4/8,14:06:00,256,8349,14.99,,999,0.000,2587,458,0
2017/4/8,14:06:15,252,8217,14.99,,999,0.000,2628,399,0
2017/4/8,14:06:30,253,8244,14.99,,999,0.000,2579,477,0
2017/4/8,14:06:45,262,8515,14.99,,999,0.000,2595,450,0
2017/4/8,14:07:00,244,7939,14.99,,999,0.000,2589,456,0
2017/4/8,14:07:15,247,8042,14.99,,999,0.000,2628,427,0
2017/4/8,14:07:30,232,7568,14.99,,999,0.000,2609,446,0
2017/4/8,14:07:45,235,7665,14.99,,999,0.000,2569,511,0
2017/4/8,14:08:00,239,7768,14.99,,999,0.000,2606,451,0
2017/4/8,14:08:15,236,7679,14.99,,999,0.000,2641,404,0
2017/4/8,14:08:30,233,7575,14.99,,999,0.000,2593,430,0
2017/4/8,14:08:45,225,7343,14.99,,999,0.000,2587,445,0
2017/4/8,14:09:00,208,6764,14.99,,999,0.000,2595,458,0
2017/4/8,14:09:15,211,6872,14.99,,999,0.000,2574,482,0
2017/4/8,14:09:30,204,6655,14.99,,999,0.000,2611,433,0
2017/4/8,14:09:45,208,6784,14.99,,999,0.000,2602,422,0
2017/4/8,14:10:00,214,6964,14.99,,999,0.000,2640,397,0
2017/4/8,14:10:15,215,7011,14.99,,999,0.000,2595,457,0
2017/4/8,14:10:30,209,6819,14.99,,999,0.000,2617,428,0
2017/4/8,14:10:45,201,6559,14.99,,999,0.000,2598,445,0
2017/4/8,14:11:00,198,6461,14.99,,999,0.000,2613,429,0
2017/4/8,14:11:15,207,6749,14.99,,999,0.000,2575,472,0
2017/4/8,14:11:30,199,6499,14.99,,999,0.000,2603,438,0
2017/4/8,14:11:45,204,6655,14.99,,999,0.000,2600,452,0
2017/4/8,14:12:00,198,6444,14.99,,999,0.000,2620,433,0
2017/4/8,14:12:15,195,6351,14.99,,999,0.000,2597,447,0
2017/4/8,14:12:30,185,6025,14.99,,999,0.000,2609,461,0
2017/4/8,14:12:45,188,6117,14.99,,999,0.000,2583,493,0
2017/4/8,14:13:00,182,5916,14.99,,999,0.000,2644,393,0
2017/4/8,14:13:15,178,5815,14.99,,999,0.000,2572,465,0
2017/4/8,14:13:30,176,5728,14.99,,999,0.000,2591,469,0
2017/4/8,14:13:45,170,5534,14.99,,999,0.000,2596,469,0
2017/4/8,14:14:00,174,5667,14.99,,999,0.000,2595,455,0
2017/4/8,14:14:15,164,5345,14.99,,999,0.000,2601,456,0
2017/4/8,14:14:30,159,5185,14.99,,999,0.000,2586,444,0
2017/4/8,14:14:45,157,5128,14.99,,999,0.000,2587,443,0
2017/4/8,14:15:00,157,5103,14.99,,999,0.000,2587,472,0
2017/4/8,14:15:15,160,5210,14.99,,999,0.000,2586,471,0
2017/4/8,14:15:30,158,5165,14.99,,999,0.000,2585,482,0
2017/4/8,14:15:45,161,5261,14.99,,999,0.000,2603,467,0
2017/4/8,14:16:00,153,4995,14.99,,999,0.000,2620,441,0
2017/4/8,14:16:15,154,5025,14.99,,999,0.000,2603,447,0
2017/4/8,14:16:30,155,5054,14.99,,999,0.000,2575,472,0
2017/4/8,14:16:45,156,5101,14.99,,999,0.000,2583,477,0
2017/4/8,14:17:00,149,4857,14.99,,999,0.000,2591,480,0
2017/4/8,14:17:15,151,4916,14.99,,999,0.000,2606,444,0
2017/4/8,14:17:30,146,4748,14.99,,1000,0.000,2595,460,0
2017/4/8,14:17:45,139,4527,14.99,,999,0.000,2620,437,0
2017/4/8,14:18:00,145,4718,14.99,,999,0.000,2609,432,0
2017/4/8,14:18:15,146,4763,14.99,,999,0.000,2593,466,0
2017/4/8,14:18:30,139,4525,14.99,,999,0.000,2614,444,0
2017/4/8,14:18:45,135,4396,14.99,,999,0.000,2606,449,0
2017/4/8,14:19:00,137,4478,14.99,,999,0.000,2584,484,0
2017/4/8,14:19:15,131,4273,14.99,,999,0.000,2583,468,0
2017/4/8,14:19:30,132,4306,14.99,,999,0.000,2609,449,0
2017/4/8,14:19:45,129,4213,14.99,,999,0.000,2609,455,0
2017/4/8,14:20:00,130,4233,14.99,,999,0.000,2573,495,0
2017/4/8,14:20:15,135,4401,14.99,,999,0.000,2595,467,0
