Sample File	D:\OlinCollege\All_data\OlinCollege\IQ Air\Low2.S80
Classifier Model	3080
DMA Model	3085
DMA Inner Radius(cm)	0.00937
DMA Outer Radius(cm)	0.01905
DMA Characteristic Length(cm)	0.04987
CPC Model	3775 Low Flow
Gas Viscosity (kg/(m*s))	1.822e-005
Mean Free Path (m)	6.642e-008
Channels/Decade	64
Multiple Charge Correction	TRUE
Nanoparticle Aggregate Mobility Analysis	FALSE
Diffusion Correction	TRUE
Gas Density	0.0012
Units	dw/dlogDp
Weight	Number
Sample #	1	2	3	4	5	6	7	8	9	10	11	12	13	14	15	16	17	18	19	20	21	22	23	24	25	26	27	28	29	30
Date	04/08/17	04/08/17	04/08/17	04/08/17	04/08/17	04/08/17	04/08/17	04/08/17	04/08/17	04/08/17	04/08/17	04/08/17	04/08/17	04/08/17	04/08/17	04/08/17	04/08/17	04/08/17	04/08/17	04/08/17	04/08/17	04/08/17	04/08/17	04/08/17	04/08/17	04/08/17	04/08/17	04/08/17	04/08/17	04/08/17
Start Time	14:26:39	14:31:43	14:36:43	14:41:43	14:46:43	14:51:43	14:56:43	15:01:43	15:06:43	15:11:43	15:16:43	15:21:43	15:26:43	15:31:43	15:36:43	15:41:43	15:46:43	15:51:43	15:56:43	16:01:43	16:06:43	16:11:43	16:16:43	16:21:43	16:26:43	16:31:43	16:36:43	16:41:43	16:46:43	16:51:43
Diameter Midpoint
7.10	2990.57	5776.94	4750.94	7476.43	13457.6	25419.9	14809.5	13457.6	15217.9	14748.7	22694.4	8971.72	32196.3	22429.3	58112	37443	19438.7	6246.23	7476.43	1495.29	1495.29	2990.57	1495.29	2990.57	0	1495.29	0	0	2990.57	1495.29
7.37	1268.67	3806.02	10190.6	2537.35	7612.04	13955.4	8921.95	12686.7	17536.5	15224.1	11193.2	12686.7	14549.4	28709.2	50010.5	14262.8	12686.7	8655.81	2537.35	5074.69	4072.16	1268.67	5074.69	0	1268.67	0	266.141	0	1268.67	3806.02
7.64	0	7584.9	8441.15	2167.12	17336.9	8668.46	3023.37	8921.74	12172.4	8668.46	14086.3	9752.02	10835.6	42336.7	33642.2	32812	7838.19	4334.23	7584.9	2167.12	3023.37	3250.67	0	1083.56	1083.56	1083.56	4106.92	0	0	0
7.91	2096.66	3729.3	932.325	0	8622.93	10255.6	5593.95	5376.02	10970	6526.27	9555.26	8390.92	8390.92	79758.2	28229.9	21722	19360.9	8390.92	2796.97	932.325	3729.3	0	932.325	2796.97	232.011	1864.65	932.325	0	932.325	932.325
8.20	2222.29	4038.84	2423.3	1013.53	9095.95	7269.9	7269.9	4244.6	2423.3	7475.67	14338.8	7475.67	4038.84	65433.9	34336.7	16963.1	7269.9	5654.37	4038.84	0	1615.53	807.767	807.767	0	1414.52	0	1013.53	0	807.767	807.767
8.51	2115.41	705.135	2820.54	7576.87	5281.85	5641.08	5641.08	8282	5995.08	6871.73	8461.62	8987.14	2115.41	44069.8	23443.8	15338.8	7933.48	4935.95	2115.41	705.135	1410.27	1410.27	0	1410.27	705.135	1410.27	525.517	705.135	0	0
8.82	1236.33	2472.66	1383.03	2001.2	6181.66	7417.99	5563.49	8801.02	5871.32	7417.99	3855.69	5563.49	5710.19	34916.6	21618.9	17608	7409.52	3708.99	1236.33	1383.03	618.166	1236.33	618.166	618.166	618.166	146.701	618.166	1854.5	618.166	618.166
9.14	2176.69	2720.86	1503.37	2591.72	2720.86	3381.07	2176.69	5428.61	5985.89	3809.2	4224.23	5441.71	4224.23	30576.5	14434.3	8693.64	4340.27	5985.89	2176.69	2047.54	1632.51	1088.34	544.171	0	0	959.202	0	544.171	0	0
9.47	1928.87	2411.09	1928.87	1928.87	6751.05	2394.27	3375.52	4237.13	2014.88	5786.61	4822.18	3857.74	6751.05	32929.2	16567.4	8180.88	4805.36	3857.74	1928.87	2893.31	482.218	0	0	482.218	1446.65	964.435	1446.65	482.218	0	0
9.82	428.471	428.471	1713.88	0	2999.3	3351.34	5141.65	5570.12	3779.81	4284.71	3112.64	6427.06	3856.24	22144.8	18384.7	7207.58	5978.84	3427.77	2142.35	1285.41	428.471	856.942	0	0	428.471	1713.88	0	0	0	856.942
 10.2	3450.85	1150.28	3067.42	766.855	5013.11	4246.26	4217.7	1917.14	3067.42	2683.99	7595.68	3067.42	3834.27	24387.2	16031.1	7697.11	4550.41	4217.7	766.855	766.855	1533.71	383.427	0	0	766.855	383.427	0	0	0	1150.28
 10.6	1377.29	2063.61	687.869	2063.61	2725.86	3759.22	1721.23	3783.28	1031.8	3098.52	3071.35	1721.23	4815.08	15824.1	9262.17	7540.94	2409.1	2751.48	0	343.934	343.934	0	687.869	343.934	0	687.869	687.869	343.934	0	343.934
 10.9	1235.52	0	1212.77	1546.15	2164.61	3400.12	2781.67	2164.61	1546.15	3398.72	2781.67	3709.35	4019.98	12936.6	12034.4	6160.45	4637.04	2473.84	1546.15	1236.92	1236.92	0	309.23	618.459	618.459	309.23	0	309.23	309.23	618.459
 11.3	1956.79	559.083	21.8258	1349.11	1677.25	1677.25	4472.67	1628.65	2187.73	1677.25	1628.65	1677.25	3074.96	11359.1	10036.7	3096.78	3074.96	1956.79	1397.71	559.083	1118.17	279.542	0	0	559.083	279.542	279.542	279.542	0	559.083
 11.8	1013.96	1774.42	1267.45	1565	2970.05	2534.89	2534.89	1311.51	2325.47	2027.91	3521.1	1449.11	2534.89	12553.2	8447.24	2534.89	4562.8	2463.07	1520.93	1774.42	0	1013.96	0	0	0	253.489	253.489	0	253.489	253.489
 12.2	1151.68	460.672	460.672	460.672	1907.95	1151.68	1612.35	1842.69	2303.36	1518.59	1814.19	2965.87	2533.7	9256.26	8991.37	4512.96	1979.26	1907.95	230.336	460.672	230.336	460.672	921.345	230.336	366.909	230.336	460.672	0	230.336	0
 12.6	210.33	420.661	1051.65	1261.98	1051.65	1892.97	1778.2	3040.19	2313.64	1978.59	3030.25	1749.05	2944.63	8049.03	7532.81	5018.78	3030.25	1261.98	1051.65	420.661	420.661	305.891	95.56	0	295.95	210.33	630.991	210.33	0	210.33
 13.1	771.068	1156.6	578.301	443.418	1734.9	1850.67	1454.56	2861.81	1734.9	2505.97	1927.67	2909.11	1927.67	9223.12	6804.73	2418.39	1542.14	1542.14	192.767	578.301	0	490.721	297.954	0	0	192.767	192.767	250.651	578.301	385.534
 13.6	706.644	1082.96	353.322	1006.92	1236.63	1506.84	1766.61	2243.55	1082.96	906.294	706.644	1766.61	1082.96	9133.32	5269.77	1459.27	3356.56	883.305	529.983	199.65	0	176.661	529.983	0	176.661	176.661	176.661	300.274	0	529.983
 14.1	485.932	464.854	809.887	485.932	1133.84	1112.76	1934.53	1448.6	2084.63	788.808	809.887	2258.49	1256.35	7756.52	3695.2	2540.28	1934.53	1295.82	647.909	788.808	323.955	485.932	161.977	323.955	323.955	161.977	323.955	161.977	161.977	161.977
 14.6	595.658	407.858	595.658	595.658	1638.06	1340.23	714.142	1348.69	1340.23	1935.89	1935.89	2242.17	1506.05	5895.72	5628.32	3135.66	1568.74	893.488	893.488	446.744	0	297.829	148.915	0	148.915	0	148.915	148.915	148.915	148.915
 15.1	275.245	448.805	963.359	412.868	1447.29	1376.23	1687.41	412.868	825.736	963.359	1100.98	1309.67	1376.23	6131.77	4027	3374.01	2207.28	550.491	412.868	137.623	275.245	137.623	275.245	0	137.623	0	0	0	137.623	0
 15.7	765.818	255.273	510.545	127.636	1210.46	893.454	638.182	1021.09	1566.72	1183.81	1404	1082.82	1786.91	3824.92	3806.71	2486.82	1245.55	255.273	382.909	382.909	255.273	0	127.636	382.909	255.273	127.636	255.273	127.636	127.636	0
 16.3	237.108	474.216	118.554	355.662	948.431	1304.09	1066.99	829.877	1037.65	797.287	355.662	1066.99	829.877	6168.06	4170.17	1896.86	1273.13	711.323	237.108	118.554	118.554	0	118.554	0	118.554	0	0	237.108	118.554	0
 16.8	441.133	110.283	771.983	551.416	2176.12	882.266	992.549	1624.7	1210.08	992.549	661.7	441.133	1102.83	4179.82	3529.06	2205.67	1542.45	441.133	220.567	330.85	330.85	110.283	110.283	0	0	220.567	0	0	110.283	0
 17.5	102.881	411.523	102.881	205.762	850.612	925.927	1028.81	541.97	1072.94	1131.69	925.927	1072.94	925.927	4431.26	3321.71	2572.02	617.285	925.927	720.165	205.762	308.642	0	102.881	102.881	0	102.881	0	0	205.762	0
 18.1	576.644	96.1073	0	384.429	961.073	576.644	961.073	682.713	641.484	1057.18	672.751	1112.06	480.536	3565.93	2779.45	2018.25	864.966	864.966	384.429	298.284	576.644	96.1073	96.1073	0	192.215	0	0	96.1073	96.1073	0
 18.8	270.045	428.032	360.06	540.091	1058.14	540.091	1508.21	710.79	1588.9	540.091	720.121	1058.14	450.075	3839.27	1579.57	1350.23	900.151	540.091	450.075	170.699	90.0151	90.0151	0	90.0151	0	0	0	180.03	0	0
 19.5	285.527	442.749	253.246	253.246	695.995	675.324	527.165	928.57	442.749	623.189	928.57	949.242	792.02	4760.36	2565.56	1012.99	928.57	960.851	253.246	337.662	0	253.246	84.4155	0	84.4155	84.4155	84.4155	0	0	0
 20.2	445.268	0	237.789	317.052	712.14	396.316	1347.47	475.579	475.579	840.356	951.157	634.105	603.794	4107.56	2445.49	1345.02	1030.42	603.794	396.316	634.105	0	79.2631	79.2631	79.2631	79.2631	79.2631	0	79.2631	79.2631	158.526
 20.9	296.395	222.655	372.04	220.755	667.869	1186.95	857.057	929.279	589.272	665.133	888.255	665.064	518.322	4521.03	2444.75	1076.51	589.31	562.035	145.914	0	222.417	74.1576	73.9759	0	147.902	148.713	74.5172	149.034	0	74.0002
 21.7	70.1559	278.166	139.242	139.159	845.454	555.983	373.516	1014.63	694.449	557.857	487.636	693.591	486.638	3745.23	2023.78	1147.78	980.796	588.169	350.185	139.531	70.1759	139.197	0	0	0	140.183	68.9869	70.2179	70.2179	140.417
 22.5	61.8567	369.902	129.709	259.351	776.884	521.902	718.978	486.923	691.571	323.171	719.551	457.879	519.796	3602.77	1556.62	1041.38	841.847	258.437	129.076	63.1507	65.8394	0	65.1935	0	0	0	0	0	65.1771	65.8394
 23.3	182.086	270.298	60.7379	184.414	495.182	493.101	428.63	761.626	576.724	557.369	548.576	738.658	492.176	3255.5	1902.92	1176.11	492.219	307.13	186.453	121.427	61.4243	124.313	61.4593	61.4243	61.4532	0	62.1389	0	61.4223	61.4295
 24.1	56.9734	403.435	290.296	173.268	495.683	461.169	581.078	638.329	404.63	926.194	461.007	375.846	628.262	4209.21	2084.07	746.123	341.858	227.682	347.127	114.574	116.233	0	175.537	58.4958	58.4786	0	0	0	58.4953	57.7282
 25.0	51.4036	51.3627	273.39	163.702	514.792	383.699	490.93	377.003	710.548	489.018	381.296	573.465	492.497	3036.45	1587.49	932.81	828.497	326.945	438.444	163.4	110.195	55.5192	166.558	0	0	0	0	0	54.6985	53.872
 25.9	103.525	205.954	311.411	313.549	519.633	417.781	386.333	358.178	171.061	307.797	465.979	487.517	332.583	2219.86	1549.72	896.251	201.827	262.246	207.673	156.595	0	158.264	105.542	52.7709	104.658	52.7709	52.669	52.7709	0	51.9162
 26.9	146.507	249.284	195.473	193.793	428.66	193.543	75.6657	546.912	681.423	441.508	291.287	423.749	664.993	2119.52	1226.19	984.627	644.077	249.252	148.084	99.2819	48.215	149.868	100.35	100.418	99.6075	100.411	98.6082	50.2415	0	50.2415
 27.9	240.183	92.3059	91.8941	140.339	381.572	282.181	236.37	276.137	465.95	223.921	324.799	232.528	622.901	2614.73	1304.83	415.63	612.351	233.43	234.688	42.7785	138.705	94.8842	45.6996	0	47.4883	46.483	0	0	0	0
 28.9	174.123	180.637	41.7049	176.722	439.674	665.636	258.142	669.92	458.284	442.883	504.657	256.824	263.125	1919.52	1463.53	546.719	667.454	39.717	89.2808	88.5786	43.6102	106.327	44.2426	45.3073	0	0	0	0	0	0
 30.0	126.616	67.8234	41.31	211.517	298.036	402.677	332.024	505.555	519.228	504.911	450.124	422.799	249.493	2709.68	1082.68	816.585	516.387	101.533	235.961	110.315	85.7904	27.1985	40.9391	0	85.6199	24.3168	0	0	0	39.0976
 31.1	0	176.857	77.6604	77.6795	308.498	368.214	548.042	442.92	494.808	240.849	242.854	554.729	315.353	2431.3	1301.08	408.634	638.548	290.828	52.2394	56.3276	0	81.0881	80.9037	0	0	15.9258	81.4768	0	0	0
 32.2	231.942	37.326	113.101	231.754	344.188	272.719	294.72	467.931	469.178	345.949	267.691	163.032	396.432	2009.83	925.462	693.476	388.419	280.532	150.514	155.419	0	37.2237	35.942	0	39.3314	38.2652	118.213	39.3333	38.5731	0
 33.4	223.08	71.7789	71.8521	103.748	104.342	211.649	329.914	372.86	291.998	483.003	554.326	370.621	638.005	1917.81	1223.49	626.147	255.787	185.499	0	146.827	37.6969	0	35.5776	37.6969	35.8602	36.4107	0	0	37.4525	37.4292
 34.6	67.52	281.49	101.236	102.27	283.549	316.824	179.405	235.407	219.492	130.283	322.217	417.054	382.615	1491.39	1016.82	340.055	423.702	289.515	177.736	110.698	35.9774	0	0	0	0	0	0	0	0	34.8286
 35.9	170.927	167.428	169.713	130.674	337.206	201.988	362.909	473.599	459.746	436.636	296.353	203.071	295.29	1293.87	916.142	462.212	167.113	258.106	235.835	130.636	32.9548	0	0	33.7304	69.0457	0	32.446	102.563	34.6564	68.1845
 37.2	68.8523	194.464	189.964	91.4169	289.423	154.951	151.309	422.304	319.381	320.016	325.147	311.755	185.514	1799.45	1218.05	405.447	339.27	58.4803	126.487	64.5113	64.2125	0	0	0	32.2415	0	0	0	0	33.0288
 38.5	147.854	61.1218	187.653	250.25	368.48	236.748	145.884	182.308	45.182	344.089	342.753	275.55	204.856	1317.66	988.766	334.253	299.905	59.568	86.4214	30.1325	62.0619	30.4363	0	0	31.1145	0	64.0395	0	0	0
 40.0	24.3342	86.1722	90.5735	56.1491	422.37	323.114	270.862	260.619	259.7	417.062	219.624	253.494	169.954	1607.07	858.319	346.922	264.48	118.379	88.4727	149.74	118.821	0	56.3779	27.5384	0	30.3752	30.935	0	0	0
 41.4	104.815	21.5523	107.69	133.219	273.605	194.025	163.082	286.153	338.113	288.027	305.924	333.01	247.32	1154.36	850.475	399.382	256.231	135.36	25.8023	58.7414	53.662	28.556	26.8972	1.66064	0	27.3341	0	0	56.4623	0
 42.9	59.7079	24.5294	33.0042	87.4748	317.606	270.573	328.82	270.461	193.341	309.577	202.526	193.225	226.014	1590.29	463.716	260.478	223.319	285.115	139.465	52.8225	0	0	56.0183	0	0	54.5911	57.0505	26.9491	56.3645	113.271
 44.5	73.8794	103.178	104.188	110.013	280.985	258.938	147.434	261.006	176.408	131.723	93.0772	147.633	154.08	915.578	586.591	455.026	297.054	152.071	103.418	23.2854	49.7873	26.6128	26.6778	25.9504	80.6101	0	26.2898	0	0	0
 46.1	124.16	46.3427	130.349	96.6657	264.93	224.861	67.1332	123.345	248.462	229.867	149.255	214.727	142.959	1092.49	678.008	400.502	147.54	69.5459	178.22	20.9781	20.3179	53.7218	79.6777	0	0	26.8609	0	0	24.5942	0
 47.8	48.7905	43.8413	42.4642	195.214	141.786	299.049	195.262	202.374	217.036	99.6044	247.16	167.922	91.9925	988.997	483.008	287.784	139.573	110.996	69.4715	100.382	0	22.0153	50.6996	0	24.9989	24.9241	49.9342	24.7863	0	0
 49.6	99.8386	167.61	166.142	111.193	265.362	191.089	112.48	219.195	143.361	272.083	170.749	251.043	219.868	608.049	658.499	565.351	212.292	158.612	45.5774	73.7311	0	70.3298	0	0	74.4576	22.9746	0	0	22.9874	25.1726
 51.4	45.2406	89.653	15.2694	123.015	38.7914	80.8261	203.243	176.637	243.747	211.218	175.41	288.133	254.022	986.3	373.226	446.409	154.616	135.578	118.54	41.173	21.5667	23.5905	0	0	0	23.4118	47.9374	23.2468	0	24.4711
 53.3	17.4017	111.161	185.157	147.337	136.008	143.695	224.612	222.709	211.692	268.728	129.406	254.265	316.985	883.708	598.425	246.704	337.091	126.974	83.6497	40.4528	45.7051	47.612	21.5968	59.8489	17.2647	0	0	21.6121	0	0
 55.2	112.525	33.7181	83.619	91.4655	254.141	278.953	264.299	68.2561	242.875	59.1367	146.127	167.596	247.5	914.385	579.357	273.41	324.297	119.137	168.346	19.1223	21.5479	22.0837	44.8048	55.3667	18.0805	0	0	20.1985	0	20.6582
 57.3	86.2694	56.8544	12.8892	61.4539	140.259	251.712	45.4393	295.599	309.682	238.938	293.375	267.623	196.268	717.235	414.244	294.726	187.546	27.9942	55.922	42.9961	41.5585	22.0909	45.1506	22.5753	0	0	0	21.2994	21.6935	21.6569
 59.4	83.3445	144.65	61.4023	99.4174	135.042	161.094	204.124	96.0845	103.451	142.237	249.231	194.154	135.039	774.141	599.613	186.312	164.871	73.8714	56.1306	18.7944	108.522	21.8437	44.0105	0	0	22.0053	0	22.0053	44.0105	0
 61.5	57.9554	15.9098	0	73.516	287.651	184.293	148.142	200.821	172.606	53.8729	334.332	181.97	171.141	653.285	513.714	301.94	83.508	46.9868	31.5289	62.1639	0	0	16.2625	16.1555	42.9256	41.1728	0	21.4628	21.4628	20.8208
 63.8	68.0387	98.5636	100.233	72.4741	134.569	206.042	243.014	182.93	183.473	115.016	273.765	171.913	71.6231	628.571	593.029	313.35	66.2968	224.193	77.6473	38.5755	58.5152	19.6059	18.4315	18.2047	17.3104	20.3801	14.2218	18.9228	0	19.4503
 66.1	138.924	55.0397	26.9332	33.5762	191.271	169.227	135.279	149.103	186.719	126.226	65.421	230.507	207.608	717.892	565.781	193.625	100.73	43.5899	78.4299	58.075	60.4313	0	0	18.8661	38.8768	0	15.8291	19.9549	40.4271	78.6344
 68.5	52.2678	95.2819	54.2755	99.505	213.378	164.205	130.16	57.6838	214.787	8.6993	182.928	184.37	145.728	848.413	246.395	212.889	177.049	62.2125	120.054	58.2953	70.0165	0	20.086	39.9569	16.2966	0	3.04635	20.086	0	0
 71.0	2.02107	51.4921	123.237	126.979	142.553	52.6284	92.4917	203.884	80.6185	69.4591	204.153	169.96	67.979	550.375	424.991	219.097	116.531	68.4143	29.9021	0	37.783	76.0418	0	16.4593	0	19.2969	33.5796	0	39.0115	0
 73.7	12.6491	97.8805	54.1927	52.6407	60.8335	125.792	140.498	215.948	54.1054	15.8302	183.147	279.829	49.2825	692.757	380.052	300.608	132.477	90.0865	52.9812	30.6041	31.7992	15.9073	18.1192	0	18.1593	19.1369	18.1505	0	0	0
 76.4	45.1985	42.3644	93.3971	11.842	102.154	152.026	138.837	108.102	141.6	122.657	153.908	304.473	187.215	587.963	413.558	332.137	140.777	94.2958	13.2936	91.4871	17.23	0	0	0	55.6865	0	0	18.4369	0	0
 79.1	52.685	74.2455	3.01357	112.427	198.139	195.941	78.8902	126.452	100.836	137.166	67.7485	124.412	81.9121	657.426	217.885	312.022	164.783	143.242	8.35038	29.2956	12.9608	0	29.4412	17.8885	46.9313	14.0464	0	15.9145	37.3241	18.5892
 82.0	6.96229	56.9491	106.299	63.0263	4.05825	96.2975	115.081	212.163	80.5009	38.0098	149.422	87.1946	171.948	520.4	550.882	255.502	127.758	100.56	40.4549	29.9678	11.2805	13.0001	0	0	31.3539	16.9135	0	25.5108	17.6312	18.3623
 85.1	39.0703	125.969	46.3473	33.0902	186.303	193.346	175.336	104.409	24.8875	81.1917	161.281	31.1728	104.681	538.038	229.12	330.124	140.659	169.496	103.738	6.95452	32.1157	0	0	0	0	0	0	0	0	0
 88.2	27.0097	33.0943	23.1783	85.9483	97.4403	55.9139	136.748	107.059	51.3243	74.3423	69.0606	21.5595	133.726	767.264	303.129	194.616	41.9604	58.9386	47.6951	27.3723	0	0	0	34.4831	0	0	0	0	0	14.9633
 91.4	44.7575	35.0744	44.8647	73.3865	73.3819	94.4381	94.7277	59.7175	175.537	62.1697	71.5995	106.908	138.21	571.316	430.672	262.547	186.745	126.215	79.3496	8.9116	14.5165	35.219	44.1306	32.4843	0	14.8748	14.3811	0	0	0
 94.7	107.243	36.9035	25.3391	65.0499	70.7268	123.931	196.121	25.2988	130.106	63.3494	110.615	82.3972	52.7109	615.016	299.547	254.089	83.3126	10.7813	23.8099	22.74	28.7972	0	6.37972	11.4958	27.7661	0	47.1744	15.452	14.8721	15.452
 98.2	5.4324	35.2607	86.8863	35.9596	54.1614	74.6158	151.354	94.2261	93.5999	102.441	88.1413	80.8388	107.773	488.668	392.239	155.673	129.131	119.753	17.9798	17.5388	0	20.3675	0	8.36128	7.79605	10.1618	0	0	0	14.887
101.8	48.7377	26.3291	23.2634	0	57.2447	90.9449	40.6549	72.576	94.9311	54.3288	44.1927	161.11	75.6634	628.15	349.798	149.853	127.201	40.3837	0	9.38408	64.116	7.29559	0	0	22.2803	0	0	0	14.2729	17.0732
105.5	94.3022	31.4944	71.9445	53.2091	177.113	123.492	115.015	84.7051	250.145	129.7	92.0949	165.705	189.692	528.56	456.942	300.375	119.51	94.3022	48.9622	30.2267	0	13.3023	0	15.9848	13.3023	0	32.0377	0	0	16.9244
109.4	117.459	50.3398	100.68	83.8996	160.618	220.473	136.49	119.793	67.1197	162.868	184.579	59.8549	167.799	577.519	429.097	151.019	162.785	16.7799	16.7799	33.5599	33.5599	16.7799	0	16.7799	0	0	0	0	0	0
113.4	50.1499	0	83.5832	133.733	40.5875	90.7374	234.033	118.994	33.4333	140.887	83.5832	93.002	76.2853	599.247	324.77	150.45	217.316	66.8665	16.7166	0	0	0	0	16.7166	0	0	0	0	0	16.7166
117.6	33.1586	66.3171	99.4757	49.7378	116.055	49.7378	116.055	170.927	129.44	99.4757	89.5891	246.041	106.714	478.151	414.482	116.055	149.214	132.634	33.1586	33.1586	16.5793	0	33.1586	0	33.1586	16.5793	33.1586	0	0	0
121.9	82.6076	66.0861	49.5646	16.5215	181.737	66.0861	66.0861	115.651	102.312	133.648	110.457	158.546	165.215	490.452	446.081	115.651	52.5167	34.5191	33.043	16.5215	33.043	16.5215	16.5215	1.47607	16.5215	0	0	49.5646	0	0
126.3	65.8648	65.8648	98.7972	82.331	98.7972	108.959	115.263	82.331	141.891	80.8599	212.589	148.196	125.425	578.703	191.29	148.196	171.881	80.8599	16.4662	49.3986	16.4662	16.4662	16.4662	31.4613	16.4662	16.4662	0	16.4662	0	0
131.0	49.2396	16.4132	49.2396	98.4792	114.892	268.895	147.719	114.892	71.937	114.892	180.545	229.254	88.3502	504.434	334.548	98.4792	137.59	49.2396	49.2396	32.8264	16.4132	49.2396	0	0	0	0	32.8264	32.8264	32.8264	16.4132
135.8	0	65.4496	49.0872	49.0872	81.8121	114.537	202.449	199.399	163.624	229.074	147.262	118.116	147.262	543.539	313.936	179.987	65.4496	49.0872	32.7248	32.7248	16.3624	0	32.7248	16.3624	16.3624	16.3624	0	16.3624	0	0
140.7	81.9463	69.1948	81.9463	65.557	72.8326	98.3356	125.004	128.059	85.5841	52.8055	180.282	144.448	134.752	554.18	426.703	131.114	138.39	65.557	32.7785	32.7785	3.63776	0	32.7785	0	32.7785	0	32.7785	0	16.3893	0
145.9	16.4184	62.0293	49.2552	98.5103	41.9667	49.2552	114.929	82.0919	111.284	129.143	82.0919	165.624	111.284	446.178	244.072	180.602	141.918	114.929	49.2552	82.0919	45.6109	65.6735	49.2552	49.2552	16.4184	17.859	0	16.4184	0	16.4184
151.2	65.4929	32.7464	65.4929	130.986	147.359	78.2838	130.986	49.1197	163.732	171.504	111.03	211.415	98.2393	550.234	244.162	261.972	158.713	130.986	65.4929	16.3732	32.7464	32.7464	16.3732	12.7909	49.1197	31.3098	0	32.7464	0	0
156.8	65.6249	21.3281	114.844	131.25	82.0311	151.245	164.062	65.6249	164.062	138.429	85.6206	98.4373	98.4373	554.838	283.828	168.984	36.402	65.6249	16.4062	32.8124	0	32.8124	0	8.5114	32.8124	16.4062	16.4062	21.3281	16.4062	0
Scan Up Time(s)	240	240	240	240	240	240	240	240	240	240	240	240	240	240	240	240	240	240	240	240	240	240	240	240	240	240	240	240	240	240
Retrace Time(s)	60	60	60	60	60	60	60	60	60	60	60	60	60	60	60	60	60	60	60	60	60	60	60	60	60	60	60	60	60	60
Down Scan First	FALSE	FALSE	FALSE	FALSE	FALSE	FALSE	FALSE	FALSE	FALSE	FALSE	FALSE	FALSE	FALSE	FALSE	FALSE	FALSE	FALSE	FALSE	FALSE	FALSE	FALSE	FALSE	FALSE	FALSE	FALSE	FALSE	FALSE	FALSE	FALSE	FALSE
Scans Per Sample	1	1	1	1	1	1	1	1	1	1	1	1	1	1	1	1	1	1	1	1	1	1	1	1	1	1	1	1	1	1
Impactor Type(cm)	0.071	0.071	0.071	0.071	0.071	0.071	0.071	0.071	0.071	0.071	0.071	0.071	0.071	0.071	0.071	0.071	0.071	0.071	0.071	0.071	0.071	0.071	0.071	0.071	0.071	0.071	0.071	0.071	0.071	0.071
Sheath Flow(lpm)	3	3	3	3	3	3	3	3	3	3	3	3	3	3	3	3	3	3	3	3	3	3	3	3	3	3	3	3	3	3
Aerosol Flow(lpm)	0.3	0.3	0.3	0.3	0.3	0.3	0.3	0.3	0.3	0.3	0.3	0.3	0.3	0.3	0.3	0.3	0.3	0.3	0.3	0.3	0.3	0.3	0.3	0.3	0.3	0.3	0.3	0.3	0.3	0.3
CPC Inlet Flow(lpm)	0.3	0.3	0.3	0.3	0.3	0.3	0.3	0.3	0.3	0.3	0.3	0.3	0.3	0.3	0.3	0.3	0.3	0.3	0.3	0.3	0.3	0.3	0.3	0.3	0.3	0.3	0.3	0.3	0.3	0.3
CPC Sample Flow(lpm)	0.3	0.3	0.3	0.3	0.3	0.3	0.3	0.3	0.3	0.3	0.3	0.3	0.3	0.3	0.3	0.3	0.3	0.3	0.3	0.3	0.3	0.3	0.3	0.3	0.3	0.3	0.3	0.3	0.3	0.3
Low Voltage	25.5554	25.5554	25.5554	25.5554	25.5554	25.5554	25.5554	25.5554	25.5554	25.5554	25.5554	25.5554	25.5554	25.5554	25.5554	25.5554	25.5554	25.5554	25.5554	25.5554	25.5554	25.5554	25.5554	25.5554	25.5554	25.5554	25.5554	25.5554	25.5554	25.5554
High Voltage	9357.87	9357.87	9357.87	9357.87	9357.87	9357.87	9357.87	9357.87	9357.87	9357.87	9357.87	9357.87	9357.87	9357.87	9357.87	9357.87	9357.87	9357.87	9357.87	9357.87	9357.87	9357.87	9357.87	9357.87	9357.87	9357.87	9357.87	9357.87	9357.87	9357.87
Lower Size(nm)	6.97831	6.97831	6.97831	6.97831	6.97831	6.97831	6.97831	6.97831	6.97831	6.97831	6.97831	6.97831	6.97831	6.97831	6.97831	6.97831	6.97831	6.97831	6.97831	6.97831	6.97831	6.97831	6.97831	6.97831	6.97831	6.97831	6.97831	6.97831	6.97831	6.97831
Upper Size(nm)	159.634	159.634	159.634	159.634	159.634	159.634	159.634	159.634	159.634	159.634	159.634	159.634	159.634	159.634	159.634	159.634	159.634	159.634	159.634	159.634	159.634	159.634	159.634	159.634	159.634	159.634	159.634	159.634	159.634	159.634
Density(g/cc)	1.2	1.2	1.2	1.2	1.2	1.2	1.2	1.2	1.2	1.2	1.2	1.2	1.2	1.2	1.2	1.2	1.2	1.2	1.2	1.2	1.2	1.2	1.2	1.2	1.2	1.2	1.2	1.2	1.2	1.2
Title																														
Status Flag	Normal Scan	Normal Scan	Normal Scan	Normal Scan	Normal Scan	Normal Scan	Normal Scan	Normal Scan	Normal Scan	Normal Scan	Normal Scan	Normal Scan	Normal Scan	Normal Scan	Normal Scan	Normal Scan	Normal Scan	Normal Scan	Normal Scan	Normal Scan	Normal Scan	Normal Scan	Normal Scan	Normal Scan	Normal Scan	Normal Scan	Normal Scan	Normal Scan	Normal Scan	Normal Scan
td(s)	2.93	2.93	2.93	2.93	2.93	2.93	2.93	2.93	2.93	2.93	2.93	2.93	2.93	2.93	2.93	2.93	2.93	2.93	2.93	2.93	2.93	2.93	2.93	2.93	2.93	2.93	2.93	2.93	2.93	2.93
tf(s)	0.783657	0.783657	0.783657	0.783657	0.783657	0.783657	0.783657	0.783657	0.783657	0.783657	0.783657	0.783657	0.783657	0.783657	0.783657	0.783657	0.783657	0.783657	0.783657	0.783657	0.783657	0.783657	0.783657	0.783657	0.783657	0.783657	0.783657	0.783657	0.783657	0.783657
D50(nm)	1284.41	1284.41	1284.41	1284.41	1284.41	1284.41	1284.41	1284.41	1284.41	1284.41	1284.41	1284.41	1284.41	1284.41	1284.41	1284.41	1284.41	1284.41	1284.41	1284.41	1284.41	1284.41	1284.41	1284.41	1284.41	1284.41	1284.41	1284.41	1284.41	1284.41
Median(nm)	10.247	8.6828	8.44467	9.15924	8.77189	8.411	9.45504	8.96357	8.59564	8.77975	8.41155	9.05555	8.63656	9.03049	8.72099	8.56657	8.80172	9.17722	8.57287	9.53621	8.36907	8.657	8.14178	7.9975	9.57328	9.36484	8.62428	10.4258	8.01226	8.71549
Mean(nm)	16.1191	13.7216	13.9945	15.9345	13.6787	13.2687	14.9546	14.056	13.8576	13.6322	13.1638	14.6468	13.0509	13.9124	13.0166	12.7521	13.3766	13.561	13.4395	14.5247	12.7524	13.3544	13.9232	12.9373	15.6982	12.593	12.9449	17.3887	13.0132	12.2709
Geo. Mean(nm)	12.2675	10.6911	10.5781	11.6773	10.8396	10.3965	11.4199	11.0553	10.7609	10.7216	10.3979	11.2378	10.3461	11.0877	10.5036	10.3234	10.7175	10.8554	10.708	11.43	10.2519	10.4967	10.7269	9.87795	11.742	10.4352	10.4611	12.9407	10.2687	10.179
Mode(nm)	10.1815	7.63506	7.36525	8.50526	7.63506	7.10497	7.10497	7.10497	7.36525	7.36525	7.10497	7.36525	7.10497	7.91476	7.10497	7.10497	7.10497	7.36525	7.63506	7.36525	7.36525	7.63506	7.36525	7.10497	9.47464	7.91476	7.63506	8.81683	7.10497	7.36525
Geo. Std. Dev.	1.80992	1.74886	1.78385	1.87419	1.72753	1.73102	1.79687	1.74762	1.76301	1.7287	1.71092	1.78221	1.7084	1.71091	1.67801	1.66676	1.69697	1.68785	1.72199	1.74295	1.67046	1.71094	1.78067	1.73324	1.81801	1.59899	1.65379	1.83055	1.73353	1.62632
Total Concentration(#/cm³)	586.732	806.584	861.403	756.191	1986.47	2081.31	1701.98	1917.51	1969.82	1946.57	2294.75	1972.04	2248.66	10078.2	7245.62	4181.47	2431.66	1423.32	810.64	492.134	437.518	303.416	241.462	195.625	201.591	222.583	211.916	113.699	157.381	223.359
Comment																														
