Sample File,C:\Documents and Settings\bostonair\Desktop\OlinCollege\Holmes (Xi Xi)\High1.S80
Classifier Model,3080
DMA Model,3085
DMA Inner Radius(cm),0.00937
DMA Outer Radius(cm),0.01905
DMA Characteristic Length(cm),0.04987
CPC Model,3775 Low Flow
Gas Viscosity (kg/(m*s)),1.822e-005
Mean Free Path (m),6.642e-008
Channels/Decade,64
Multiple Charge Correction,TRUE
Nanoparticle Aggregate Mobility Analysis,FALSE
Diffusion Correction,TRUE
Gas Density,0.0012
Units,dw/dlogDp
Weight,Number
Sample #,Date,Start Time,Diameter Midpoint,7.10,7.37,7.64,7.91,8.20,8.51,8.82,9.14,9.47,9.82, 10.2, 10.6, 10.9, 11.3, 11.8, 12.2, 12.6, 13.1, 13.6, 14.1, 14.6, 15.1, 15.7, 16.3, 16.8, 17.5, 18.1, 18.8, 19.5, 20.2, 20.9, 21.7, 22.5, 23.3, 24.1, 25.0, 25.9, 26.9, 27.9, 28.9, 30.0, 31.1, 32.2, 33.4, 34.6, 35.9, 37.2, 38.5, 40.0, 41.4, 42.9, 44.5, 46.1, 47.8, 49.6, 51.4, 53.3, 55.2, 57.3, 59.4, 61.5, 63.8, 66.1, 68.5, 71.0, 73.7, 76.4, 79.1, 82.0, 85.1, 88.2, 91.4, 94.7, 98.2,101.8,105.5,109.4,113.4,117.6,121.9,126.3,131.0,135.8,140.7,145.9,151.2,156.8,Scan Up Time(s),Retrace Time(s),Down Scan First,Scans Per Sample,Impactor Type(cm),Sheath Flow(lpm),Aerosol Flow(lpm),CPC Inlet Flow(lpm),CPC Sample Flow(lpm),Low Voltage,High Voltage,Lower Size(nm),Upper Size(nm),Density(g/cc),Title,Status Flag,td(s),tf(s),D50(nm),Median(nm),Mean(nm),Geo. Mean(nm),Mode(nm),Geo. Std. Dev.,Total Conc.(#/cm³),Comment
1,03/22/17,08:27:00,,4485.86,5074.69,2167.12,2796.97,9091.2,5461.46,618.166,1088.34,1050.45,1208.99,1178.84,1694.06,1546.15,1069.57,3774.59,6651.25,716.611,1349.37,4416.53,2267.68,1340.23,2206.46,1817.82,3286.92,1293.85,2908.23,1836,1408.87,1708.98,1980.35,1180.15,1675.75,4831.36,2414.83,1394.28,1876.65,1319.33,1238.02,1301.42,2089.95,1684.57,1529.8,1089.13,852.279,1680.4,1372.24,1921.9,1870.34,1477.4,856.102,1582.44,1443.76,1354.74,3850.35,1059.65,959.375,1130.78,1087.02,1167.5,1232.22,798.695,625.937,904.361,690.259,565.959,994.999,655.392,426.37,612.352,557.327,805.909,579.755,480.769,635.538,604.832,930.327,793.408,1084.03,1350.16,1192.5,840.691,882.468,1181.14,860.1,762.172,773.731,791.704,240,60,FALSE,1,0.071,3,0.3,0.3,0.3,25.5554,9357.87,6.97831,159.634,1.2,,Normal Scan,2.93,0.783657,1284.41,19.0617,33.1093,22.0892,8.2047,2.36497,2303.13,
2,03/22/17,08:32:04,,0,0,1083.56,932.325,807.767,0,1854.5,2720.86,964.435,2570.83,383.427,687.869,7039.85,5887.25,3592.92,5664.64,8709.17,17349,11352.3,9505.31,14485.4,5612.72,4352.35,6867.58,8591.15,12617.9,13459.6,8023.33,6838.47,6752.32,18502.1,7090.95,5352.02,4934.13,4355.12,4615.89,3874.56,3115.69,2366.59,2412.89,2450.93,2484.31,2394.31,1878.66,1611.68,1599.25,1462.75,1760.85,1609.45,1589.14,1604.21,1861.32,1643.93,1685.26,1047.07,1206.69,1001.96,1281.58,1241.17,834.832,1113.15,911.486,834.904,742.179,849.692,638.917,675.843,723.055,759.469,602.53,829.95,798.171,632.009,661.19,652.497,1143.38,1088.1,943.142,869.361,992.767,944.816,943.48,778.977,1090.71,972.645,785.794,573.502,240,60,FALSE,1,0.071,3,0.3,0.3,0.3,25.5554,9357.87,6.97831,159.634,1.2,,Normal Scan,2.93,0.783657,1284.41,18.097,26.6163,20.8824,20.908,1.83496,4377,
3,03/22/17,08:37:04,,1.72496e+006,1.69737e+006,1.0194e+006,601626,849457,599321,781541,1.43604e+006,1.43795e+006,1.41466e+006,1.12164e+006,905207,1.09842e+006,1.15438e+006,809251,872757,749400,560219,314663,428163,444250,332679,229387,149225,117639,82702.8,67986.2,49315.3,32701.8,69731.5,63835.9,60350.9,51864.5,45788.2,33514.6,26642.3,23221.6,17332.8,16643.5,11907.7,12513.9,8468.73,8129.76,5588.49,4217.02,3613.66,2423.58,2390.19,2117.48,2335.02,2075.63,1645.83,1709.21,1780.91,1426.35,1522.53,1451.89,1114.03,1169.91,1355.87,1356.6,903.515,1010.27,826.654,531.482,700.685,568.845,716.719,575.196,817.713,552.045,509.642,776.732,991.458,770.121,1005.54,910.7,1129.29,889.984,1179.16,643.097,980.682,991.16,715.6,872.293,916.78,634.205,240,60,FALSE,1,0.071,3,0.3,0.3,0.3,25.5554,9357.87,6.97831,159.634,1.2,,Normal Scan,2.93,0.783657,1284.41,9.81024,10.579,10.1079,7.10497,1.31622,337386,
4,03/22/17,08:42:04,,2.2782e+006,2.46841e+006,2.54323e+006,2.4208e+006,2.24614e+006,2.24943e+006,2.34474e+006,2.46284e+006,2.22555e+006,1.992e+006,1.88701e+006,1.76212e+006,1.52814e+006,1.35998e+006,1.34348e+006,1.24229e+006,1.14773e+006,1.01e+006,926890,808942,697758,578192,531197,447032,390339,304590,254339,211197,180488,141404,110979,96529.1,70362.6,58070.1,44362.1,37244.6,27966.4,20507.1,16252.4,11358.9,8386.2,5431.93,5346.44,3804.42,3210.39,3211.98,2219.52,2023.29,1728.31,1832.71,1535.64,1782.98,1451.03,1462.72,1476.86,1366.61,1305.92,1008.92,1142.82,1139.95,908.249,696.734,706.323,542.521,586.986,644.637,666.441,581.122,642.107,635.078,590.865,859.406,481.34,633.402,879.64,803.646,1258.31,818.541,1133.38,934.523,1190.34,845.266,870.787,840.073,835.812,887.616,799.599,240,60,FALSE,1,0.071,3,0.3,0.3,0.3,25.5554,9357.87,6.97831,159.634,1.2,,Normal Scan,2.93,0.783657,1284.41,9.50046,10.453,10.0242,7.63506,1.30989,633598,
5,03/22/17,08:47:04,,1.24764e+006,1.55635e+006,1.57328e+006,1.62162e+006,1.48839e+006,1.50287e+006,1.52356e+006,1.5499e+006,1.58137e+006,1.53685e+006,1.55261e+006,1.43492e+006,1.37037e+006,1.30499e+006,1.26044e+006,1.15342e+006,1.10541e+006,1.00262e+006,942054,846266,792500,711050,625333,531563,452445,384920,317490,273391,225158,172950,145266,116635,87243.2,70627.5,54644.6,44290.4,36037.4,24943.5,20553.6,13698.7,10658.8,7400.13,6034.31,4773.8,4041.87,3592.74,2220.69,1489.29,1783.05,1666.7,1881.63,1694.14,1340.02,1284.73,1424.18,1055.19,1158.45,1117.63,1143.21,1092.75,917.142,907.543,981.744,905.673,683.69,528.741,706.733,699.703,637.162,750.408,675.795,621.133,566.925,794.557,685.425,874.981,944.344,878.397,1003.39,972.759,706.575,902.195,661.126,1112,785.879,482.595,569.912,240,60,FALSE,1,0.071,3,0.3,0.3,0.3,25.5554,9357.87,6.97831,159.634,1.2,,Normal Scan,2.93,0.783657,1284.41,10.234,11.1817,10.6682,7.91476,1.33553,505211,
6,03/22/17,08:52:04,,804702,1.00408e+006,894268,887134,945680,1.01936e+006,1.00313e+006,963796,975512,957969,924148,966977,941570,947580,932609,860180,849537,815219,784559,741199,675422,617349,547534,486880,431145,381421,332721,279442,239827,211145,152972,127012,101625,80036.1,65380,49345.2,38210.9,32693,22108.5,14270.6,10903.7,9458.68,6698.57,5219.81,4278.14,2902.77,2069.55,2175.21,1702.97,1191.12,1690.97,1684.93,1346.92,1453.35,1262.44,1194.45,1153.68,913.206,894.795,1179.62,1031.87,1028.13,1046.47,800.546,768.095,699.979,288.995,596.437,478.32,434.916,536.496,500.668,652.908,481.858,673.971,918.285,1049.61,1007.74,852.236,819.407,827.167,651.622,942.866,941.412,940.17,814.351,813.748,240,60,FALSE,1,0.071,3,0.3,0.3,0.3,25.5554,9357.87,6.97831,159.634,1.2,,Normal Scan,2.93,0.783657,1284.41,10.8507,11.8281,11.2089,8.50526,1.36389,362277,
7,03/22/17,08:57:04,,746290,809993,743594,719653,709337,669644,699407,690919,715838,724451,739481,728993,719427,735697,728106,679000,651465,661051,650283,614162,560152,500328,523690,466926,404922,372861,335516,299821,255526,221011,177867,150899,117265,93025.9,72868.5,58440.1,42609.3,33404.4,24619.2,19113.1,14523.4,9793.66,8071.06,5177.62,2916.6,3096.68,2161.46,2100.62,1696.72,1454.75,1884.37,1120.04,1402.59,1575.33,987.62,1129.24,1212.13,1316.2,858.788,704.247,794.535,765.171,786.637,680.435,712.766,648.668,511.024,653.492,619.553,704.558,518.25,575.875,516.942,639.354,574.332,588.681,867.625,1095.86,830.359,592.764,802.925,986.701,860.525,801.184,771.579,604.252,557.096,240,60,FALSE,1,0.071,3,0.3,0.3,0.3,25.5554,9357.87,6.97831,159.634,1.2,,Normal Scan,2.93,0.783657,1284.41,11.1737,12.226,11.5159,7.36525,1.38968,296092,
8,03/22/17,09:02:04,,565000,574733,570594,556342,531402,530748,521762,486820,525012,516535,537890,530166,528294,551453,548353,529501,525750,524491,542679,499587,458983,438746,412118,404537,355924,339327,307762,278385,247963,220676,177184,147701,126170,104733,79948.6,64368.4,48341.1,37552.7,29652.5,20856.8,13649.2,10715.6,8632.77,5218.29,3535.7,3133.92,2235.82,1823.86,1493.89,1142.62,1304.04,1133.74,1599.74,1459.66,1162.46,1203.67,1159.5,940.283,986.384,627.161,780.065,394.546,680.322,594.488,466.059,755.111,710.576,926.122,628.692,781.268,799.492,921.048,1206.28,868.527,1234.15,1224.27,1296.81,1002.57,1162.49,1425.51,1276.59,1121.59,1210.5,1099.19,659.617,877.698,758.275,240,60,FALSE,1,0.071,3,0.3,0.3,0.3,25.5554,9357.87,6.97831,159.634,1.2,,Normal Scan,2.93,0.783657,1284.41,11.5622,12.6997,11.8704,7.36525,1.41459,235720,
9,03/22/17,09:07:04,,314466,338003,326812,305479,290865,298756,307869,288049,283978,268082,311249,298423,298072,303910,312560,306447,297739,313411,298734,281649,268869,272165,248816,243671,228402,212271,202052,178438,168371,144941,114354,105108,84410.8,68495,55462.2,45073.8,34410.4,29295.5,21698.1,18514.9,13033.1,8809.41,6720.76,5086.91,4334.28,3669.12,3043.17,2454.34,3098.09,2318.28,2902.08,1878.63,1854.24,1981.87,1990.62,2033.71,1837.18,1519.37,1390.5,1263.84,1626.15,1520.09,1198.64,1085.02,1089.14,978.396,947.392,936.125,973.384,900.721,804.318,559.924,785.706,737.782,688.094,823.733,1179.26,802.111,883.291,772.794,846.996,793.056,694.38,771.46,749.398,833.598,574.218,240,60,FALSE,1,0.071,3,0.3,0.3,0.3,25.5554,9357.87,6.97831,159.634,1.2,,Normal Scan,2.93,0.783657,1284.41,11.832,13.1393,12.1637,7.36525,1.4431,138830,
10,03/22/17,09:12:04,,165338,166627,128567,137558,132719,113855,135423,119940,122055,134847,129079,123516,138786,139797,124661,126651,144878,140422,131059,131629,131416,121051,113935,120729,108939,103454,90184.9,89917.3,77978.8,72573.8,62600.8,53437,45312,39154.9,31990.1,26270.2,19996.8,14984.6,11428.5,9191.36,6797.92,6054.73,4402.33,2828.29,2214.43,2167.77,1914.33,1411.06,1278.05,1087.33,1448.18,854.404,1071.94,1028.98,1140.54,945.118,1275.06,851.068,1058.1,699.762,704.372,686.522,580.005,526.007,582.537,524.721,590.741,634.835,468.822,502.612,652.053,381.613,534.177,390.094,662.474,490.953,690.394,568.078,468.809,541.493,692.495,553.673,464.777,427.286,586.655,439.204,588.983,240,60,FALSE,1,0.071,3,0.3,0.3,0.3,25.5554,9357.87,6.97831,159.634,1.2,,Normal Scan,2.93,0.783657,1284.41,12.0799,13.4901,12.3843,7.36525,1.46664,63865.9,
11,03/22/17,09:17:04,,67348.8,81502.5,67485.8,75560.6,64224.1,46713.3,44312.9,52799.1,52062.7,50281.4,51290.6,46680.4,56152.1,49114.1,61782.6,58618,60541.2,57491.3,55395.2,57785.4,49023.6,50379.3,47551.3,49259,46017.8,46434.6,42586,40177,32094.3,30536.2,25732.9,23816.4,19179.8,18241,14990.9,12998.9,9522.7,7970.63,4625.92,4178.42,3634.02,2772.87,2114.84,2195.23,1639.36,1216.87,967.045,1135.59,579.736,1074.61,485.211,522.921,489.229,766.561,523.003,357.717,568.835,688.167,459.915,592.67,516.97,352.329,410.113,328.31,302.613,376.964,367.262,254.303,201.45,288.11,298.908,421.772,390.029,303.214,248.476,285.965,385.938,410.618,368.788,416.221,376.275,363.53,382.436,338.064,331.249,297.471,322.487,240,60,FALSE,1,0.071,3,0.3,0.3,0.3,25.5554,9357.87,6.97831,159.634,1.2,,Normal Scan,2.93,0.783657,1284.41,12.0849,13.7049,12.4253,7.36525,1.49658,27571.6,
12,03/22/17,09:22:04,,31401,27910.8,27848.8,31977.6,22823.2,21679.6,25344.8,19938.3,25731.3,16767,17615.5,17519.7,20617.6,19132.7,18982.8,24864.3,19529.8,28064,22810.2,20288,23102.3,19355,16442.8,21664,17574.1,16369.3,17420,18200.3,14041.1,13361.3,12498.7,11854.1,10016.4,7871.25,7732.09,6933.71,4828.92,3889.59,3094.19,2064.57,1529.27,1658.76,1011.1,668.992,612.733,915.334,488.934,937.544,344.751,388.416,486.416,545.268,506.374,270.532,655.03,350.81,272.33,216.763,344.547,249.638,291.075,240.246,249.814,245.183,123.757,149.505,337.591,176.984,344.001,235.403,239.506,174.74,198.038,203.654,138.049,310.53,268.479,250.75,198.951,462.603,181.128,147.719,179.987,213.06,182.043,318.863,253.272,240,60,FALSE,1,0.071,3,0.3,0.3,0.3,25.5554,9357.87,6.97831,159.634,1.2,,Normal Scan,2.93,0.783657,1284.41,12.3022,14.3368,12.7226,7.91476,1.5469,11373.9,
13,03/22/17,09:27:04,,8971.72,5074.69,12172.4,10269.7,12121.3,9518.13,12337.9,11584.3,7233.26,8140.95,6546.82,7198.56,9251.34,8541.82,7158.08,6975.35,8719.11,9994.19,7366.71,8242.45,7494.9,6997.95,7592.37,8707.81,7469.71,6905.97,6598.75,7246.41,3660.42,5357.13,6331.05,4427.62,4612.38,3830.16,3148.53,2865.85,2567.84,1580.9,1481.03,1010.75,1075.42,664.482,500.52,329.454,284.234,513.202,258.002,410.192,458.04,78.2263,275.168,246.873,297.307,208.268,104.628,92.4682,153.861,99.658,49.7109,133.775,129.295,159.5,68.291,146.066,101.125,121.033,66.7625,47.9714,116.082,172.127,114.228,136.15,182.019,52.5771,82.3803,176.57,33.5599,293.602,156.451,198.258,164.662,147.719,169.724,148.669,109.081,211.415,86.9529,240,60,FALSE,1,0.071,3,0.3,0.3,0.3,25.5554,9357.87,6.97831,159.634,1.2,,Normal Scan,2.93,0.783657,1284.41,12.4359,14.9981,13.0649,8.81683,1.58179,4486.44,
14,03/22/17,09:32:04,,7741.51,4849.79,7584.9,5593.95,5654.37,4935.95,8182.85,5428.61,7216.45,4693.43,2249.85,2407.54,4305.07,3376.33,5758.43,4117.55,2609.59,3913.22,3503.16,4190.33,4169.61,3578.19,2587.81,3764.39,2805.23,2832.91,2691,2340.39,2194.8,2457.16,2345.49,1572.16,2166.71,2108.36,1452.78,1605.95,915.052,629.378,708.46,648.089,476.836,216.708,344.48,256.767,461.009,168.916,113.783,121.065,119.179,82.804,187.131,99.5773,262.032,121.537,191.007,146.034,246.147,108.34,73.5318,29.175,162.83,156.586,64.9945,65.0928,85.3947,95.7681,18.1989,122.212,13.3637,170.776,64.8766,71.4221,45.7726,105.455,77.8396,41.3216,76.7183,157.604,99.4757,132.172,131.73,81.8006,196.614,98.3356,147.765,78.2838,85.6206,240,60,FALSE,1,0.071,3,0.3,0.3,0.3,25.5554,9357.87,6.97831,159.634,1.2,,Normal Scan,2.93,0.783657,1284.41,11.5448,14.9792,12.6008,8.81683,1.64627,2318.14,
15,03/22/17,09:37:04,,1495.29,5074.69,1083.56,1864.65,807.767,705.135,618.166,1088.34,964.435,0,1178.84,1694.06,618.459,4193.12,1520.93,1842.69,1261.98,1156.6,2119.93,1448.6,1050.86,2339.59,510.545,829.877,1213.12,1337.45,768.858,720.121,1266.23,1345.02,1308.62,1152.48,656.335,800.828,818.322,387.828,651.102,376.345,423.113,400.783,169.321,118.91,117.455,370.508,38.0468,58.0958,89.3407,186.021,118.148,220.916,60.5097,128.138,0,136.623,70.5586,62.7883,184.651,106.184,36.1129,146.068,38.7595,75.255,157.722,88.8006,106.741,122.362,58.0031,35.343,93.3528,48.0963,52.7059,16.1648,64.4699,22.7552,68.5642,158.378,43.1585,74.0208,165.793,132.172,125.425,137.324,65.7142,81.9463,82.0919,0,98.4373,240,60,FALSE,1,0.071,3,0.3,0.3,0.3,25.5554,9357.87,6.97831,159.634,1.2,,Normal Scan,2.93,0.783657,1284.41,13.2129,18.6564,14.5916,7.36525,1.81874,839.478,
16,03/22/17,09:42:04,,0,0,2167.12,0,807.767,0,618.166,544.171,2411.09,1285.41,1533.71,343.934,927.689,838.625,1013.96,1151.68,1147.21,297.954,1059.97,647.909,1191.32,346.307,955.186,829.877,1323.4,308.642,961.073,698.078,611.58,554.842,818.098,978.715,326.569,304.98,461.661,440.215,205.129,243.889,562.445,440.649,120.345,283.042,147.18,296.937,294.999,157.382,215.197,242.819,206.394,366.184,235.991,100.352,259.017,83.743,106.988,136.237,314.409,133.641,87.9833,219.373,287.801,176.775,45.2794,156.535,217.081,115.048,149.665,113.948,230.416,141.802,152.219,52.1716,74.4987,213.272,82.2746,241.963,162.952,157.46,123.293,132.172,191.29,170.416,101.225,160.837,165.624,109.594,151.245,240,60,FALSE,1,0.071,3,0.3,0.3,0.3,25.5554,9357.87,6.97831,159.634,1.2,,Normal Scan,2.93,0.783657,1284.41,15.631,26.8103,18.8354,9.47464,2.11752,585.064,
17,03/22/17,09:47:04,,0,1268.67,0,0,0,705.135,0,1088.34,482.218,56.6729,332.712,687.869,309.23,0,0,460.672,420.661,192.767,575.961,605.752,148.915,137.623,510.545,237.108,220.567,514.404,288.322,90.0151,675.324,475.579,666.779,355.135,583.252,555.91,289.438,384.946,254.591,98.7689,140.7,179.046,293.102,228.826,119.494,179.767,141.676,141.002,354.503,56.4499,53.3002,48.2947,191.429,267.079,123.001,192.782,61.9523,47.4864,104.041,109.646,97.1016,138.622,127.777,86.8694,129.779,89.3846,185.503,54.389,62.6767,80.3415,23.9741,154.599,77.5603,0,119.055,44.3471,80.4021,65.5941,172.3,133.733,122.748,257.675,98.7972,131.306,81.8121,118.363,160.54,130.986,131.25,240,60,FALSE,1,0.071,3,0.3,0.3,0.3,25.5554,9357.87,6.97831,159.634,1.2,,Normal Scan,2.93,0.783657,1284.41,19.7329,32.5553,22.1674,7.36525,2.26246,310.39,
18,03/22/17,09:52:04,,0,0,0,0,0,0,618.166,0,0,0,1150.28,343.934,309.23,0,0,460.672,0,192.767,353.322,0,148.915,0,0,0,661.7,147.016,439.307,180.03,84.4155,475.579,446.782,209.524,262.029,309.451,233.26,51.4475,51.8675,348.844,185.261,241.223,24.285,74.0002,75.838,68.4156,32.7138,170.713,29.4598,88.6336,149.24,57.9279,53.4433,217.695,49.1875,149.626,68.0497,41.6406,41.965,104.037,102.507,4.36961,43.3103,50.5347,27.7865,66.0571,41.8888,87.7375,36.8186,48.648,110.615,51.3054,144.519,126.256,57.2719,77.4798,201.02,62.2644,33.5599,76.2853,139.872,82.6076,76.0265,137.324,114.801,16.3893,82.0919,98.2393,49.2186,240,60,FALSE,1,0.071,3,0.3,0.3,0.3,25.5554,9357.87,6.97831,159.634,1.2,,Normal Scan,2.93,0.783657,1284.41,20.9748,36.5936,25.3306,10.1815,2.24972,182.011,
19,03/22/17,09:57:04,,0,0,0,932.325,0,0,0,0,482.218,0,0,0,0,0,0,230.336,210.33,0,176.661,161.977,148.915,0,0,592.769,411.584,27.5657,288.322,180.03,253.246,158.526,147.366,279.574,196.894,248.014,58.4629,108.578,0,0,0,0,126.148,81.8105,34.6405,31.7175,0,101.281,62.9761,59.0868,57.6657,71.5615,84.9338,0,92.1171,143.042,0,43.2173,44.9291,90.5338,19.4223,125.605,101.586,101.95,39.9599,192.515,31.9294,44.0694,49.4766,0,25.8002,19.7558,52.1903,29.6049,12.6307,3.70823,51.2197,135.395,50.3398,16.7166,33.1586,115.651,164.662,65.6528,98.1745,69.1948,94.8661,0,0,240,60,FALSE,1,0.071,3,0.3,0.3,0.3,25.5554,9357.87,6.97831,159.634,1.2,,Normal Scan,2.93,0.783657,1284.41,19.7741,36.5242,24.7731,7.91476,2.32491,127.572,
20,03/22/17,10:02:04,,0,1268.67,0,0,0,705.135,0,0,0,0,0,0,618.459,0,253.489,0,0,578.301,176.661,152.781,157.369,0,0,118.554,441.133,102.881,0,360.06,253.246,237.789,149.034,139.875,65.1841,186.473,57.0057,54.8281,104.74,49.2577,140.481,42.5936,0,37.1117,37.3983,0,69.2465,27.9726,29.112,30.1925,56.9289,82.0827,20.682,103.226,38.5546,70.9523,39.8199,116.683,84.2517,12.1338,56.3996,79.0846,97.1887,81.2492,78.243,110.762,120.145,65.0203,31.2178,123.664,54.2323,91.364,44.1913,69.836,159.031,108.535,62.1335,94.3022,160.618,152.427,161.041,143.5,163.191,81.8006,163.889,85.5841,160.54,130.986,65.6249,240,60,FALSE,1,0.071,3,0.3,0.3,0.3,25.5554,9357.87,6.97831,159.634,1.2,,Normal Scan,2.93,0.783657,1284.41,19.6644,42.9364,26.0839,7.36525,2.70086,160.409,
21,03/22/17,10:07:04,,0,0,0,932.325,0,705.135,618.166,544.171,482.218,856.942,0,1031.8,309.23,559.083,0,691.009,0,192.767,353.322,323.955,297.829,137.623,510.545,948.431,110.283,308.642,384.429,450.075,168.831,158.526,263.157,167.721,324.369,304.288,524.42,104.949,683.38,95.1552,229.81,264.757,162.708,231.949,276.386,331.193,95.5363,267.706,79.5367,169.914,231.896,195.14,242.523,180.337,138.518,149.47,268.147,107.89,295.381,347.119,223.107,157.095,153.677,233.929,131.374,241.249,194.79,102.83,132.116,137.063,157.533,183.94,98.0378,117.273,103.017,54.7166,239.315,88.869,302.039,159.869,239.348,181.737,98.7972,245.933,245.701,180.282,213.439,245.598,114.844,240,60,FALSE,1,0.071,3,0.3,0.3,0.3,25.5554,9357.87,6.97831,159.634,1.2,,Normal Scan,2.93,0.783657,1284.41,21.5449,38.155,25.2802,10.5545,2.41118,356.035,
22,03/22/17,10:12:04,,0,0,0,932.325,0,0,0,544.171,0,0,0,343.934,309.23,279.542,506.978,0,420.661,578.301,353.322,0,297.829,275.245,255.273,592.769,330.85,102.881,480.536,338.017,221.784,445.268,146.293,73.5622,189.763,68.2402,458.195,274.395,97.9289,93.9192,324.709,219.482,207.336,278.024,28.3348,68.1532,132.763,123.469,281.061,213.67,233.997,199.702,187.834,235.546,256.276,118.521,215.008,214.353,340.792,170.656,185.99,70.6061,155.054,148.456,140.702,98.6315,107.525,94.5932,95.8943,73.7848,129.513,113.602,114.749,119.254,97.9861,132.309,114.732,145.158,177.314,150.45,99.4757,84.0837,130.258,114.627,101.489,131.697,129.143,129.549,131.25,240,60,FALSE,1,0.071,3,0.3,0.3,0.3,25.5554,9357.87,6.97831,159.634,1.2,,Normal Scan,2.93,0.783657,1284.41,24.1018,39.2718,27.512,7.91476,2.28077,259.043,
Sample File	D:\OlinCollege\All_data\OlinCollege\Holmes (Xi Xi)\High1.S80
Classifier Model	3080
DMA Model	3085
DMA Inner Radius(cm)	0.00937
DMA Outer Radius(cm)	0.01905
DMA Characteristic Length(cm)	0.04987
CPC Model	3775 Low Flow
Gas Viscosity (kg/(m*s))	1.822e-005
Mean Free Path (m)	6.642e-008
Channels/Decade	64
Multiple Charge Correction	TRUE
Nanoparticle Aggregate Mobility Analysis	FALSE
Diffusion Correction	TRUE
Gas Density	0.0012
Units	dw/dlogDp
Weight	Number
Sample #	1	2	3	4	5	6	7	8	9	10	11	12	13	14	15	16	17	18	19	20	21	22
Date	03/22/17	03/22/17	03/22/17	03/22/17	03/22/17	03/22/17	03/22/17	03/22/17	03/22/17	03/22/17	03/22/17	03/22/17	03/22/17	03/22/17	03/22/17	03/22/17	03/22/17	03/22/17	03/22/17	03/22/17	03/22/17	03/22/17
Start Time	08:27:00	08:32:04	08:37:04	08:42:04	08:47:04	08:52:04	08:57:04	09:02:04	09:07:04	09:12:04	09:17:04	09:22:04	09:27:04	09:32:04	09:37:04	09:42:04	09:47:04	09:52:04	09:57:04	10:02:04	10:07:04	10:12:04
Diameter Midpoint
7.10	4485.86	0	1.72496e+006	2.2782e+006	1.24764e+006	804702	746290	565000	314466	165338	67348.8	31401	8971.72	7741.51	1495.29	0	0	0	0	0	0	0
7.37	5074.69	0	1.69737e+006	2.46841e+006	1.55635e+006	1.00408e+006	809993	574733	338003	166627	81502.5	27910.8	5074.69	4849.79	5074.69	0	1268.67	0	0	1268.67	0	0
7.64	2167.12	1083.56	1.0194e+006	2.54323e+006	1.57328e+006	894268	743594	570594	326812	128567	67485.8	27848.8	12172.4	7584.9	1083.56	2167.12	0	0	0	0	0	0
7.91	2796.97	932.325	601626	2.4208e+006	1.62162e+006	887134	719653	556342	305479	137558	75560.6	31977.6	10269.7	5593.95	1864.65	0	0	0	932.325	0	932.325	932.325
8.20	9091.2	807.767	849457	2.24614e+006	1.48839e+006	945680	709337	531402	290865	132719	64224.1	22823.2	12121.3	5654.37	807.767	807.767	0	0	0	0	0	0
8.51	5461.46	0	599321	2.24943e+006	1.50287e+006	1.01936e+006	669644	530748	298756	113855	46713.3	21679.6	9518.13	4935.95	705.135	0	705.135	0	0	705.135	705.135	0
8.82	618.166	1854.5	781541	2.34474e+006	1.52356e+006	1.00313e+006	699407	521762	307869	135423	44312.9	25344.8	12337.9	8182.85	618.166	618.166	0	618.166	0	0	618.166	0
9.14	1088.34	2720.86	1.43604e+006	2.46284e+006	1.5499e+006	963796	690919	486820	288049	119940	52799.1	19938.3	11584.3	5428.61	1088.34	544.171	1088.34	0	0	0	544.171	544.171
9.47	1050.45	964.435	1.43795e+006	2.22555e+006	1.58137e+006	975512	715838	525012	283978	122055	52062.7	25731.3	7233.26	7216.45	964.435	2411.09	482.218	0	482.218	0	482.218	0
9.82	1208.99	2570.83	1.41466e+006	1.992e+006	1.53685e+006	957969	724451	516535	268082	134847	50281.4	16767	8140.95	4693.43	0	1285.41	56.6729	0	0	0	856.942	0
 10.2	1178.84	383.427	1.12164e+006	1.88701e+006	1.55261e+006	924148	739481	537890	311249	129079	51290.6	17615.5	6546.82	2249.85	1178.84	1533.71	332.712	1150.28	0	0	0	0
 10.6	1694.06	687.869	905207	1.76212e+006	1.43492e+006	966977	728993	530166	298423	123516	46680.4	17519.7	7198.56	2407.54	1694.06	343.934	687.869	343.934	0	0	1031.8	343.934
 10.9	1546.15	7039.85	1.09842e+006	1.52814e+006	1.37037e+006	941570	719427	528294	298072	138786	56152.1	20617.6	9251.34	4305.07	618.459	927.689	309.23	309.23	0	618.459	309.23	309.23
 11.3	1069.57	5887.25	1.15438e+006	1.35998e+006	1.30499e+006	947580	735697	551453	303910	139797	49114.1	19132.7	8541.82	3376.33	4193.12	838.625	0	0	0	0	559.083	279.542
 11.8	3774.59	3592.92	809251	1.34348e+006	1.26044e+006	932609	728106	548353	312560	124661	61782.6	18982.8	7158.08	5758.43	1520.93	1013.96	0	0	0	253.489	0	506.978
 12.2	6651.25	5664.64	872757	1.24229e+006	1.15342e+006	860180	679000	529501	306447	126651	58618	24864.3	6975.35	4117.55	1842.69	1151.68	460.672	460.672	230.336	0	691.009	0
 12.6	716.611	8709.17	749400	1.14773e+006	1.10541e+006	849537	651465	525750	297739	144878	60541.2	19529.8	8719.11	2609.59	1261.98	1147.21	420.661	0	210.33	0	0	420.661
 13.1	1349.37	17349	560219	1.01e+006	1.00262e+006	815219	661051	524491	313411	140422	57491.3	28064	9994.19	3913.22	1156.6	297.954	192.767	192.767	0	578.301	192.767	578.301
 13.6	4416.53	11352.3	314663	926890	942054	784559	650283	542679	298734	131059	55395.2	22810.2	7366.71	3503.16	2119.93	1059.97	575.961	353.322	176.661	176.661	353.322	353.322
 14.1	2267.68	9505.31	428163	808942	846266	741199	614162	499587	281649	131629	57785.4	20288	8242.45	4190.33	1448.6	647.909	605.752	0	161.977	152.781	323.955	0
 14.6	1340.23	14485.4	444250	697758	792500	675422	560152	458983	268869	131416	49023.6	23102.3	7494.9	4169.61	1050.86	1191.32	148.915	148.915	148.915	157.369	297.829	297.829
 15.1	2206.46	5612.72	332679	578192	711050	617349	500328	438746	272165	121051	50379.3	19355	6997.95	3578.19	2339.59	346.307	137.623	0	0	0	137.623	275.245
 15.7	1817.82	4352.35	229387	531197	625333	547534	523690	412118	248816	113935	47551.3	16442.8	7592.37	2587.81	510.545	955.186	510.545	0	0	0	510.545	255.273
 16.3	3286.92	6867.58	149225	447032	531563	486880	466926	404537	243671	120729	49259	21664	8707.81	3764.39	829.877	829.877	237.108	0	592.769	118.554	948.431	592.769
 16.8	1293.85	8591.15	117639	390339	452445	431145	404922	355924	228402	108939	46017.8	17574.1	7469.71	2805.23	1213.12	1323.4	220.567	661.7	411.584	441.133	110.283	330.85
 17.5	2908.23	12617.9	82702.8	304590	384920	381421	372861	339327	212271	103454	46434.6	16369.3	6905.97	2832.91	1337.45	308.642	514.404	147.016	27.5657	102.881	308.642	102.881
 18.1	1836	13459.6	67986.2	254339	317490	332721	335516	307762	202052	90184.9	42586	17420	6598.75	2691	768.858	961.073	288.322	439.307	288.322	0	384.429	480.536
 18.8	1408.87	8023.33	49315.3	211197	273391	279442	299821	278385	178438	89917.3	40177	18200.3	7246.41	2340.39	720.121	698.078	90.0151	180.03	180.03	360.06	450.075	338.017
 19.5	1708.98	6838.47	32701.8	180488	225158	239827	255526	247963	168371	77978.8	32094.3	14041.1	3660.42	2194.8	1266.23	611.58	675.324	84.4155	253.246	253.246	168.831	221.784
 20.2	1980.35	6752.32	69731.5	141404	172950	211145	221011	220676	144941	72573.8	30536.2	13361.3	5357.13	2457.16	1345.02	554.842	475.579	475.579	158.526	237.789	158.526	445.268
 20.9	1180.15	18502.1	63835.9	110979	145266	152972	177867	177184	114354	62600.8	25732.9	12498.7	6331.05	2345.49	1308.62	818.098	666.779	446.782	147.366	149.034	263.157	146.293
 21.7	1675.75	7090.95	60350.9	96529.1	116635	127012	150899	147701	105108	53437	23816.4	11854.1	4427.62	1572.16	1152.48	978.715	355.135	209.524	279.574	139.875	167.721	73.5622
 22.5	4831.36	5352.02	51864.5	70362.6	87243.2	101625	117265	126170	84410.8	45312	19179.8	10016.4	4612.38	2166.71	656.335	326.569	583.252	262.029	196.894	65.1841	324.369	189.763
 23.3	2414.83	4934.13	45788.2	58070.1	70627.5	80036.1	93025.9	104733	68495	39154.9	18241	7871.25	3830.16	2108.36	800.828	304.98	555.91	309.451	248.014	186.473	304.288	68.2402
 24.1	1394.28	4355.12	33514.6	44362.1	54644.6	65380	72868.5	79948.6	55462.2	31990.1	14990.9	7732.09	3148.53	1452.78	818.322	461.661	289.438	233.26	58.4629	57.0057	524.42	458.195
 25.0	1876.65	4615.89	26642.3	37244.6	44290.4	49345.2	58440.1	64368.4	45073.8	26270.2	12998.9	6933.71	2865.85	1605.95	387.828	440.215	384.946	51.4475	108.578	54.8281	104.949	274.395
 25.9	1319.33	3874.56	23221.6	27966.4	36037.4	38210.9	42609.3	48341.1	34410.4	19996.8	9522.7	4828.92	2567.84	915.052	651.102	205.129	254.591	51.8675	0	104.74	683.38	97.9289
 26.9	1238.02	3115.69	17332.8	20507.1	24943.5	32693	33404.4	37552.7	29295.5	14984.6	7970.63	3889.59	1580.9	629.378	376.345	243.889	98.7689	348.844	0	49.2577	95.1552	93.9192
 27.9	1301.42	2366.59	16643.5	16252.4	20553.6	22108.5	24619.2	29652.5	21698.1	11428.5	4625.92	3094.19	1481.03	708.46	423.113	562.445	140.7	185.261	0	140.481	229.81	324.709
 28.9	2089.95	2412.89	11907.7	11358.9	13698.7	14270.6	19113.1	20856.8	18514.9	9191.36	4178.42	2064.57	1010.75	648.089	400.783	440.649	179.046	241.223	0	42.5936	264.757	219.482
 30.0	1684.57	2450.93	12513.9	8386.2	10658.8	10903.7	14523.4	13649.2	13033.1	6797.92	3634.02	1529.27	1075.42	476.836	169.321	120.345	293.102	24.285	126.148	0	162.708	207.336
 31.1	1529.8	2484.31	8468.73	5431.93	7400.13	9458.68	9793.66	10715.6	8809.41	6054.73	2772.87	1658.76	664.482	216.708	118.91	283.042	228.826	74.0002	81.8105	37.1117	231.949	278.024
 32.2	1089.13	2394.31	8129.76	5346.44	6034.31	6698.57	8071.06	8632.77	6720.76	4402.33	2114.84	1011.1	500.52	344.48	117.455	147.18	119.494	75.838	34.6405	37.3983	276.386	28.3348
 33.4	852.279	1878.66	5588.49	3804.42	4773.8	5219.81	5177.62	5218.29	5086.91	2828.29	2195.23	668.992	329.454	256.767	370.508	296.937	179.767	68.4156	31.7175	0	331.193	68.1532
 34.6	1680.4	1611.68	4217.02	3210.39	4041.87	4278.14	2916.6	3535.7	4334.28	2214.43	1639.36	612.733	284.234	461.009	38.0468	294.999	141.676	32.7138	0	69.2465	95.5363	132.763
 35.9	1372.24	1599.25	3613.66	3211.98	3592.74	2902.77	3096.68	3133.92	3669.12	2167.77	1216.87	915.334	513.202	168.916	58.0958	157.382	141.002	170.713	101.281	27.9726	267.706	123.469
 37.2	1921.9	1462.75	2423.58	2219.52	2220.69	2069.55	2161.46	2235.82	3043.17	1914.33	967.045	488.934	258.002	113.783	89.3407	215.197	354.503	29.4598	62.9761	29.112	79.5367	281.061
 38.5	1870.34	1760.85	2390.19	2023.29	1489.29	2175.21	2100.62	1823.86	2454.34	1411.06	1135.59	937.544	410.192	121.065	186.021	242.819	56.4499	88.6336	59.0868	30.1925	169.914	213.67
 40.0	1477.4	1609.45	2117.48	1728.31	1783.05	1702.97	1696.72	1493.89	3098.09	1278.05	579.736	344.751	458.04	119.179	118.148	206.394	53.3002	149.24	57.6657	56.9289	231.896	233.997
 41.4	856.102	1589.14	2335.02	1832.71	1666.7	1191.12	1454.75	1142.62	2318.28	1087.33	1074.61	388.416	78.2263	82.804	220.916	366.184	48.2947	57.9279	71.5615	82.0827	195.14	199.702
 42.9	1582.44	1604.21	2075.63	1535.64	1881.63	1690.97	1884.37	1304.04	2902.08	1448.18	485.211	486.416	275.168	187.131	60.5097	235.991	191.429	53.4433	84.9338	20.682	242.523	187.834
 44.5	1443.76	1861.32	1645.83	1782.98	1694.14	1684.93	1120.04	1133.74	1878.63	854.404	522.921	545.268	246.873	99.5773	128.138	100.352	267.079	217.695	0	103.226	180.337	235.546
 46.1	1354.74	1643.93	1709.21	1451.03	1340.02	1346.92	1402.59	1599.74	1854.24	1071.94	489.229	506.374	297.307	262.032	0	259.017	123.001	49.1875	92.1171	38.5546	138.518	256.276
 47.8	3850.35	1685.26	1780.91	1462.72	1284.73	1453.35	1575.33	1459.66	1981.87	1028.98	766.561	270.532	208.268	121.537	136.623	83.743	192.782	149.626	143.042	70.9523	149.47	118.521
 49.6	1059.65	1047.07	1426.35	1476.86	1424.18	1262.44	987.62	1162.46	1990.62	1140.54	523.003	655.03	104.628	191.007	70.5586	106.988	61.9523	68.0497	0	39.8199	268.147	215.008
 51.4	959.375	1206.69	1522.53	1366.61	1055.19	1194.45	1129.24	1203.67	2033.71	945.118	357.717	350.81	92.4682	146.034	62.7883	136.237	47.4864	41.6406	43.2173	116.683	107.89	214.353
 53.3	1130.78	1001.96	1451.89	1305.92	1158.45	1153.68	1212.13	1159.5	1837.18	1275.06	568.835	272.33	153.861	246.147	184.651	314.409	104.041	41.965	44.9291	84.2517	295.381	340.792
 55.2	1087.02	1281.58	1114.03	1008.92	1117.63	913.206	1316.2	940.283	1519.37	851.068	688.167	216.763	99.658	108.34	106.184	133.641	109.646	104.037	90.5338	12.1338	347.119	170.656
 57.3	1167.5	1241.17	1169.91	1142.82	1143.21	894.795	858.788	986.384	1390.5	1058.1	459.915	344.547	49.7109	73.5318	36.1129	87.9833	97.1016	102.507	19.4223	56.3996	223.107	185.99
 59.4	1232.22	834.832	1355.87	1139.95	1092.75	1179.62	704.247	627.161	1263.84	699.762	592.67	249.638	133.775	29.175	146.068	219.373	138.622	4.36961	125.605	79.0846	157.095	70.6061
 61.5	798.695	1113.15	1356.6	908.249	917.142	1031.87	794.535	780.065	1626.15	704.372	516.97	291.075	129.295	162.83	38.7595	287.801	127.777	43.3103	101.586	97.1887	153.677	155.054
 63.8	625.937	911.486	903.515	696.734	907.543	1028.13	765.171	394.546	1520.09	686.522	352.329	240.246	159.5	156.586	75.255	176.775	86.8694	50.5347	101.95	81.2492	233.929	148.456
 66.1	904.361	834.904	1010.27	706.323	981.744	1046.47	786.637	680.322	1198.64	580.005	410.113	249.814	68.291	64.9945	157.722	45.2794	129.779	27.7865	39.9599	78.243	131.374	140.702
 68.5	690.259	742.179	826.654	542.521	905.673	800.546	680.435	594.488	1085.02	526.007	328.31	245.183	146.066	65.0928	88.8006	156.535	89.3846	66.0571	192.515	110.762	241.249	98.6315
 71.0	565.959	849.692	531.482	586.986	683.69	768.095	712.766	466.059	1089.14	582.537	302.613	123.757	101.125	85.3947	106.741	217.081	185.503	41.8888	31.9294	120.145	194.79	107.525
 73.7	994.999	638.917	700.685	644.637	528.741	699.979	648.668	755.111	978.396	524.721	376.964	149.505	121.033	95.7681	122.362	115.048	54.389	87.7375	44.0694	65.0203	102.83	94.5932
 76.4	655.392	675.843	568.845	666.441	706.733	288.995	511.024	710.576	947.392	590.741	367.262	337.591	66.7625	18.1989	58.0031	149.665	62.6767	36.8186	49.4766	31.2178	132.116	95.8943
 79.1	426.37	723.055	716.719	581.122	699.703	596.437	653.492	926.122	936.125	634.835	254.303	176.984	47.9714	122.212	35.343	113.948	80.3415	48.648	0	123.664	137.063	73.7848
 82.0	612.352	759.469	575.196	642.107	637.162	478.32	619.553	628.692	973.384	468.822	201.45	344.001	116.082	13.3637	93.3528	230.416	23.9741	110.615	25.8002	54.2323	157.533	129.513
 85.1	557.327	602.53	817.713	635.078	750.408	434.916	704.558	781.268	900.721	502.612	288.11	235.403	172.127	170.776	48.0963	141.802	154.599	51.3054	19.7558	91.364	183.94	113.602
 88.2	805.909	829.95	552.045	590.865	675.795	536.496	518.25	799.492	804.318	652.053	298.908	239.506	114.228	64.8766	52.7059	152.219	77.5603	144.519	52.1903	44.1913	98.0378	114.749
 91.4	579.755	798.171	509.642	859.406	621.133	500.668	575.875	921.048	559.924	381.613	421.772	174.74	136.15	71.4221	16.1648	52.1716	0	126.256	29.6049	69.836	117.273	119.254
 94.7	480.769	632.009	776.732	481.34	566.925	652.908	516.942	1206.28	785.706	534.177	390.029	198.038	182.019	45.7726	64.4699	74.4987	119.055	57.2719	12.6307	159.031	103.017	97.9861
 98.2	635.538	661.19	991.458	633.402	794.557	481.858	639.354	868.527	737.782	390.094	303.214	203.654	52.5771	105.455	22.7552	213.272	44.3471	77.4798	3.70823	108.535	54.7166	132.309
101.8	604.832	652.497	770.121	879.64	685.425	673.971	574.332	1234.15	688.094	662.474	248.476	138.049	82.3803	77.8396	68.5642	82.2746	80.4021	201.02	51.2197	62.1335	239.315	114.732
105.5	930.327	1143.38	1005.54	803.646	874.981	918.285	588.681	1224.27	823.733	490.953	285.965	310.53	176.57	41.3216	158.378	241.963	65.5941	62.2644	135.395	94.3022	88.869	145.158
109.4	793.408	1088.1	910.7	1258.31	944.344	1049.61	867.625	1296.81	1179.26	690.394	385.938	268.479	33.5599	76.7183	43.1585	162.952	172.3	33.5599	50.3398	160.618	302.039	177.314
113.4	1084.03	943.142	1129.29	818.541	878.397	1007.74	1095.86	1002.57	802.111	568.078	410.618	250.75	293.602	157.604	74.0208	157.46	133.733	76.2853	16.7166	152.427	159.869	150.45
117.6	1350.16	869.361	889.984	1133.38	1003.39	852.236	830.359	1162.49	883.291	468.809	368.788	198.951	156.451	99.4757	165.793	123.293	122.748	139.872	33.1586	161.041	239.348	99.4757
121.9	1192.5	992.767	1179.16	934.523	972.759	819.407	592.764	1425.51	772.794	541.493	416.221	462.603	198.258	132.172	132.172	132.172	257.675	82.6076	115.651	143.5	181.737	84.0837
126.3	840.691	944.816	643.097	1190.34	706.575	827.167	802.925	1276.59	846.996	692.495	376.275	181.128	164.662	131.73	125.425	191.29	98.7972	76.0265	164.662	163.191	98.7972	130.258
131.0	882.468	943.48	980.682	845.266	902.195	651.622	986.701	1121.59	793.056	553.673	363.53	147.719	147.719	81.8006	137.324	170.416	131.306	137.324	65.6528	81.8006	245.933	114.627
135.8	1181.14	778.977	991.16	870.787	661.126	942.866	860.525	1210.5	694.38	464.777	382.436	179.987	169.724	196.614	65.7142	101.225	81.8121	114.801	98.1745	163.889	245.701	101.489
140.7	860.1	1090.71	715.6	840.073	1112	941.412	801.184	1099.19	771.46	427.286	338.064	213.06	148.669	98.3356	81.9463	160.837	118.363	16.3893	69.1948	85.5841	180.282	131.697
145.9	762.172	972.645	872.293	835.812	785.879	940.17	771.579	659.617	749.398	586.655	331.249	182.043	109.081	147.765	82.0919	165.624	160.54	82.0919	94.8661	160.54	213.439	129.143
151.2	773.731	785.794	916.78	887.616	482.595	814.351	604.252	877.698	833.598	439.204	297.471	318.863	211.415	78.2838	0	109.594	130.986	98.2393	0	130.986	245.598	129.549
156.8	791.704	573.502	634.205	799.599	569.912	813.748	557.096	758.275	574.218	588.983	322.487	253.272	86.9529	85.6206	98.4373	151.245	131.25	49.2186	0	65.6249	114.844	131.25
Scan Up Time(s)	240	240	240	240	240	240	240	240	240	240	240	240	240	240	240	240	240	240	240	240	240	240
Retrace Time(s)	60	60	60	60	60	60	60	60	60	60	60	60	60	60	60	60	60	60	60	60	60	60
Down Scan First	FALSE	FALSE	FALSE	FALSE	FALSE	FALSE	FALSE	FALSE	FALSE	FALSE	FALSE	FALSE	FALSE	FALSE	FALSE	FALSE	FALSE	FALSE	FALSE	FALSE	FALSE	FALSE
Scans Per Sample	1	1	1	1	1	1	1	1	1	1	1	1	1	1	1	1	1	1	1	1	1	1
Impactor Type(cm)	0.071	0.071	0.071	0.071	0.071	0.071	0.071	0.071	0.071	0.071	0.071	0.071	0.071	0.071	0.071	0.071	0.071	0.071	0.071	0.071	0.071	0.071
Sheath Flow(lpm)	3	3	3	3	3	3	3	3	3	3	3	3	3	3	3	3	3	3	3	3	3	3
Aerosol Flow(lpm)	0.3	0.3	0.3	0.3	0.3	0.3	0.3	0.3	0.3	0.3	0.3	0.3	0.3	0.3	0.3	0.3	0.3	0.3	0.3	0.3	0.3	0.3
CPC Inlet Flow(lpm)	0.3	0.3	0.3	0.3	0.3	0.3	0.3	0.3	0.3	0.3	0.3	0.3	0.3	0.3	0.3	0.3	0.3	0.3	0.3	0.3	0.3	0.3
CPC Sample Flow(lpm)	0.3	0.3	0.3	0.3	0.3	0.3	0.3	0.3	0.3	0.3	0.3	0.3	0.3	0.3	0.3	0.3	0.3	0.3	0.3	0.3	0.3	0.3
Low Voltage	25.5554	25.5554	25.5554	25.5554	25.5554	25.5554	25.5554	25.5554	25.5554	25.5554	25.5554	25.5554	25.5554	25.5554	25.5554	25.5554	25.5554	25.5554	25.5554	25.5554	25.5554	25.5554
High Voltage	9357.87	9357.87	9357.87	9357.87	9357.87	9357.87	9357.87	9357.87	9357.87	9357.87	9357.87	9357.87	9357.87	9357.87	9357.87	9357.87	9357.87	9357.87	9357.87	9357.87	9357.87	9357.87
Lower Size(nm)	6.97831	6.97831	6.97831	6.97831	6.97831	6.97831	6.97831	6.97831	6.97831	6.97831	6.97831	6.97831	6.97831	6.97831	6.97831	6.97831	6.97831	6.97831	6.97831	6.97831	6.97831	6.97831
Upper Size(nm)	159.634	159.634	159.634	159.634	159.634	159.634	159.634	159.634	159.634	159.634	159.634	159.634	159.634	159.634	159.634	159.634	159.634	159.634	159.634	159.634	159.634	159.634
Density(g/cc)	1.2	1.2	1.2	1.2	1.2	1.2	1.2	1.2	1.2	1.2	1.2	1.2	1.2	1.2	1.2	1.2	1.2	1.2	1.2	1.2	1.2	1.2
Title																						
Status Flag	Normal Scan	Normal Scan	Normal Scan	Normal Scan	Normal Scan	Normal Scan	Normal Scan	Normal Scan	Normal Scan	Normal Scan	Normal Scan	Normal Scan	Normal Scan	Normal Scan	Normal Scan	Normal Scan	Normal Scan	Normal Scan	Normal Scan	Normal Scan	Normal Scan	Normal Scan
td(s)	2.93	2.93	2.93	2.93	2.93	2.93	2.93	2.93	2.93	2.93	2.93	2.93	2.93	2.93	2.93	2.93	2.93	2.93	2.93	2.93	2.93	2.93
tf(s)	0.783657	0.783657	0.783657	0.783657	0.783657	0.783657	0.783657	0.783657	0.783657	0.783657	0.783657	0.783657	0.783657	0.783657	0.783657	0.783657	0.783657	0.783657	0.783657	0.783657	0.783657	0.783657
D50(nm)	1284.41	1284.41	1284.41	1284.41	1284.41	1284.41	1284.41	1284.41	1284.41	1284.41	1284.41	1284.41	1284.41	1284.41	1284.41	1284.41	1284.41	1284.41	1284.41	1284.41	1284.41	1284.41
Median(nm)	19.0617	18.097	9.81024	9.50046	10.234	10.8507	11.1737	11.5622	11.832	12.0799	12.0849	12.3022	12.4359	11.5448	13.2129	15.631	19.7329	20.9748	19.7741	19.6644	21.5449	24.1018
Mean(nm)	33.1093	26.6163	10.579	10.453	11.1817	11.8281	12.226	12.6997	13.1393	13.4901	13.7049	14.3368	14.9981	14.9792	18.6564	26.8103	32.5553	36.5936	36.5242	42.9364	38.155	39.2718
Geo. Mean(nm)	22.0892	20.8824	10.1079	10.0242	10.6682	11.2089	11.5159	11.8704	12.1637	12.3843	12.4253	12.7226	13.0649	12.6008	14.5916	18.8354	22.1674	25.3306	24.7731	26.0839	25.2802	27.512
Mode(nm)	8.2047	20.908	7.10497	7.63506	7.91476	8.50526	7.36525	7.36525	7.36525	7.36525	7.36525	7.91476	8.81683	8.81683	7.36525	9.47464	7.36525	10.1815	7.91476	7.36525	10.5545	7.91476
Geo. Std. Dev.	2.36497	1.83496	1.31622	1.30989	1.33553	1.36389	1.38968	1.41459	1.4431	1.46664	1.49658	1.5469	1.58179	1.64627	1.81874	2.11752	2.26246	2.24972	2.32491	2.70086	2.41118	2.28077
Total Concentration(#/cm³)	2303.13	4377	337386	633598	505211	362277	296092	235720	138830	63865.9	27571.6	11373.9	4486.44	2318.14	839.478	585.064	310.39	182.011	127.572	160.409	356.035	259.043
Comment																						
