TSI CPC DATA VERSION 3
1490188078,2017/3/22,13:07:58
15
1.08,130
Model 3783 Ver 1.27 S/N 3783111302
"Date","Time","Concentration","Count"," Live-Time","Blank","Abs Press"," Analog In","Pulse Height"," Pulse STD","Status Flags"
2017/3/22,13:07:45,1.39e3,45334,14.95,,1009,0.000,2557,499,0
2017/3/22,13:08:00,1.36e3,44452,14.95,,1009,0.000,2535,498,0
2017/3/22,13:08:15,1.29e3,42183,14.96,,1009,0.000,2548,499,0
2017/3/22,13:08:30,1.30e3,42266,14.96,,1009,0.000,2568,477,0
2017/3/22,13:08:45,1.29e3,42229,14.96,,1009,0.000,2545,480,0
2017/3/22,13:09:00,1.28e3,41826,14.96,,1009,0.000,2550,485,0
2017/3/22,13:09:15,1.28e3,41769,14.96,,1009,0.000,2524,505,0
2017/3/22,13:09:30,1.25e3,40723,14.96,,1009,0.000,2535,493,0
2017/3/22,13:09:45,1.18e3,38622,14.96,,1009,0.000,2562,479,0
2017/3/22,13:10:00,1.20e3,39078,14.96,,1009,0.000,2515,541,0
2017/3/22,13:10:15,1.18e3,38595,14.96,,1009,0.000,2508,541,0
2017/3/22,13:10:30,1.16e3,37939,14.96,,1009,0.000,2531,501,0
2017/3/22,13:10:45,1.19e3,38894,14.96,,1009,0.000,2509,526,0
2017/3/22,13:11:00,1.19e3,38900,14.96,,1009,0.000,2551,479,0
2017/3/22,13:11:15,1.15e3,37659,14.96,,1009,0.000,2546,491,0
2017/3/22,13:11:30,1.16e3,37987,14.96,,1009,0.000,2557,493,0
2017/3/22,13:11:45,1.16e3,37915,14.96,,1009,0.000,2526,532,0
2017/3/22,13:12:00,1.17e3,38057,14.96,,1009,0.000,2543,511,0
2017/3/22,13:12:15,1.15e3,37472,14.96,,1009,0.000,2534,523,0
2017/3/22,13:12:30,3.46e3,110624,14.89,,1009,0.000,2502,521,0
2017/3/22,13:12:45,2.32e4,717019,14.32,,1009,0.000,2382,429,0
2017/3/22,13:13:00,1.54e4,484545,14.53,,1009,0.000,2480,402,0
2017/3/22,13:13:15,1.24e4,394037,14.62,,1009,0.000,2524,367,0
2017/3/22,13:13:30,1.27e4,404792,14.61,,1009,0.000,2525,364,0
2017/3/22,13:13:45,1.62e4,510913,14.51,,1009,0.000,2485,371,0
2017/3/22,13:14:00,1.61e4,507675,14.51,,1009,0.000,2493,362,0
2017/3/22,13:14:15,1.26e4,399716,14.61,,1009,0.000,2521,379,0
2017/3/22,13:14:30,1.44e4,456473,14.56,,1009,0.000,2498,389,0
2017/3/22,13:14:45,2.32e4,718864,14.32,,1009,0.000,2421,375,0
2017/3/22,13:15:00,1.73e4,543626,14.48,,1009,0.000,2493,351,0
2017/3/22,13:15:15,2.91e4,895344,14.16,,1009,0.000,2336,369,0
2017/3/22,13:15:30,3.26e4,995623,14.07,,1009,0.000,2314,374,0
2017/3/22,13:15:45,3.22e4,984306,14.08,,1009,0.000,2331,351,0
2017/3/22,13:16:00,3.03e4,928081,14.14,,1009,0.000,2316,399,0
2017/3/22,13:16:15,3.18e4,973670,14.09,,1009,0.000,2344,334,0
2017/3/22,13:16:30,3.69e4,1118525,13.96,,1009,0.000,2283,355,0
2017/3/22,13:16:45,5.11e4,1493791,13.61,,1009,0.000,2170,371,0
2017/3/22,13:17:00,4.00e4,1204786,13.88,,1009,0.000,2239,371,0
2017/3/22,13:17:15,5.97e4,1693714,13.41,,1009,0.000,2114,402,0
2017/3/22,13:17:30,4.68e4,1384864,13.71,,1009,0.000,2178,367,0
2017/3/22,13:17:45,5.19e4,1525758,13.58,,1009,0.000,2116,380,0
2017/3/22,13:18:00,5.80e4,1689039,13.43,,1009,0.000,2076,371,0
2017/3/22,13:18:15,6.98e4,1986747,13.14,,1009,0.000,2038,374,0
2017/3/22,13:18:30,7.54e4,2126120,13.01,,1009,0.000,1984,393,0
2017/3/22,13:18:45,9.26e4,2527152,12.6,,1009,0.000,1961,384,0
2017/3/22,13:19:00,8.85e4,2435430,12.69,,1009,0.000,1968,372,0
2017/3/22,13:19:15,8.79e4,2422367,12.71,,1009,0.000,1937,390,0
2017/3/22,13:19:30,8.98e4,2464338,12.66,,1009,0.000,1977,385,0
2017/3/22,13:19:45,1.05e5,2818643,12.29,,1009,0.000,1903,394,0
2017/3/22,13:20:00,1.08e5,2868695,12.24,,1009,0.000,1909,405,0
2017/3/22,13:20:15,1.05e5,2803012,12.3,,1009,0.000,1892,401,0
2017/3/22,13:20:30,1.07e5,2854120,12.25,,1009,0.000,1881,422,0
2017/3/22,13:20:45,1.17e5,3067572,12.02,,1009,0.000,1862,408,0
2017/3/22,13:21:00,1.21e5,3144048,11.94,,1009,0.000,1851,402,0
2017/3/22,13:21:15,1.25e5,3225829,11.85,,1009,0.000,1842,416,0
2017/3/22,13:21:30,1.28e5,3288332,11.78,,1009,0.000,1838,417,0
2017/3/22,13:21:45,1.43e5,3550717,11.48,,1009,0.000,1796,437,0
2017/3/22,13:22:00,1.42e5,3538692,11.5,,1009,0.000,1800,432,0
2017/3/22,13:22:15,1.57e5,3805738,11.18,,1009,0.000,1782,433,0
2017/3/22,13:22:30,1.56e5,3791338,11.2,,1009,0.000,1800,426,0
2017/3/22,13:22:45,1.63e5,3912685,11.05,,1009,0.000,1748,437,0
2017/3/22,13:23:00,1.74e5,4087346,10.84,,1009,0.000,1740,467,0
2017/3/22,13:23:15,1.72e5,4063492,10.86,,1009,0.000,1702,426,0
2017/3/22,13:23:30,1.82e5,4220697,10.67,,1009,0.000,1721,458,0
2017/3/22,13:23:45,1.71e5,4049105,10.89,,1009,0.000,1726,477,0
2017/3/22,13:24:00,1.69e5,4017209,10.93,,1009,0.000,1717,462,0
2017/3/22,13:24:15,1.72e5,4058378,10.88,,1009,0.000,1719,438,0
2017/3/22,13:24:30,1.75e5,4113640,10.81,,1009,0.000,1751,447,0
2017/3/22,13:24:45,1.76e5,4128037,10.78,,1009,0.000,1713,466,0
2017/3/22,13:25:00,1.81e5,4212200,10.69,,1009,0.000,1740,465,0
2017/3/22,13:25:15,1.82e5,4215512,10.68,,1009,0.000,1705,454,0
2017/3/22,13:25:30,1.79e5,4168891,10.73,,1009,0.000,1707,445,0
2017/3/22,13:25:45,1.79e5,4169968,10.73,,1009,0.000,1704,483,0
2017/3/22,13:26:00,1.78e5,4165534,10.74,,1009,0.000,1710,469,0
2017/3/22,13:26:15,1.77e5,4136474,10.77,,1009,0.000,1724,455,0
2017/3/22,13:26:30,1.69e5,4020836,10.92,,1009,0.000,1726,457,0
2017/3/22,13:26:45,1.77e5,4144950,10.76,,1009,0.000,1693,452,0
2017/3/22,13:27:00,1.81e5,4196100,10.68,,1009,0.000,1724,460,0
2017/3/22,13:27:15,1.82e5,4220921,10.65,,1009,0.000,1693,445,0
2017/3/22,13:27:30,1.81e5,4198206,10.68,,1009,0.000,1727,443,0
2017/3/22,13:27:45,1.86e5,4271518,10.58,,1009,0.000,1695,484,0
2017/3/22,13:28:00,1.90e5,4331926,10.51,,1009,0.000,1689,473,0
2017/3/22,13:28:15,1.94e5,4390824,10.42,,1009,0.000,1665,483,0
2017/3/22,13:28:30,1.85e5,4254096,10.6,,1009,0.000,1724,471,0
2017/3/22,13:28:45,1.79e5,4169409,10.7,,1009,0.000,1726,460,0
2017/3/22,13:29:00,1.82e5,4212581,10.65,,1009,0.000,1740,474,0
2017/3/22,13:29:15,1.77e5,4131407,10.76,,1009,0.000,1696,472,0
2017/3/22,13:29:30,1.75e5,4098425,10.79,,1009,0.000,1744,472,0
2017/3/22,13:29:45,1.75e5,4107702,10.78,,1009,0.000,1727,455,0
2017/3/22,13:30:00,1.79e5,4166815,10.71,,1009,0.000,1738,446,0
2017/3/22,13:30:15,1.75e5,4097047,10.79,,1009,0.000,1713,461,0
2017/3/22,13:30:30,1.71e5,4038578,10.87,,1009,0.000,1750,477,0
2017/3/22,13:30:45,1.78e5,4147895,10.73,,1009,0.000,1684,473,0
2017/3/22,13:31:00,1.77e5,4129595,10.76,,1009,0.000,1730,449,0
2017/3/22,13:31:15,1.72e5,4051130,10.85,,1009,0.000,1737,477,0
2017/3/22,13:31:30,1.72e5,4054231,10.85,,1009,0.000,1712,456,0
2017/3/22,13:31:45,1.71e5,4035282,10.87,,1009,0.000,1727,463,0
2017/3/22,13:32:00,1.65e5,3947619,10.98,,1009,0.000,1743,443,0
2017/3/22,13:32:15,1.68e5,3990050,10.93,,1009,0.000,1734,482,0
2017/3/22,13:32:30,1.66e5,3950904,10.97,,1009,0.000,1751,456,0
2017/3/22,13:32:45,1.62e5,3889635,11.05,,1009,0.000,1707,471,0
2017/3/22,13:33:00,1.66e5,3959618,10.97,,1009,0.000,1750,465,0
2017/3/22,13:33:15,1.64e5,3929061,11.0,,1009,0.000,1726,461,0
2017/3/22,13:33:30,1.61e5,3869688,11.07,,1009,0.000,1756,458,0
2017/3/22,13:33:45,1.60e5,3862402,11.07,,1009,0.000,1760,460,0
2017/3/22,13:34:00,1.62e5,3882307,11.05,,1009,0.000,1741,465,0
2017/3/22,13:34:15,1.66e5,3953728,10.96,,1009,0.000,1721,502,0
2017/3/22,13:34:30,1.60e5,3858535,11.08,,1009,0.000,1759,468,0
2017/3/22,13:34:45,1.58e5,3817210,11.13,,1009,0.000,1765,466,0
2017/3/22,13:35:00,1.56e5,3791360,11.16,,1009,0.000,1779,427,0
2017/3/22,13:35:15,1.57e5,3798203,11.15,,1009,0.000,1746,440,0
2017/3/22,13:35:30,1.60e5,3849216,11.09,,1009,0.000,1739,430,0
2017/3/22,13:35:45,1.60e5,3861456,11.08,,1009,0.000,1718,471,0
2017/3/22,13:36:00,1.57e5,3800076,11.16,,1009,0.000,1729,458,0
2017/3/22,13:36:15,1.55e5,3765401,11.19,,1009,0.000,1760,465,0
2017/3/22,13:36:30,1.52e5,3715344,11.26,,1009,0.000,1788,479,0
2017/3/22,13:36:45,1.52e5,3711929,11.25,,1009,0.000,1763,484,0
2017/3/22,13:37:00,1.53e5,3738116,11.23,,1009,0.000,1756,474,0
2017/3/22,13:37:15,1.44e5,3582674,11.41,,1009,0.000,1765,460,0
2017/3/22,13:37:30,1.48e5,3642592,11.34,,1009,0.000,1781,484,0
2017/3/22,13:37:45,1.48e5,3647000,11.33,,1009,0.000,1804,469,0
2017/3/22,13:38:00,1.46e5,3618791,11.37,,1009,0.000,1778,461,0
2017/3/22,13:38:15,1.43e5,3549834,11.45,,1009,0.000,1781,468,0
2017/3/22,13:38:30,1.42e5,3531070,11.47,,1009,0.000,1790,446,0
2017/3/22,13:38:45,1.45e5,3588387,11.4,,1009,0.000,1787,457,0
2017/3/22,13:39:00,1.49e5,3662694,11.32,,1009,0.000,1749,473,0
2017/3/22,13:39:15,1.61e5,3875496,11.06,,1009,0.000,1746,467,0
2017/3/22,13:39:30,1.53e5,3727324,11.24,,1009,0.000,1763,451,0
2017/3/22,13:39:45,1.58e5,3817293,11.13,,1009,0.000,1717,456,0
2017/3/22,13:40:00,1.49e5,3671494,11.31,,1009,0.000,1800,490,0
2017/3/22,13:40:15,1.38e5,3473538,11.54,,1009,0.000,1779,458,0
2017/3/22,13:40:30,1.43e5,3564980,11.43,,1009,0.000,1784,467,0
2017/3/22,13:40:45,1.45e5,3597378,11.39,,1009,0.000,1737,474,0
2017/3/22,13:41:00,1.40e5,3496875,11.51,,1009,0.000,1802,455,0
2017/3/22,13:41:15,1.40e5,3497341,11.51,,1009,0.000,1821,451,0
2017/3/22,13:41:30,1.36e5,3428488,11.59,,1009,0.000,1802,452,0
2017/3/22,13:41:45,1.31e5,3330520,11.7,,1009,0.000,1843,452,0
2017/3/22,13:42:00,1.34e5,3393924,11.63,,1010,0.000,1822,460,0
2017/3/22,13:42:15,1.49e5,3653881,11.32,,1009,0.000,1778,467,0
2017/3/22,13:42:30,1.35e5,3410463,11.61,,1009,0.000,1817,460,0
2017/3/22,13:42:45,1.59e5,3821489,11.11,,1009,0.000,1748,452,0
2017/3/22,13:43:00,1.56e5,3788683,11.17,,1009,0.000,1772,457,0
2017/3/22,13:43:15,1.94e5,4381138,10.42,,1009,0.000,1687,477,0
2017/3/22,13:43:30,1.87e5,4267812,10.56,,1009,0.000,1676,476,0
2017/3/22,13:43:45,2.09e5,4584657,10.14,,1009,0.000,1628,474,0
2017/3/22,13:44:00,2.12e5,4602507,10.1,,1009,0.000,1650,501,0
2017/3/22,13:44:15,2.08e5,4578592,10.16,,1009,0.000,1640,484,0
2017/3/22,13:44:30,2.29e5,4823353,9.775,,1009,0.000,1627,498,0
2017/3/22,13:44:45,3.34e5,5763859,8.077,,1009,0.000,1461,512,0
2017/3/22,13:45:00,2.84e5,5416759,8.821,,1009,0.000,1556,507,0
2017/3/22,13:45:15,3.35e5,5775290,8.051,,1009,0.000,1494,555,0
2017/3/22,13:45:30,3.31e5,5736847,8.114,,1009,0.000,1459,524,0
2017/3/22,13:45:45,2.75e5,5340908,8.95,,1009,0.000,1546,479,0
2017/3/22,13:46:00,3.36e5,5805644,7.999,,1009,0.000,1459,545,0
2017/3/22,13:46:15,3.65e5,5965351,7.587,,1009,0.000,1441,535,0
2017/3/22,13:46:30,3.29e5,5775708,8.088,,1009,0.000,1497,541,0
2017/3/22,13:46:45,3.30e5,5786162,8.08,,1009,0.000,1469,551,0
2017/3/22,13:47:00,3.12e5,5652136,8.36,,1009,0.000,1474,546,0
2017/3/22,13:47:15,3.19e5,5710360,8.253,,1009,0.000,1566,527,0
2017/3/22,13:47:30,3.50e5,5903843,7.802,,1009,0.000,1466,534,0
2017/3/22,13:47:45,3.51e5,5913035,7.779,,1009,0.000,1483,527,0
2017/3/22,13:48:00,3.65e5,6005043,7.58,,1009,0.000,1440,546,0
2017/3/22,13:48:15,3.40e5,5850178,7.942,,1009,0.000,1503,548,0
2017/3/22,13:48:30,3.26e5,5762135,8.142,,1009,0.000,1494,539,0
2017/3/22,13:48:45,3.16e5,5688486,8.306,,1009,0.000,1470,524,0
2017/3/22,13:49:00,3.09e5,5640200,8.408,,1009,0.000,1553,543,0
2017/3/22,13:49:15,2.97e5,5528248,8.593,,1009,0.000,1530,551,0
2017/3/22,13:49:30,2.88e5,5439018,8.769,,1009,0.000,1524,559,0
2017/3/22,13:49:45,2.81e5,5399149,8.862,,1009,0.000,1549,523,0
2017/3/22,13:50:00,2.71e5,5307717,9.014,,1009,0.000,1538,534,0
2017/3/22,13:50:15,2.70e5,5293297,9.031,,1009,0.000,1529,531,0
2017/3/22,13:50:30,2.63e5,5226042,9.142,,1009,0.000,1558,528,0
2017/3/22,13:50:45,2.54e5,5130412,9.293,,1009,0.000,1545,543,0
2017/3/22,13:51:00,2.41e5,4982021,9.536,,1009,0.000,1538,523,0
2017/3/22,13:51:15,2.31e5,4872831,9.696,,1009,0.000,1590,544,0
2017/3/22,13:51:30,2.26e5,4807278,9.792,,1009,0.000,1595,511,0
2017/3/22,13:51:45,2.17e5,4687644,9.964,,1009,0.000,1625,516,0
2017/3/22,13:52:00,2.11e5,4611323,10.06,,1009,0.000,1672,535,0
2017/3/22,13:52:15,2.02e5,4496284,10.22,,1009,0.000,1645,523,0
2017/3/22,13:52:30,1.94e5,4370491,10.39,,1010,0.000,1682,532,0
2017/3/22,13:52:45,1.88e5,4287067,10.5,,1009,0.000,1673,504,0
2017/3/22,13:53:00,1.84e5,4224636,10.59,,1009,0.000,1656,513,0
2017/3/22,13:53:15,1.73e5,4057921,10.8,,1009,0.000,1721,500,0
2017/3/22,13:53:30,1.66e5,3952505,10.93,,1009,0.000,1734,490,0
2017/3/22,13:53:45,1.60e5,3847916,11.06,,1009,0.000,1754,513,0
2017/3/22,13:54:00,1.53e5,3736915,11.2,,1009,0.000,1749,539,0
2017/3/22,13:54:15,1.49e5,3659063,11.29,,1009,0.000,1776,518,0
2017/3/22,13:54:30,1.45e5,3594022,11.37,,1009,0.000,1765,524,0
2017/3/22,13:54:45,1.40e5,3489342,11.49,,1009,0.000,1770,502,0
2017/3/22,13:55:00,1.35e5,3412470,11.58,,1010,0.000,1800,491,0
2017/3/22,13:55:15,1.29e5,3286650,11.72,,1009,0.000,1782,507,0
2017/3/22,13:55:30,1.24e5,3198414,11.82,,1009,0.000,1834,496,0
2017/3/22,13:55:45,1.21e5,3124747,11.91,,1010,0.000,1815,487,0
2017/3/22,13:56:00,1.19e5,3089446,11.95,,1009,0.000,1833,504,0
2017/3/22,13:56:15,1.11e5,2938704,12.11,,1009,0.000,1815,524,0
2017/3/22,13:56:30,1.06e5,2818539,12.24,,1009,0.000,1866,463,0
2017/3/22,13:56:45,1.04e5,2787710,12.28,,1009,0.000,1901,465,0
2017/3/22,13:57:00,1.01e5,2708876,12.36,,1010,0.000,1879,506,0
2017/3/22,13:57:15,9.48e4,2571538,12.5,,1009,0.000,1892,498,0
2017/3/22,13:57:30,9.39e4,2551770,12.53,,1010,0.000,1864,505,0
2017/3/22,13:57:45,9.20e4,2507975,12.57,,1010,0.000,1917,454,0
2017/3/22,13:58:00,8.79e4,2415352,12.67,,1009,0.000,1907,450,0
2017/3/22,13:58:15,8.49e4,2346055,12.74,,1009,0.000,1934,476,0
2017/3/22,13:58:30,8.21e4,2279212,12.81,,1010,0.000,1961,474,0
2017/3/22,13:58:45,7.78e4,2177657,12.91,,1009,0.000,1987,499,0
2017/3/22,13:59:00,7.61e4,2137769,12.95,,1009,0.000,1968,502,0
2017/3/22,13:59:15,7.40e4,2087621,13.0,,1009,0.000,1975,474,0
2017/3/22,13:59:30,7.22e4,2041842,13.05,,1009,0.000,1955,496,0
2017/3/22,13:59:45,6.88e4,1958626,13.13,,1009,0.000,2001,479,0
2017/3/22,14:00:00,6.58e4,1885086,13.2,,1009,0.000,2026,485,0
2017/3/22,14:00:15,6.13e4,1770939,13.31,,1009,0.000,2053,473,0
2017/3/22,14:00:30,6.26e4,1801862,13.28,,1009,0.000,2008,517,0
2017/3/22,14:00:45,5.88e4,1705155,13.37,,1010,0.000,2053,477,0
2017/3/22,14:01:00,5.61e4,1634894,13.44,,1009,0.000,2100,483,0
2017/3/22,14:01:15,5.34e4,1564852,13.51,,1009,0.000,2084,491,0
2017/3/22,14:01:30,5.24e4,1538246,13.53,,1009,0.000,2104,485,0
2017/3/22,14:01:45,5.16e4,1517756,13.55,,1009,0.000,2103,490,0
2017/3/22,14:02:00,4.91e4,1451946,13.61,,1009,0.000,2154,480,0
2017/3/22,14:02:15,4.70e4,1393334,13.67,,1009,0.000,2150,491,0
2017/3/22,14:02:30,4.48e4,1333943,13.73,,1009,0.000,2199,468,0
2017/3/22,14:02:45,4.39e4,1310443,13.75,,1009,0.000,2211,489,0
2017/3/22,14:03:00,4.22e4,1262987,13.79,,1009,0.000,2205,498,0
2017/3/22,14:03:15,4.05e4,1215086,13.84,,1010,0.000,2222,490,0
2017/3/22,14:03:30,3.82e4,1152358,13.9,,1010,0.000,2225,502,0
2017/3/22,14:03:45,3.78e4,1140233,13.91,,1010,0.000,2243,491,0
2017/3/22,14:04:00,3.62e4,1095186,13.95,,1010,0.000,2268,489,0
2017/3/22,14:04:15,3.46e4,1051367,13.99,,1009,0.000,2287,499,0
2017/3/22,14:04:30,3.38e4,1028695,14.01,,1009,0.000,2255,493,0
2017/3/22,14:04:45,3.28e4,999006,14.04,,1010,0.000,2301,474,0
2017/3/22,14:05:00,3.15e4,962537,14.07,,1010,0.000,2283,502,0
2017/3/22,14:05:15,3.02e4,923869,14.11,,1010,0.000,2322,488,0
2017/3/22,14:05:30,2.99e4,917624,14.12,,1010,0.000,2325,456,0
2017/3/22,14:05:45,2.88e4,885145,14.15,,1009,0.000,2353,452,0
2017/3/22,14:06:00,2.70e4,832818,14.2,,1010,0.000,2354,468,0
2017/3/22,14:06:15,2.66e4,820432,14.21,,1010,0.000,2322,509,0
2017/3/22,14:06:30,2.46e4,762166,14.26,,1010,0.000,2340,496,0
2017/3/22,14:06:45,2.40e4,743229,14.28,,1010,0.000,2385,473,0
2017/3/22,14:07:00,2.39e4,740186,14.28,,1010,0.000,2375,457,0
2017/3/22,14:07:15,2.34e4,725697,14.3,,1010,0.000,2364,494,0
2017/3/22,14:07:30,2.21e4,689684,14.33,,1010,0.000,2371,488,0
2017/3/22,14:07:45,2.08e4,648920,14.37,,1010,0.000,2390,469,0
2017/3/22,14:08:00,2.04e4,637412,14.38,,1010,0.000,2407,473,0
2017/3/22,14:08:15,2.12e4,660388,14.36,,1010,0.000,2406,485,0
2017/3/22,14:08:30,2.08e4,650735,14.37,,1010,0.000,2414,465,0
2017/3/22,14:08:45,2.02e4,630967,14.39,,1010,0.000,2423,489,0
2017/3/22,14:09:00,1.88e4,588598,14.42,,1010,0.000,2419,467,0
2017/3/22,14:09:15,1.75e4,550876,14.46,,1010,0.000,2454,445,0
2017/3/22,14:09:30,1.76e4,552128,14.46,,1010,0.000,2475,427,0
2017/3/22,14:09:45,1.68e4,527713,14.48,,1010,0.000,2441,454,0
2017/3/22,14:10:00,1.63e4,512905,14.5,,1010,0.000,2441,455,0
2017/3/22,14:10:15,1.55e4,488425,14.52,,1010,0.000,2454,450,0
2017/3/22,14:10:30,1.46e4,461254,14.54,,1010,0.000,2467,465,0
2017/3/22,14:10:45,1.39e4,440858,14.56,,1010,0.000,2474,438,0
2017/3/22,14:11:00,1.35e4,428981,14.58,,1010,0.000,2486,450,0
2017/3/22,14:11:15,1.26e4,399255,14.6,,1010,0.000,2474,452,0
2017/3/22,14:11:30,1.20e4,381840,14.62,,1010,0.000,2465,457,0
2017/3/22,14:11:45,1.18e4,375940,14.63,,1009,0.000,2496,430,0
2017/3/22,14:12:00,1.11e4,353433,14.65,,1010,0.000,2517,435,0
2017/3/22,14:12:15,1.08e4,345092,14.66,,1010,0.000,2497,452,0
2017/3/22,14:12:30,1.03e4,329174,14.67,,1010,0.000,2498,441,0
2017/3/22,14:12:45,1.00e4,320841,14.68,,1010,0.000,2515,433,0
2017/3/22,14:13:00,9.56e3,305038,14.69,,1010,0.000,2502,440,0
2017/3/22,14:13:15,9.05e3,288894,14.71,,1010,0.000,2519,435,0
2017/3/22,14:13:30,8.72e3,278849,14.72,,1010,0.000,2531,437,0
2017/3/22,14:13:45,7.36e3,235863,14.76,,1010,0.000,2529,440,0
2017/3/22,14:14:00,7.22e3,231497,14.77,,1010,0.000,2547,437,0
2017/3/22,14:14:15,6.63e3,213008,14.78,,1010,0.000,2525,451,0
2017/3/22,14:14:30,6.72e3,215868,14.78,,1010,0.000,2548,408,0
2017/3/22,14:14:45,6.39e3,205285,14.79,,1010,0.000,2513,457,0
2017/3/22,14:15:00,6.20e3,199301,14.8,,1010,0.000,2568,399,0
2017/3/22,14:15:15,5.88e3,189308,14.81,,1010,0.000,2551,432,0
2017/3/22,14:15:30,5.77e3,185741,14.81,,1010,0.000,2564,402,0
2017/3/22,14:15:45,5.62e3,180867,14.82,,1010,0.000,2567,397,0
2017/3/22,14:16:00,5.42e3,174820,14.82,,1010,0.000,2546,428,0
2017/3/22,14:16:15,5.17e3,166688,14.83,,1010,0.000,2565,434,0
2017/3/22,14:16:30,5.14e3,165879,14.83,,1010,0.000,2568,405,0
2017/3/22,14:16:45,4.92e3,158815,14.84,,1010,0.000,2558,424,0
2017/3/22,14:17:00,4.78e3,154383,14.84,,1010,0.000,2564,426,0
2017/3/22,14:17:15,4.73e3,152574,14.84,,1010,0.000,2579,393,0
2017/3/22,14:17:30,4.49e3,145145,14.85,,1010,0.000,2572,430,0
2017/3/22,14:17:45,4.37e3,141259,14.85,,1010,0.000,2557,444,0
2017/3/22,14:18:00,4.22e3,136607,14.86,,1010,0.000,2561,440,0
2017/3/22,14:18:15,4.09e3,132214,14.86,,1010,0.000,2598,386,0
2017/3/22,14:18:30,3.96e3,127971,14.87,,1010,0.000,2559,434,0
2017/3/22,14:18:45,3.81e3,123371,14.87,,1010,0.000,2581,432,0
2017/3/22,14:19:00,3.68e3,119094,14.88,,1010,0.000,2595,393,0
2017/3/22,14:19:15,3.59e3,116063,14.88,,1010,0.000,2579,413,0
2017/3/22,14:19:30,3.44e3,111568,14.88,,1010,0.000,2579,439,0
2017/3/22,14:19:45,3.32e3,107593,14.89,,1010,0.000,2564,422,0
2017/3/22,14:20:00,3.21e3,104040,14.89,,1010,0.000,2573,413,0
2017/3/22,14:20:15,3.09e3,100260,14.9,,1010,0.000,2603,386,0
2017/3/22,14:20:30,3.01e3,97747,14.9,,1010,0.000,2598,415,0
2017/3/22,14:20:45,2.84e3,92579,14.9,,1010,0.000,2593,397,0
2017/3/22,14:21:00,2.79e3,90716,14.91,,1010,0.000,2574,424,0
2017/3/22,14:21:15,2.79e3,90692,14.91,,1010,0.000,2613,380,0
2017/3/22,14:21:30,2.65e3,86221,14.91,,1010,0.000,2590,419,0
2017/3/22,14:21:45,2.58e3,84019,14.91,,1010,0.000,2562,455,0
2017/3/22,14:22:00,2.45e3,79748,14.92,,1010,0.000,2630,360,0
2017/3/22,14:22:15,2.37e3,77161,14.92,,1010,0.000,2609,395,0
2017/3/22,14:22:30,2.31e3,75183,14.92,,1010,0.000,2604,385,0
2017/3/22,14:22:45,2.20e3,71695,14.93,,1010,0.000,2596,397,0
2017/3/22,14:23:00,2.15e3,70033,14.93,,1010,0.000,2592,388,0
2017/3/22,14:23:15,2.07e3,67324,14.93,,1010,0.000,2593,428,0
2017/3/22,14:23:30,1.98e3,64594,14.93,,1010,0.000,2583,416,0
2017/3/22,14:23:45,2.00e3,65212,14.93,,1010,0.000,2598,417,0
2017/3/22,14:24:00,1.95e3,63389,14.93,,1010,0.000,2569,443,0
2017/3/22,14:24:15,1.84e3,60052,14.94,,1010,0.000,2579,421,0
2017/3/22,14:24:30,1.75e3,57045,14.94,,1010,0.000,2602,402,0
2017/3/22,14:24:45,1.71e3,55710,14.94,,1010,0.000,2626,375,0
2017/3/22,14:25:00,1.69e3,55223,14.94,,1010,0.000,2622,393,0
2017/3/22,14:25:15,1.66e3,54054,14.94,,1010,0.000,2585,429,0
2017/3/22,14:25:30,1.56e3,50787,14.95,,1010,0.000,2614,367,0
2017/3/22,14:25:45,1.52e3,49531,14.95,,1010,0.000,2631,379,0
2017/3/22,14:26:00,1.48e3,48236,14.95,,1010,0.000,2612,400,0
2017/3/22,14:26:15,1.41e3,46104,14.95,,1010,0.000,2574,432,0
2017/3/22,14:26:30,1.38e3,44970,14.95,,1010,0.000,2620,397,0
2017/3/22,14:26:45,1.35e3,44118,14.95,,1010,0.000,2619,396,0
2017/3/22,14:27:00,1.35e3,43936,14.95,,1010,0.000,2608,426,0
2017/3/22,14:27:15,1.30e3,42539,14.95,,1010,0.000,2586,424,0
2017/3/22,14:27:30,1.23e3,39976,14.96,,1010,0.000,2587,444,0
2017/3/22,14:27:45,1.18e3,38456,14.96,,1010,0.000,2607,405,0
2017/3/22,14:28:00,1.14e3,37350,14.96,,1010,0.000,2612,410,0
2017/3/22,14:28:15,1.13e3,36747,14.96,,1010,0.000,2584,435,0
2017/3/22,14:28:30,1.09e3,35616,14.96,,1010,0.000,2608,388,0
2017/3/22,14:28:45,1.05e3,34243,14.96,,1010,0.000,2608,399,0
2017/3/22,14:29:00,1.03e3,33574,14.96,,1010,0.000,2617,397,0
2017/3/22,14:29:15,1.00e3,32634,14.96,,1010,0.000,2609,404,0
2017/3/22,14:29:30,969,31524,14.97,,1010,0.000,2591,427,0
2017/3/22,14:29:45,940,30561,14.97,,1010,0.000,2584,439,0
2017/3/22,14:30:00,912,29651,14.97,,1010,0.000,2584,445,0
2017/3/22,14:30:15,905,29434,14.97,,1010,0.000,2604,441,0
2017/3/22,14:30:30,883,28718,14.97,,1010,0.000,2623,400,0
2017/3/22,14:30:45,854,27770,14.97,,1010,0.000,2579,447,0
2017/3/22,14:31:00,829,26964,14.97,,1010,0.000,2596,419,0
2017/3/22,14:31:15,828,26913,14.97,,1010,0.000,2619,394,0
2017/3/22,14:31:30,802,26073,14.97,,1010,0.000,2595,416,0
2017/3/22,14:31:45,760,24703,14.97,,1010,0.000,2607,390,0
2017/3/22,14:32:00,732,23822,14.97,,1010,0.000,2607,433,0
2017/3/22,14:32:15,723,23524,14.97,,1010,0.000,2617,422,0
2017/3/22,14:32:30,701,22804,14.98,,1010,0.000,2600,413,0
2017/3/22,14:32:45,713,23190,14.97,,1010,0.000,2592,433,0
2017/3/22,14:33:00,688,22371,14.98,,1010,0.000,2604,404,0
2017/3/22,14:33:15,670,21795,14.98,,1010,0.000,2597,441,0
2017/3/22,14:33:30,651,21174,14.98,,1010,0.000,2623,412,0
2017/3/22,14:33:45,640,20800,14.98,,1010,0.000,2630,379,0
2017/3/22,14:34:00,605,19666,14.98,,1010,0.000,2613,415,0
2017/3/22,14:34:15,601,19535,14.98,,1010,0.000,2603,426,0
2017/3/22,14:34:30,590,19199,14.98,,1010,0.000,2614,400,0
2017/3/22,14:34:45,590,19194,14.98,,1010,0.000,2584,439,0
2017/3/22,14:35:00,577,18753,14.98,,1010,0.000,2587,439,0
2017/3/22,14:35:15,553,17977,14.98,,1010,0.000,2604,429,0
2017/3/22,14:35:30,533,17326,14.98,,1010,0.000,2579,465,0
2017/3/22,14:35:45,532,17298,14.98,,1010,0.000,2586,422,0
2017/3/22,14:36:00,537,17471,14.98,,1010,0.000,2604,405,0
2017/3/22,14:36:15,528,17184,14.98,,1010,0.000,2595,433,0
2017/3/22,14:36:30,514,16735,14.98,,1010,0.000,2587,451,0
2017/3/22,14:36:45,502,16345,14.98,,1010,0.000,2567,447,0
2017/3/22,14:37:00,505,16429,14.98,,1010,0.000,2607,415,0
2017/3/22,14:37:15,495,16091,14.98,,1010,0.000,2592,427,0
2017/3/22,14:37:30,480,15612,14.98,,1010,0.000,2603,432,0
2017/3/22,14:37:45,480,15605,14.98,,1010,0.000,2564,468,0
2017/3/22,14:38:00,473,15401,14.98,,1010,0.000,2561,476,0
2017/3/22,14:38:15,448,14562,14.98,,1010,0.000,2579,451,0
2017/3/22,14:38:30,464,15101,14.98,,1010,0.000,2564,471,0
2017/3/22,14:38:45,462,15035,14.98,,1010,0.000,2600,443,0
2017/3/22,14:39:00,447,14550,14.98,,1010,0.000,2607,426,0
2017/3/22,14:39:15,426,13871,14.98,,1010,0.000,2612,407,0
2017/3/22,14:39:30,429,13959,14.98,,1010,0.000,2580,455,0
2017/3/22,14:39:45,424,13812,14.98,,1010,0.000,2554,477,0
2017/3/22,14:40:00,425,13824,14.98,,1010,0.000,2575,461,0
2017/3/22,14:40:15,410,13338,14.98,,1010,0.000,2592,439,0
2017/3/22,14:40:30,395,12861,14.99,,1010,0.000,2590,449,0
2017/3/22,14:40:45,392,12747,14.99,,1010,0.000,2547,496,0
2017/3/22,14:41:00,390,12680,14.99,,1010,0.000,2609,429,0
2017/3/22,14:41:15,397,12914,14.99,,1010,0.000,2592,434,0
2017/3/22,14:41:30,387,12581,14.99,,1010,0.000,2587,449,0
2017/3/22,14:41:45,382,12432,14.99,,1010,0.000,2548,478,0
2017/3/22,14:42:00,380,12356,14.99,,1010,0.000,2543,500,0
2017/3/22,14:42:15,383,12451,14.99,,1010,0.000,2580,452,0
2017/3/22,14:42:30,360,11716,14.99,,1010,0.000,2567,483,0
2017/3/22,14:42:45,353,11473,14.99,,1010,0.000,2581,441,0
2017/3/22,14:43:00,357,11603,14.99,,1010,0.000,2573,472,0
2017/3/22,14:43:15,365,11886,14.99,,1010,0.000,2576,446,0
2017/3/22,14:43:30,351,11414,14.99,,1010,0.000,2591,439,0
2017/3/22,14:43:45,341,11110,14.99,,1010,0.000,2590,443,0
2017/3/22,14:44:00,343,11158,14.99,,1010,0.000,2578,457,0
2017/3/22,14:44:15,344,11181,14.99,,1010,0.000,2570,461,0
2017/3/22,14:44:30,345,11230,14.99,,1010,0.000,2575,465,0
2017/3/22,14:44:45,352,11456,14.99,,1010,0.000,2590,438,0
2017/3/22,14:45:00,387,12596,14.99,,1010,0.000,2563,498,0
2017/3/22,14:45:15,401,13033,14.99,,1010,0.000,2553,494,0
2017/3/22,14:45:30,384,12491,14.99,,1010,0.000,2581,450,0
2017/3/22,14:45:45,439,14286,14.98,,1010,0.000,2597,441,0
2017/3/22,14:46:00,503,16354,14.98,,1010,0.000,2603,438,0
2017/3/22,14:46:15,565,18364,14.98,,1010,0.000,2595,419,0
2017/3/22,14:46:30,600,19506,14.98,,1010,0.000,2584,451,0
2017/3/22,14:46:45,643,20924,14.98,,1010,0.000,2601,413,0
2017/3/22,14:47:00,673,21900,14.98,,1010,0.000,2601,424,0
2017/3/22,14:47:15,665,21635,14.98,,1010,0.000,2581,456,0
2017/3/22,14:47:30,688,22389,14.98,,1010,0.000,2593,444,0
2017/3/22,14:47:45,677,22025,14.98,,1010,0.000,2600,405,0
2017/3/22,14:48:00,567,18428,14.98,,1010,0.000,2572,467,0
2017/3/22,14:48:15,564,18336,14.98,,1010,0.000,2575,454,0
2017/3/22,14:48:30,613,19948,14.98,,1010,0.000,2590,440,0
2017/3/22,14:48:45,649,21117,14.98,,1010,0.000,2615,405,0
2017/3/22,14:49:00,684,22256,14.98,,1010,0.000,2581,445,0
2017/3/22,14:49:15,688,22371,14.98,,1010,0.000,2606,419,0
2017/3/22,14:49:30,737,23983,14.97,,1010,0.000,2564,495,0
2017/3/22,14:49:45,737,23982,14.97,,1010,0.000,2586,440,0
2017/3/22,14:50:00,777,25270,14.97,,1010,0.000,2607,411,0
2017/3/22,14:50:15,823,26757,14.97,,1010,0.000,2590,422,0
2017/3/22,14:50:30,796,25886,14.97,,1010,0.000,2603,416,0
2017/3/22,14:50:45,783,25451,14.97,,1010,0.000,2596,413,0
2017/3/22,14:51:00,735,23905,14.97,,1010,0.000,2558,483,0
2017/3/22,14:51:15,708,23023,14.97,,1010,0.000,2603,410,0
2017/3/22,14:51:30,677,22032,14.98,,1010,0.000,2626,388,0
2017/3/22,14:51:45,669,21754,14.98,,1010,0.000,2607,401,0
2017/3/22,14:52:00,681,22154,14.98,,1010,0.000,2563,451,0
2017/3/22,14:52:15,649,21124,14.98,,1010,0.000,2579,484,0
2017/3/22,14:52:30,625,20339,14.98,,1010,0.000,2579,430,0
2017/3/22,14:52:45,624,20304,14.98,,1010,0.000,2575,444,0
2017/3/22,14:53:00,604,19641,14.98,,1010,0.000,2568,444,0
2017/3/22,14:53:15,599,19473,14.98,,1010,0.000,2568,455,0
2017/3/22,14:53:30,589,19154,14.98,,1010,0.000,2569,484,0
2017/3/22,14:53:45,583,18972,14.98,,1010,0.000,2587,458,0
2017/3/22,14:54:00,554,18013,14.98,,1010,0.000,2584,457,0
2017/3/22,14:54:15,556,18087,14.98,,1010,0.000,2558,469,0
2017/3/22,14:54:30,544,17695,14.98,,1010,0.000,2564,469,0
2017/3/22,14:54:45,534,17370,14.98,,1010,0.000,2591,421,0
2017/3/22,14:55:00,523,17028,14.98,,1010,0.000,2561,471,0
2017/3/22,14:55:15,510,16605,14.98,,1010,0.000,2596,429,0
2017/3/22,14:55:30,505,16425,14.98,,1010,0.000,2590,439,0
2017/3/22,14:55:45,488,15880,14.98,,1010,0.000,2574,457,0
2017/3/22,14:56:00,487,15849,14.98,,1010,0.000,2548,477,0
2017/3/22,14:56:15,479,15572,14.98,,1010,0.000,2598,437,0
2017/3/22,14:56:30,468,15222,14.98,,1010,0.000,2587,433,0
2017/3/22,14:56:45,461,14991,14.98,,1010,0.000,2568,465,0
2017/3/22,14:57:00,450,14629,14.98,,1010,0.000,2561,463,0
2017/3/22,14:57:15,450,14648,14.98,,1010,0.000,2558,477,0
2017/3/22,14:57:30,427,13896,14.98,,1010,0.000,2572,472,0
2017/3/22,14:57:45,419,13644,14.98,,1010,0.000,2561,472,0
2017/3/22,14:58:00,416,13529,14.98,,1010,0.000,2590,444,0
2017/3/22,14:58:15,416,13545,14.98,,1010,0.000,2606,408,0
2017/3/22,14:58:30,412,13411,14.98,,1010,0.000,2553,501,0
2017/3/22,14:58:45,399,12993,14.99,,1010,0.000,2534,482,0
2017/3/22,14:59:00,389,12666,14.99,,1010,0.000,2546,493,0
2017/3/22,14:59:15,387,12591,14.99,,1010,0.000,2542,483,0
2017/3/22,14:59:30,385,12515,14.99,,1010,0.000,2562,466,0
2017/3/22,14:59:45,376,12240,14.99,,1010,0.000,2581,458,0
2017/3/22,15:00:00,373,12133,14.99,,1010,0.000,2558,471,0
2017/3/22,15:00:15,361,11762,14.99,,1010,0.000,2545,517,0
2017/3/22,15:00:30,360,11705,14.99,,1010,0.000,2572,479,0
2017/3/22,15:00:45,346,11251,14.99,,1010,0.000,2567,472,0
2017/3/22,15:01:00,341,11098,14.99,,1010,0.000,2563,477,0
2017/3/22,15:01:15,336,10930,14.99,,1010,0.000,2552,498,0
2017/3/22,15:01:30,337,10973,14.99,,1010,0.000,2573,462,0
2017/3/22,15:01:45,331,10770,14.99,,1010,0.000,2547,490,0
2017/3/22,15:02:00,327,10658,14.99,,1010,0.000,2581,467,0
2017/3/22,15:02:15,322,10497,14.99,,1010,0.000,2569,473,0
2017/3/22,15:02:30,323,10498,14.99,,1010,0.000,2569,493,0
2017/3/22,15:02:45,322,10476,14.99,,1010,0.000,2563,465,0
2017/3/22,15:03:00,327,10653,14.99,,1011,0.000,2578,469,0
2017/3/22,15:03:15,467,15189,14.98,,1010,0.000,2585,433,0
2017/3/22,15:03:30,378,12302,14.99,,1010,0.000,2567,465,0
2017/3/22,15:03:45,354,11525,14.99,,1010,0.000,2573,454,0
2017/3/22,15:04:00,350,11397,14.99,,1010,0.000,2558,474,0
2017/3/22,15:04:15,340,11050,14.99,,1010,0.000,2539,513,0
2017/3/22,15:04:30,330,10752,14.99,,1010,0.000,2521,511,0
2017/3/22,15:04:45,324,10542,14.99,,1010,0.000,2586,458,0
2017/3/22,15:05:00,325,10580,14.99,,1010,0.000,2550,487,0
2017/3/22,15:05:15,314,10223,14.99,,1010,0.000,2587,460,0
2017/3/22,15:05:30,308,10023,14.99,,1010,0.000,2570,473,0
2017/3/22,15:05:45,315,10245,14.99,,1010,0.000,2581,430,0
2017/3/22,15:06:00,339,11036,14.99,,1011,0.000,2557,449,0
2017/3/22,15:06:15,366,11897,14.99,,1010,0.000,2580,439,0
2017/3/22,15:06:30,373,12130,14.99,,1010,0.000,2558,458,0
2017/3/22,15:06:45,368,11968,14.99,,1010,0.000,2564,452,0
