TSI CPC DATA VERSION 3
1490195833,2017/3/22,15:17:13
15
1.08,130
Model 3783 Ver 1.27 S/N 3783111302
"Date","Time","Concentration","Count"," Live-Time","Blank","Abs Press"," Analog In","Pulse Height"," Pulse STD","Status Flags"
2017/3/22,15:17:15,2.25e3,73270,14.92,,1011,0.000,2561,462,0
2017/3/22,15:17:30,2.20e3,71723,14.92,,1011,0.000,2601,395,0
2017/3/22,15:17:45,2.21e3,71949,14.92,,1011,0.000,2575,439,0
2017/3/22,15:18:00,2.19e3,71360,14.93,,1011,0.000,2612,397,0
2017/3/22,15:18:15,2.13e3,69532,14.93,,1011,0.000,2564,449,0
2017/3/22,15:18:30,2.11e3,68896,14.93,,1011,0.000,2565,438,0
2017/3/22,15:18:45,2.09e3,67946,14.93,,1011,0.000,2579,437,0
2017/3/22,15:19:00,2.07e3,67489,14.93,,1011,0.000,2591,422,0
2017/3/22,15:19:15,2.05e3,66738,14.93,,1011,0.000,2585,419,0
2017/3/22,15:19:30,2.02e3,65766,14.93,,1011,0.000,2593,433,0
2017/3/22,15:19:45,1.98e3,64522,14.93,,1011,0.000,2554,463,0
2017/3/22,15:20:00,1.95e3,63558,14.93,,1011,0.000,2572,441,0
2017/3/22,15:20:15,1.93e3,62924,14.93,,1011,0.000,2567,454,0
2017/3/22,15:20:30,1.92e3,62622,14.93,,1011,0.000,2609,410,0
2017/3/22,15:20:45,1.88e3,61203,14.94,,1011,0.000,2598,422,0
2017/3/22,15:21:00,1.87e3,60924,14.94,,1011,0.000,2576,421,0
2017/3/22,15:21:15,1.84e3,60114,14.94,,1011,0.000,2552,460,0
2017/3/22,15:21:30,1.84e3,59960,14.94,,1011,0.000,2575,457,0
2017/3/22,15:21:45,1.98e3,64373,14.93,,1011,0.000,2542,483,0
2017/3/22,15:22:00,2.30e3,74967,14.92,,1011,0.000,2550,466,0
2017/3/22,15:22:15,2.35e3,76685,14.92,,1011,0.000,2565,429,0
2017/3/22,15:22:30,2.86e3,92916,14.9,,1011,0.000,2581,421,0
2017/3/22,15:22:45,2.61e3,85090,14.91,,1011,0.000,2576,435,0
2017/3/22,15:23:00,7.96e3,252380,14.75,,1011,0.000,2543,416,0
2017/3/22,15:23:15,2.93e4,879290,14.16,,1011,0.000,2363,446,0
2017/3/22,15:23:30,3.36e4,1017556,14.03,,1011,0.000,2301,457,0
2017/3/22,15:23:45,2.85e4,874444,14.16,,1011,0.000,2342,429,0
2017/3/22,15:24:00,3.42e4,1038580,14.01,,1011,0.000,2294,447,0
2017/3/22,15:24:15,3.93e4,1183866,13.88,,1011,0.000,2249,445,0
2017/3/22,15:24:30,4.50e4,1339132,13.73,,1011,0.000,2202,432,0
2017/3/22,15:24:45,6.61e4,1892908,13.21,,1011,0.000,2014,455,0
2017/3/22,15:25:00,1.03e5,2751895,12.33,,1011,0.000,1903,472,0
2017/3/22,15:25:15,1.27e5,3260985,11.78,,1011,0.000,1798,463,0
2017/3/22,15:25:30,1.43e5,3558766,11.44,,1011,0.000,1774,485,0
2017/3/22,15:25:45,1.75e5,4108826,10.78,,1011,0.000,1687,482,0
2017/3/22,15:26:00,2.26e5,4806962,9.839,,1011,0.000,1608,512,0
2017/3/22,15:26:15,2.68e5,5268254,9.116,,1011,0.000,1573,512,0
2017/3/22,15:26:30,2.65e5,5261751,9.148,,1011,0.000,1546,504,0
2017/3/22,15:26:45,2.82e5,5422162,8.872,,1011,0.000,1530,522,0
2017/3/22,15:27:00,3.03e5,5597435,8.546,,1011,0.000,1536,512,0
2017/3/22,15:27:15,3.23e5,5766551,8.224,,1011,0.000,1481,528,0
2017/3/22,15:27:30,3.31e5,5823263,8.113,,1011,0.000,1455,531,0
2017/3/22,15:27:45,3.36e5,5854165,8.031,,1011,0.000,1464,528,0
2017/3/22,15:28:00,3.56e5,5981598,7.749,,1011,0.000,1429,509,0
2017/3/22,15:28:15,3.63e5,6011618,7.652,,1011,0.000,1480,561,0
2017/3/22,15:28:30,3.63e5,6022465,7.652,,1011,0.000,1422,518,0
2017/3/22,15:28:45,3.76e5,6094208,7.463,,1011,0.000,1429,499,0
2017/3/22,15:29:00,3.88e5,6150333,7.307,,1011,0.000,1484,546,0
2017/3/22,15:29:15,3.88e5,6147526,7.309,,1011,0.000,1464,563,0
2017/3/22,15:29:30,3.99e5,6191295,7.167,,1011,0.000,1434,554,0
2017/3/22,15:29:45,4.02e5,6213890,7.122,,1011,0.000,1450,557,0
2017/3/22,15:30:00,4.05e5,6225777,7.089,,1011,0.000,1434,531,0
2017/3/22,15:30:15,4.03e5,6210683,7.11,,1011,0.000,1424,520,0
2017/3/22,15:30:30,4.11e5,6244313,7.012,,1011,0.000,1420,578,0
2017/3/22,15:30:45,4.15e5,6254974,6.95,,1011,0.000,1440,551,0
2017/3/22,15:31:00,4.17e5,6269101,6.931,,1011,0.000,1428,567,0
2017/3/22,15:31:15,4.13e5,6253650,6.974,,1011,0.000,1413,534,0
2017/3/22,15:31:30,4.16e5,6265699,6.942,,1011,0.000,1478,581,0
2017/3/22,15:31:45,4.11e5,6211731,7.043,,1011,0.000,1422,567,0
2017/3/22,15:32:00,4.11e5,6248010,7.018,,1011,0.000,1416,539,0
2017/3/22,15:32:15,4.09e5,6242221,7.041,,1011,0.000,1411,538,0
2017/3/22,15:32:30,4.09e5,6232399,7.032,,1011,0.000,1394,527,0
2017/3/22,15:32:45,4.12e5,6251429,6.994,,1011,0.000,1420,535,0
2017/3/22,15:33:00,4.15e5,6259051,6.95,,1011,0.000,1441,541,0
2017/3/22,15:33:15,4.10e5,6236322,7.006,,1011,0.000,1420,546,0
2017/3/22,15:33:30,4.04e5,6213570,7.094,,1011,0.000,1420,528,0
2017/3/22,15:33:45,4.06e5,6223386,7.059,,1011,0.000,1435,527,0
2017/3/22,15:34:00,4.00e5,6202044,7.142,,1011,0.000,1467,574,0
2017/3/22,15:34:15,3.96e5,6174489,7.193,,1011,0.000,1440,535,0
2017/3/22,15:34:30,3.86e5,6132655,7.332,,1011,0.000,1488,554,0
2017/3/22,15:34:45,3.91e5,6160458,7.255,,1011,0.000,1483,561,0
2017/3/22,15:35:00,3.94e5,6173333,7.228,,1011,0.000,1453,527,0
2017/3/22,15:35:15,3.97e5,6183428,7.188,,1011,0.000,1435,535,0
2017/3/22,15:35:30,3.95e5,6178498,7.213,,1011,0.000,1402,566,0
2017/3/22,15:35:45,3.96e5,6185243,7.193,,1011,0.000,1445,533,0
2017/3/22,15:36:00,4.00e5,6199849,7.15,,1011,0.000,1429,549,0
2017/3/22,15:36:15,3.97e5,6179408,7.184,,1011,0.000,1446,556,0
2017/3/22,15:36:30,4.03e5,6204180,7.11,,1011,0.000,1417,546,0
2017/3/22,15:36:45,3.94e5,6166380,7.216,,1011,0.000,1425,520,0
2017/3/22,15:37:00,3.91e5,6160257,7.263,,1011,0.000,1444,572,0
2017/3/22,15:37:15,3.84e5,6119688,7.346,,1011,0.000,1456,531,0
2017/3/22,15:37:30,3.81e5,6104052,7.386,,1011,0.000,1468,554,0
2017/3/22,15:37:45,3.77e5,6091554,7.453,,1011,0.000,1444,557,0
2017/3/22,15:38:00,3.83e5,6119751,7.371,,1011,0.000,1439,535,0
2017/3/22,15:38:15,3.76e5,6085746,7.466,,1011,0.000,1456,550,0
2017/3/22,15:38:30,3.75e5,6076200,7.481,,1011,0.000,1463,531,0
2017/3/22,15:38:45,3.86e5,6127199,7.328,,1011,0.000,1429,546,0
2017/3/22,15:39:00,3.70e5,6055684,7.547,,1011,0.000,1450,540,0
2017/3/22,15:39:15,3.65e5,6029967,7.612,,1011,0.000,1420,544,0
2017/3/22,15:39:30,3.62e5,6005602,7.652,,1011,0.000,1475,562,0
2017/3/22,15:39:45,3.48e5,5926723,7.848,,1011,0.000,1466,535,0
2017/3/22,15:40:00,3.51e5,5951218,7.805,,1011,0.000,1456,517,0
2017/3/22,15:40:15,3.48e5,5922420,7.848,,1011,0.000,1499,555,0
2017/3/22,15:40:30,3.40e5,5875580,7.966,,1011,0.000,1486,556,0
2017/3/22,15:40:45,3.38e5,5861285,7.991,,1011,0.000,1488,539,0
2017/3/22,15:41:00,3.30e5,5810821,8.123,,1011,0.000,1479,520,0
2017/3/22,15:41:15,3.25e5,5771830,8.185,,1011,0.000,1558,576,0
2017/3/22,15:41:30,3.21e5,5742855,8.252,,1011,0.000,1502,539,0
2017/3/22,15:41:45,3.14e5,5694462,8.351,,1011,0.000,1494,548,0
2017/3/22,15:42:00,3.22e5,5745921,8.235,,1011,0.000,1503,550,0
2017/3/22,15:42:15,3.19e5,5727949,8.274,,1011,0.000,1489,545,0
2017/3/22,15:42:30,3.09e5,5655386,8.431,,1011,0.000,1520,533,0
2017/3/22,15:42:45,3.04e5,5608957,8.511,,1011,0.000,1524,548,0
2017/3/22,15:43:00,3.00e5,5582442,8.578,,1011,0.000,1525,520,0
2017/3/22,15:43:15,2.91e5,5503778,8.705,,1011,0.000,1507,534,0
2017/3/22,15:43:30,2.93e5,5521296,8.674,,1011,0.000,1549,552,0
2017/3/22,15:43:45,2.98e5,5566572,8.599,,1011,0.000,1522,509,0
2017/3/22,15:44:00,2.99e5,5572333,8.59,,1011,0.000,1511,537,0
2017/3/22,15:44:15,2.96e5,5542044,8.642,,1011,0.000,1555,556,0
2017/3/22,15:44:30,2.97e5,5551214,8.619,,1011,0.000,1503,523,0
2017/3/22,15:44:45,2.98e5,5563541,8.601,,1011,0.000,1520,531,0
2017/3/22,15:45:00,3.02e5,5586062,8.539,,1011,0.000,1549,551,0
2017/3/22,15:45:15,2.92e5,5511122,8.693,,1011,0.000,1533,537,0
2017/3/22,15:45:30,2.87e5,5468042,8.775,,1011,0.000,1512,517,0
2017/3/22,15:45:45,2.79e5,5388016,8.902,,1011,0.000,1558,532,0
2017/3/22,15:46:00,2.96e5,5540693,8.63,,1011,0.000,1520,505,0
2017/3/22,15:46:15,2.88e5,5470712,8.77,,1011,0.000,1552,550,0
2017/3/22,15:46:30,2.82e5,5413462,8.859,,1011,0.000,1546,540,0
2017/3/22,15:46:45,2.79e5,5393690,8.899,,1011,0.000,1546,521,0
2017/3/22,15:47:00,2.77e5,5367240,8.951,,1011,0.000,1562,529,0
2017/3/22,15:47:15,2.95e5,5532448,8.665,,1011,0.000,1525,523,0
2017/3/22,15:47:30,3.04e5,5614357,8.516,,1011,0.000,1503,533,0
2017/3/22,15:47:45,2.86e5,5458215,8.799,,1011,0.000,1520,485,0
2017/3/22,15:48:00,2.87e5,5475094,8.778,,1011,0.000,1552,522,0
2017/3/22,15:48:15,2.79e5,5395871,8.909,,1011,0.000,1549,549,0
2017/3/22,15:48:30,2.87e5,5445251,8.817,,1011,0.000,1500,498,0
2017/3/22,15:48:45,2.84e5,5437783,8.833,,1011,0.000,1514,529,0
2017/3/22,15:49:00,2.85e5,5454451,8.812,,1011,0.000,1561,512,0
2017/3/22,15:49:15,2.64e5,5237546,9.155,,1011,0.000,1557,523,0
2017/3/22,15:49:30,2.40e5,4982008,9.572,,1011,0.000,1572,491,0
2017/3/22,15:49:45,2.39e5,4978140,9.576,,1011,0.000,1585,520,0
2017/3/22,15:50:00,2.39e5,4978677,9.579,,1011,0.000,1593,522,0
2017/3/22,15:50:15,2.36e5,4933272,9.642,,1011,0.000,1614,520,0
2017/3/22,15:50:30,2.38e5,4962475,9.602,,1011,0.000,1569,513,0
2017/3/22,15:50:45,2.39e5,4965673,9.585,,1011,0.000,1561,500,0
2017/3/22,15:51:00,2.47e5,5070718,9.447,,1011,0.000,1574,510,0
2017/3/22,15:51:15,2.40e5,4988925,9.56,,1011,0.000,1584,522,0
2017/3/22,15:51:30,2.42e5,5010759,9.533,,1011,0.000,1601,529,0
2017/3/22,15:51:45,2.46e5,5048647,9.464,,1011,0.000,1571,491,0
2017/3/22,15:52:00,2.55e5,5153054,9.315,,1011,0.000,1540,499,0
2017/3/22,15:52:15,2.51e5,5109393,9.383,,1011,0.000,1545,505,0
2017/3/22,15:52:30,2.59e5,5198649,9.24,,1011,0.000,1534,521,0
2017/3/22,15:52:45,2.63e5,5233005,9.184,,1011,0.000,1524,515,0
2017/3/22,15:53:00,2.57e5,5176538,9.289,,1011,0.000,1567,506,0
2017/3/22,15:53:15,2.48e5,5077001,9.444,,1011,0.000,1584,517,0
2017/3/22,15:53:30,2.48e5,5073936,9.435,,1011,0.000,1600,496,0
2017/3/22,15:53:45,2.52e5,5120189,9.366,,1011,0.000,1562,515,0
2017/3/22,15:54:00,2.44e5,5029902,9.51,,1011,0.000,1580,526,0
2017/3/22,15:54:15,2.40e5,4986775,9.562,,1011,0.000,1621,531,0
2017/3/22,15:54:30,2.36e5,4932362,9.643,,1011,0.000,1572,498,0
2017/3/22,15:54:45,2.25e5,4808560,9.826,,1011,0.000,1594,491,0
2017/3/22,15:55:00,2.15e5,4683033,10.01,,1011,0.000,1617,506,0
2017/3/22,15:55:15,2.10e5,4603413,10.1,,1011,0.000,1635,505,0
2017/3/22,15:55:30,2.02e5,4497176,10.25,,1011,0.000,1630,509,0
2017/3/22,15:55:45,1.96e5,4416345,10.37,,1011,0.000,1650,484,0
2017/3/22,15:56:00,1.94e5,4380777,10.41,,1011,0.000,1647,499,0
2017/3/22,15:56:15,1.85e5,4259600,10.57,,1011,0.000,1679,512,0
2017/3/22,15:56:30,1.82e5,4202338,10.64,,1011,0.000,1702,491,0
2017/3/22,15:56:45,1.77e5,4135638,10.73,,1011,0.000,1676,493,0
2017/3/22,15:57:00,1.74e5,4076025,10.81,,1011,0.000,1726,504,0
2017/3/22,15:57:15,1.66e5,3955957,10.95,,1011,0.000,1710,507,0
2017/3/22,15:57:30,1.60e5,3851762,11.08,,1011,0.000,1710,482,0
2017/3/22,15:57:45,1.57e5,3798320,11.14,,1011,0.000,1738,509,0
2017/3/22,15:58:00,1.55e5,3771120,11.18,,1011,0.000,1721,468,0
2017/3/22,15:58:15,1.52e5,3709470,11.25,,1011,0.000,1748,509,0
2017/3/22,15:58:30,1.47e5,3620279,11.36,,1011,0.000,1750,488,0
2017/3/22,15:58:45,1.41e5,3521970,11.47,,1011,0.000,1772,469,0
2017/3/22,15:59:00,1.37e5,3448144,11.56,,1011,0.000,1732,515,0
2017/3/22,15:59:15,1.33e5,3363268,11.65,,1011,0.000,1801,466,0
2017/3/22,15:59:30,1.29e5,3296232,11.73,,1011,0.000,1791,496,0
2017/3/22,15:59:45,1.25e5,3220690,11.81,,1011,0.000,1799,484,0
2017/3/22,16:00:00,1.20e5,3108138,11.94,,1011,0.000,1827,476,0
2017/3/22,16:00:15,1.16e5,3028081,12.03,,1011,0.000,1840,479,0
2017/3/22,16:00:30,1.15e5,3008722,12.05,,1011,0.000,1842,483,0
2017/3/22,16:00:45,1.11e5,2930904,12.13,,1011,0.000,1829,494,0
2017/3/22,16:01:00,1.08e5,2865202,12.21,,1011,0.000,1890,463,0
2017/3/22,16:01:15,1.04e5,2780712,12.29,,1011,0.000,1845,484,0
2017/3/22,16:01:30,1.02e5,2731618,12.34,,1011,0.000,1870,493,0
2017/3/22,16:01:45,9.99e4,2684760,12.4,,1011,0.000,1866,483,0
2017/3/22,16:02:00,9.53e4,2584533,12.5,,1011,0.000,1872,455,0
2017/3/22,16:02:15,9.20e4,2509565,12.58,,1011,0.000,1904,454,0
2017/3/22,16:02:30,8.95e4,2453035,12.64,,1011,0.000,1927,461,0
2017/3/22,16:02:45,8.66e4,2387282,12.71,,1011,0.000,1953,441,0
2017/3/22,16:03:00,8.33e4,2310810,12.79,,1011,0.000,1907,484,0
2017/3/22,16:03:15,8.14e4,2266291,12.83,,1011,0.000,1939,489,0
2017/3/22,16:03:30,7.88e4,2203838,12.89,,1011,0.000,1975,449,0
2017/3/22,16:03:45,7.55e4,2123087,12.97,,1011,0.000,1967,478,0
2017/3/22,16:04:00,7.30e4,2064131,13.03,,1011,0.000,1971,460,0
2017/3/22,16:04:15,7.08e4,2009600,13.09,,1011,0.000,1993,440,0
2017/3/22,16:04:30,6.89e4,1964004,13.13,,1011,0.000,1999,460,0
2017/3/22,16:04:45,6.71e4,1917803,13.18,,1011,0.000,2005,484,0
2017/3/22,16:05:00,6.45e4,1852910,13.24,,1011,0.000,2048,440,0
2017/3/22,16:05:15,6.09e4,1759545,13.33,,1011,0.000,2021,482,0
2017/3/22,16:05:30,6.06e4,1752808,13.34,,1011,0.000,2036,474,0
2017/3/22,16:05:45,5.90e4,1710815,13.38,,1011,0.000,2076,474,0
2017/3/22,16:06:00,5.75e4,1674454,13.41,,1011,0.000,2075,461,0
2017/3/22,16:06:15,5.63e4,1641946,13.44,,1011,0.000,2127,455,0
2017/3/22,16:06:30,5.36e4,1570064,13.51,,1011,0.000,2094,490,0
2017/3/22,16:06:45,5.12e4,1506808,13.57,,1011,0.000,2128,494,0
2017/3/22,16:07:00,4.99e4,1472653,13.6,,1011,0.000,2094,499,0
2017/3/22,16:07:15,4.78e4,1417168,13.65,,1011,0.000,2193,446,0
2017/3/22,16:07:30,4.67e4,1386189,13.68,,1011,0.000,2178,461,0
2017/3/22,16:07:45,4.48e4,1334943,13.73,,1011,0.000,2161,488,0
2017/3/22,16:08:00,4.42e4,1317454,13.75,,1011,0.000,2171,489,0
2017/3/22,16:08:15,4.26e4,1276166,13.79,,1011,0.000,2172,480,0
2017/3/22,16:08:30,4.15e4,1243223,13.82,,1011,0.000,2202,467,0
2017/3/22,16:08:45,3.94e4,1187448,13.87,,1011,0.000,2208,484,0
2017/3/22,16:09:00,3.81e4,1148824,13.91,,1011,0.000,2248,469,0
2017/3/22,16:09:15,3.68e4,1114206,13.94,,1011,0.000,2255,488,0
2017/3/22,16:09:30,3.59e4,1089024,13.96,,1011,0.000,2263,480,0
2017/3/22,16:09:45,3.50e4,1062793,13.98,,1011,0.000,2279,468,0
2017/3/22,16:10:00,3.40e4,1035266,14.01,,1011,0.000,2285,469,0
2017/3/22,16:10:15,3.33e4,1014692,14.03,,1011,0.000,2305,446,0
2017/3/22,16:10:30,3.13e4,956580,14.08,,1011,0.000,2320,452,0
2017/3/22,16:10:45,3.06e4,936580,14.1,,1011,0.000,2305,469,0
2017/3/22,16:11:00,3.10e4,948187,14.09,,1011,0.000,2302,485,0
2017/3/22,16:11:15,3.01e4,923825,14.11,,1011,0.000,2292,484,0
2017/3/22,16:11:30,2.89e4,886673,14.15,,1011,0.000,2325,472,0
2017/3/22,16:11:45,2.70e4,831412,14.2,,1011,0.000,2352,449,0
2017/3/22,16:12:00,2.60e4,804784,14.23,,1011,0.000,2399,437,0
2017/3/22,16:12:15,2.57e4,793634,14.24,,1011,0.000,2357,471,0
2017/3/22,16:12:30,2.52e4,779150,14.25,,1011,0.000,2358,476,0
2017/3/22,16:12:45,2.35e4,729688,14.3,,1011,0.000,2396,444,0
2017/3/22,16:13:00,2.28e4,710640,14.31,,1011,0.000,2392,460,0
2017/3/22,16:13:15,2.20e4,685196,14.34,,1011,0.000,2407,444,0
2017/3/22,16:13:30,2.17e4,677111,14.34,,1012,0.000,2374,487,0
2017/3/22,16:13:45,2.12e4,661450,14.36,,1012,0.000,2415,452,0
2017/3/22,16:14:00,2.01e4,627678,14.39,,1011,0.000,2430,437,0
2017/3/22,16:14:15,1.95e4,610031,14.41,,1012,0.000,2412,440,0
2017/3/22,16:14:30,1.80e4,565405,14.45,,1012,0.000,2452,450,0
2017/3/22,16:14:45,1.81e4,569728,14.45,,1012,0.000,2441,447,0
2017/3/22,16:15:00,1.86e4,583962,14.43,,1012,0.000,2409,466,0
2017/3/22,16:15:15,1.81e4,567129,14.45,,1012,0.000,2462,407,0
2017/3/22,16:15:30,1.68e4,530083,14.48,,1012,0.000,2448,439,0
2017/3/22,16:15:45,1.57e4,495849,14.51,,1012,0.000,2448,454,0
2017/3/22,16:16:00,1.51e4,476918,14.53,,1011,0.000,2468,454,0
2017/3/22,16:16:15,1.43e4,453465,14.56,,1011,0.000,2442,467,0
2017/3/22,16:16:30,1.45e4,458920,14.55,,1012,0.000,2457,445,0
2017/3/22,16:16:45,1.38e4,437449,14.57,,1012,0.000,2475,458,0
2017/3/22,16:17:00,1.27e4,405259,14.6,,1012,0.000,2486,418,0
2017/3/22,16:17:15,1.25e4,397827,14.61,,1012,0.000,2518,397,0
2017/3/22,16:17:30,1.21e4,385201,14.62,,1012,0.000,2512,412,0
2017/3/22,16:17:45,1.20e4,380692,14.62,,1011,0.000,2482,435,0
2017/3/22,16:18:00,1.13e4,361283,14.64,,1012,0.000,2484,456,0
2017/3/22,16:18:15,1.10e4,351351,14.65,,1012,0.000,2531,416,0
2017/3/22,16:18:30,1.09e4,348549,14.65,,1011,0.000,2524,411,0
2017/3/22,16:18:45,1.06e4,337617,14.67,,1012,0.000,2509,412,0
2017/3/22,16:19:00,1.04e4,333444,14.67,,1012,0.000,2532,393,0
2017/3/22,16:19:15,9.80e3,312354,14.69,,1012,0.000,2492,456,0
2017/3/22,16:19:30,9.31e3,297172,14.7,,1012,0.000,2524,440,0
2017/3/22,16:19:45,9.01e3,287948,14.71,,1012,0.000,2506,449,0
2017/3/22,16:20:00,8.90e3,284480,14.72,,1011,0.000,2536,395,0
2017/3/22,16:20:15,8.71e3,278276,14.72,,1011,0.000,2528,421,0
2017/3/22,16:20:30,8.55e3,273459,14.73,,1012,0.000,2541,402,0
2017/3/22,16:20:45,7.91e3,253445,14.75,,1012,0.000,2542,428,0
2017/3/22,16:21:00,7.78e3,249237,14.75,,1012,0.000,2557,405,0
2017/3/22,16:21:15,7.43e3,238147,14.76,,1012,0.000,2564,396,0
2017/3/22,16:21:30,7.26e3,232839,14.77,,1012,0.000,2537,413,0
2017/3/22,16:21:45,7.11e3,228025,14.77,,1012,0.000,2556,412,0
2017/3/22,16:22:00,6.86e3,220269,14.78,,1011,0.000,2543,428,0
2017/3/22,16:22:15,6.47e3,207984,14.79,,1012,0.000,2539,438,0
2017/3/22,16:22:30,6.39e3,205448,14.79,,1011,0.000,2529,435,0
2017/3/22,16:22:45,6.10e3,196144,14.8,,1011,0.000,2548,435,0
2017/3/22,16:23:00,6.14e3,197351,14.8,,1012,0.000,2567,405,0
2017/3/22,16:23:15,5.78e3,186047,14.81,,1012,0.000,2562,423,0
2017/3/22,16:23:30,5.50e3,177368,14.82,,1012,0.000,2564,396,0
2017/3/22,16:23:45,5.31e3,171271,14.83,,1012,0.000,2576,391,0
2017/3/22,16:24:00,5.23e3,168569,14.83,,1011,0.000,2581,395,0
2017/3/22,16:24:15,5.00e3,161199,14.84,,1011,0.000,2581,389,0
2017/3/22,16:24:30,4.94e3,159387,14.84,,1012,0.000,2574,399,0
2017/3/22,16:24:45,4.74e3,153074,14.84,,1012,0.000,2564,428,0
2017/3/22,16:25:00,4.61e3,148865,14.85,,1012,0.000,2559,424,0
2017/3/22,16:25:15,4.47e3,144531,14.85,,1011,0.000,2568,422,0
2017/3/22,16:25:30,4.24e3,137153,14.86,,1011,0.000,2608,367,0
2017/3/22,16:25:45,4.07e3,131746,14.87,,1011,0.000,2576,388,0
2017/3/22,16:26:00,4.16e3,134500,14.86,,1012,0.000,2607,378,0
2017/3/22,16:26:15,3.88e3,125587,14.87,,1012,0.000,2602,373,0
2017/3/22,16:26:30,3.81e3,123383,14.87,,1012,0.000,2584,396,0
2017/3/22,16:26:45,3.66e3,118554,14.88,,1012,0.000,2606,374,0
2017/3/22,16:27:00,3.61e3,116972,14.88,,1012,0.000,2586,402,0
2017/3/22,16:27:15,3.49e3,112894,14.88,,1012,0.000,2578,407,0
2017/3/22,16:27:30,3.32e3,107673,14.89,,1012,0.000,2567,423,0
2017/3/22,16:27:45,3.24e3,105140,14.89,,1011,0.000,2606,375,0
2017/3/22,16:28:00,3.18e3,103222,14.89,,1012,0.000,2611,375,0
2017/3/22,16:28:15,3.07e3,99732,14.9,,1012,0.000,2617,362,0
2017/3/22,16:28:30,2.96e3,96237,14.9,,1012,0.000,2574,407,0
2017/3/22,16:28:45,2.83e3,92128,14.9,,1011,0.000,2617,364,0
2017/3/22,16:29:00,2.83e3,92186,14.9,,1012,0.000,2598,361,0
2017/3/22,16:29:15,2.78e3,90536,14.91,,1012,0.000,2631,358,0
2017/3/22,16:29:30,2.66e3,86725,14.91,,1012,0.000,2603,372,0
2017/3/22,16:29:45,2.61e3,84939,14.91,,1012,0.000,2595,389,0
2017/3/22,16:30:00,2.43e3,79043,14.92,,1012,0.000,2598,386,0
2017/3/22,16:30:15,2.44e3,79367,14.92,,1012,0.000,2598,394,0
2017/3/22,16:30:30,2.32e3,75653,14.92,,1012,0.000,2601,399,0
2017/3/22,16:30:45,2.27e3,74072,14.92,,1012,0.000,2613,382,0
2017/3/22,16:31:00,2.15e3,69966,14.93,,1012,0.000,2623,364,0
2017/3/22,16:31:15,2.12e3,69175,14.93,,1012,0.000,2606,415,0
2017/3/22,16:31:30,2.03e3,66074,14.93,,1012,0.000,2624,354,0
2017/3/22,16:31:45,1.99e3,64989,14.93,,1012,0.000,2606,371,0
2017/3/22,16:32:00,1.92e3,62684,14.93,,1012,0.000,2624,378,0
2017/3/22,16:32:15,1.82e3,59365,14.94,,1012,0.000,2608,402,0
2017/3/22,16:32:30,1.78e3,58011,14.94,,1012,0.000,2619,412,0
2017/3/22,16:32:45,1.74e3,56565,14.94,,1012,0.000,2618,371,0
2017/3/22,16:33:00,1.75e3,56969,14.94,,1012,0.000,2623,378,0
2017/3/22,16:33:15,1.68e3,54865,14.94,,1012,0.000,2625,385,0
2017/3/22,16:33:30,1.58e3,51615,14.95,,1012,0.000,2619,379,0
2017/3/22,16:33:45,1.50e3,48970,14.95,,1012,0.000,2609,388,0
2017/3/22,16:34:00,1.48e3,48152,14.95,,1012,0.000,2613,385,0
2017/3/22,16:34:15,1.43e3,46484,14.95,,1012,0.000,2607,385,0
2017/3/22,16:34:30,1.40e3,45696,14.95,,1012,0.000,2636,358,0
2017/3/22,16:34:45,1.34e3,43598,14.95,,1012,0.000,2642,360,0
2017/3/22,16:35:00,1.29e3,42050,14.96,,1012,0.000,2639,346,0
2017/3/22,16:35:15,1.26e3,41175,14.96,,1012,0.000,2641,352,0
2017/3/22,16:35:30,1.23e3,40243,14.96,,1012,0.000,2628,388,0
2017/3/22,16:35:45,1.18e3,38480,14.96,,1012,0.000,2608,393,0
2017/3/22,16:36:00,1.19e3,38679,14.96,,1012,0.000,2590,428,0
2017/3/22,16:36:15,1.13e3,36878,14.96,,1012,0.000,2600,402,0
2017/3/22,16:36:30,1.12e3,36409,14.96,,1012,0.000,2604,413,0
2017/3/22,16:36:45,1.07e3,34820,14.96,,1012,0.000,2630,362,0
2017/3/22,16:37:00,1.05e3,34265,14.96,,1012,0.000,2634,377,0
2017/3/22,16:37:15,1.02e3,33416,14.96,,1012,0.000,2619,396,0
2017/3/22,16:37:30,998,32455,14.97,,1012,0.000,2639,354,0
2017/3/22,16:37:45,973,31644,14.97,,1012,0.000,2620,404,0
2017/3/22,16:38:00,934,30364,14.97,,1012,0.000,2639,366,0
2017/3/22,16:38:15,916,29791,14.97,,1012,0.000,2617,389,0
2017/3/22,16:38:30,869,28245,14.97,,1012,0.000,2633,368,0
2017/3/22,16:38:45,861,27996,14.97,,1012,0.000,2647,352,0
2017/3/22,16:39:00,838,27252,14.97,,1012,0.000,2614,394,0
2017/3/22,16:39:15,808,26288,14.97,,1012,0.000,2624,384,0
2017/3/22,16:39:30,788,25640,14.97,,1012,0.000,2601,416,0
2017/3/22,16:39:45,766,24915,14.97,,1012,0.000,2617,383,0
2017/3/22,16:40:00,788,25623,14.97,,1012,0.000,2620,399,0
2017/3/22,16:40:15,756,24595,14.97,,1012,0.000,2618,369,0
2017/3/22,16:40:30,731,23765,14.97,,1012,0.000,2628,396,0
2017/3/22,16:40:45,705,22921,14.98,,1012,0.000,2620,406,0
2017/3/22,16:41:00,688,22369,14.98,,1012,0.000,2620,377,0
2017/3/22,16:41:15,695,22603,14.98,,1012,0.000,2618,379,0
2017/3/22,16:41:30,653,21250,14.98,,1012,0.000,2597,407,0
2017/3/22,16:41:45,660,21468,14.98,,1012,0.000,2630,399,0
2017/3/22,16:42:00,634,20617,14.98,,1012,0.000,2612,399,0
2017/3/22,16:42:15,606,19709,14.98,,1012,0.000,2607,405,0
2017/3/22,16:42:30,601,19560,14.98,,1012,0.000,2607,404,0
2017/3/22,16:42:45,586,19060,14.98,,1012,0.000,2606,395,0
2017/3/22,16:43:00,562,18288,14.98,,1012,0.000,2637,379,0
2017/3/22,16:43:15,553,17997,14.98,,1012,0.000,2612,393,0
2017/3/22,16:43:30,534,17372,14.98,,1012,0.000,2641,356,0
2017/3/22,16:43:45,532,17292,14.98,,1012,0.000,2626,385,0
2017/3/22,16:44:00,527,17138,14.98,,1012,0.000,2617,399,0
2017/3/22,16:44:15,517,16819,14.98,,1012,0.000,2614,401,0
2017/3/22,16:44:30,495,16094,14.98,,1012,0.000,2613,412,0
2017/3/22,16:44:45,478,15567,14.98,,1012,0.000,2603,416,0
2017/3/22,16:45:00,485,15787,14.98,,1012,0.000,2624,382,0
2017/3/22,16:45:15,491,15979,14.98,,1012,0.000,2619,394,0
2017/3/22,16:45:30,460,14952,14.98,,1012,0.000,2597,432,0
2017/3/22,16:45:45,457,14854,14.98,,1012,0.000,2593,423,0
2017/3/22,16:46:00,449,14609,14.98,,1012,0.000,2597,430,0
2017/3/22,16:46:15,443,14423,14.98,,1012,0.000,2600,401,0
2017/3/22,16:46:30,429,13963,14.98,,1012,0.000,2608,422,0
2017/3/22,16:46:45,419,13631,14.98,,1012,0.000,2613,429,0
2017/3/22,16:47:00,408,13270,14.99,,1012,0.000,2619,396,0
2017/3/22,16:47:15,408,13268,14.99,,1012,0.000,2612,432,0
2017/3/22,16:47:30,407,13239,14.99,,1012,0.000,2637,375,0
2017/3/22,16:47:45,388,12636,14.99,,1012,0.000,2618,421,0
2017/3/22,16:48:00,377,12284,14.99,,1012,0.000,2615,396,0
2017/3/22,16:48:15,384,12505,14.99,,1012,0.000,2611,417,0
2017/3/22,16:48:30,374,12161,14.99,,1012,0.000,2613,393,0
2017/3/22,16:48:45,365,11875,14.99,,1012,0.000,2597,440,0
2017/3/22,16:49:00,363,11801,14.99,,1012,0.000,2620,405,0
2017/3/22,16:49:15,354,11524,14.99,,1012,0.000,2615,417,0
2017/3/22,16:49:30,342,11121,14.99,,1012,0.000,2623,383,0
2017/3/22,16:49:45,327,10654,14.99,,1012,0.000,2606,411,0
2017/3/22,16:50:00,330,10737,14.99,,1012,0.000,2612,406,0
2017/3/22,16:50:15,323,10525,14.99,,1012,0.000,2596,413,0
2017/3/22,16:50:30,320,10414,14.99,,1012,0.000,2602,406,0
2017/3/22,16:50:45,322,10479,14.99,,1012,0.000,2603,405,0
2017/3/22,16:51:00,316,10294,14.99,,1012,0.000,2592,440,0
2017/3/22,16:51:15,305,9943,14.99,,1012,0.000,2600,422,0
2017/3/22,16:51:30,309,10056,14.99,,1012,0.000,2597,430,0
2017/3/22,16:51:45,304,9896,14.99,,1012,0.000,2648,377,0
2017/3/22,16:52:00,296,9633,14.99,,1012,0.000,2606,418,0
2017/3/22,16:52:15,283,9225,14.99,,1012,0.000,2611,408,0
2017/3/22,16:52:30,290,9445,14.99,,1012,0.000,2586,437,0
2017/3/22,16:52:45,288,9364,14.99,,1012,0.000,2617,410,0
2017/3/22,16:53:00,291,9472,14.99,,1012,0.000,2615,404,0
2017/3/22,16:53:15,293,9535,14.99,,1012,0.000,2618,412,0
2017/3/22,16:53:30,285,9283,14.99,,1012,0.000,2597,440,0
2017/3/22,16:53:45,293,9530,14.99,,1012,0.000,2602,413,0
2017/3/22,16:54:00,286,9322,14.99,,1012,0.000,2604,412,0
2017/3/22,16:54:15,288,9382,14.99,,1012,0.000,2596,451,0
2017/3/22,16:54:30,300,9768,14.99,,1012,0.000,2583,454,0
2017/3/22,16:54:45,305,9919,14.99,,1012,0.000,2608,419,0
2017/3/22,16:55:00,302,9832,14.99,,1012,0.000,2593,451,0
2017/3/22,16:55:15,291,9474,14.99,,1012,0.000,2579,468,0
2017/3/22,16:55:30,309,10051,14.99,,1012,0.000,2624,413,0
2017/3/22,16:55:45,294,9585,14.99,,1012,0.000,2601,423,0
2017/3/22,16:56:00,289,9403,14.99,,1012,0.000,2626,416,0
2017/3/22,16:56:15,289,9400,14.99,,1012,0.000,2604,438,0
2017/3/22,16:56:30,295,9606,14.99,,1012,0.000,2600,419,0
2017/3/22,16:56:45,305,9915,14.99,,1012,0.000,2600,433,0
2017/3/22,16:57:00,296,9640,14.99,,1012,0.000,2593,455,0
2017/3/22,16:57:15,293,9529,14.99,,1012,0.000,2601,433,0
2017/3/22,16:57:30,286,9297,14.99,,1012,0.000,2597,446,0
2017/3/22,16:57:45,306,9946,14.99,,1012,0.000,2565,466,0
2017/3/22,16:58:00,326,10605,14.99,,1012,0.000,2598,423,0
2017/3/22,16:58:15,306,9954,14.99,,1012,0.000,2601,445,0
2017/3/22,16:58:30,308,10033,14.99,,1012,0.000,2603,439,0
2017/3/22,16:58:45,302,9819,14.99,,1012,0.000,2602,446,0
2017/3/22,16:59:00,286,9326,14.99,,1012,0.000,2590,454,0
2017/3/22,16:59:15,300,9758,14.99,,1012,0.000,2609,429,0
2017/3/22,16:59:30,288,9374,14.99,,1012,0.000,2590,449,0
2017/3/22,16:59:45,297,9671,14.99,,1012,0.000,2618,417,0
2017/3/22,17:00:00,307,9980,14.99,,1012,0.000,2585,461,0
2017/3/22,17:00:15,281,9150,14.99,,1012,0.000,2598,443,0
2017/3/22,17:00:30,268,8723,14.99,,1012,0.000,2615,435,0
2017/3/22,17:00:45,270,8786,14.99,,1013,0.000,2607,426,0
2017/3/22,17:01:00,263,8570,14.99,,1012,0.000,2601,450,0
2017/3/22,17:01:15,258,8410,14.99,,1012,0.000,2603,433,0
2017/3/22,17:01:30,252,8191,14.99,,1013,0.000,2600,417,0
2017/3/22,17:01:45,242,7896,14.99,,1012,0.000,2601,443,0
2017/3/22,17:02:00,258,8407,14.99,,1013,0.000,2573,462,0
2017/3/22,17:02:15,257,8376,14.99,,1012,0.000,2618,416,0
2017/3/22,17:02:30,241,7863,14.99,,1013,0.000,2581,447,0
2017/3/22,17:02:45,235,7655,14.99,,1013,0.000,2589,457,0
2017/3/22,17:03:00,228,7416,14.99,,1012,0.000,2575,471,0
2017/3/22,17:03:15,243,7922,14.99,,1013,0.000,2606,441,0
2017/3/22,17:03:30,230,7477,14.99,,1013,0.000,2584,468,0
2017/3/22,17:03:45,228,7416,14.99,,1012,0.000,2583,469,0
2017/3/22,17:04:00,226,7370,14.99,,1012,0.000,2584,452,0
2017/3/22,17:04:15,226,7347,14.99,,1013,0.000,2581,457,0
2017/3/22,17:04:30,219,7132,14.99,,1013,0.000,2618,408,0
2017/3/22,17:04:45,209,6795,14.99,,1013,0.000,2604,434,0
2017/3/22,17:05:00,217,7071,14.99,,1012,0.000,2584,441,0
2017/3/22,17:05:15,213,6943,14.99,,1012,0.000,2591,427,0
2017/3/22,17:05:30,208,6770,14.99,,1012,0.000,2606,408,0
2017/3/22,17:05:45,208,6767,14.99,,1012,0.000,2598,452,0
2017/3/22,17:06:00,202,6582,14.99,,1012,0.000,2618,410,0
2017/3/22,17:06:15,205,6677,14.99,,1012,0.000,2606,427,0
2017/3/22,17:06:30,205,6694,14.99,,1012,0.000,2565,473,0
2017/3/22,17:06:45,210,6842,14.99,,1013,0.000,2609,416,0
2017/3/22,17:07:00,211,6886,14.99,,1012,0.000,2576,458,0
2017/3/22,17:07:15,205,6678,14.99,,1012,0.000,2570,468,0
