Sample File	D:\OlinCollege\All_data\OlinCollege\Holmes (Xi Xi)\Low2.S80
Classifier Model	3080
DMA Model	3085
DMA Inner Radius(cm)	0.00937
DMA Outer Radius(cm)	0.01905
DMA Characteristic Length(cm)	0.04987
CPC Model	3775 Low Flow
Gas Viscosity (kg/(m*s))	1.822e-005
Mean Free Path (m)	6.642e-008
Channels/Decade	64
Multiple Charge Correction	TRUE
Nanoparticle Aggregate Mobility Analysis	FALSE
Diffusion Correction	TRUE
Gas Density	0.0012
Units	dw/dlogDp
Weight	Number
Sample #	1	2	3	4	5	6	7	8	9	10	11	12	13	14	15	16	17	18	19	20	21	22	23	24
Date	03/22/17	03/22/17	03/22/17	03/22/17	03/22/17	03/22/17	03/22/17	03/22/17	03/22/17	03/22/17	03/22/17	03/22/17	03/22/17	03/22/17	03/22/17	03/22/17	03/22/17	03/22/17	03/22/17	03/22/17	03/22/17	03/22/17	03/22/17	03/22/17
Start Time	13:07:00	13:12:03	13:17:04	13:22:04	13:27:04	13:32:04	13:37:04	13:42:04	13:47:04	13:52:04	13:57:04	14:02:04	14:07:04	14:12:04	14:17:04	14:22:04	14:27:04	14:32:04	14:37:04	14:42:04	14:47:04	14:52:04	14:57:04	15:02:04
Diameter Midpoint
7.10	0	0	35682.7	182347	794040	1.18921e+006	1.01369e+006	838077	4.52388e+006	1.87779e+006	832613	387414	167098	64562.4	45388.8	16448.2	4485.86	4485.86	1495.29	0	0	1495.29	1495.29	0
7.37	1268.67	1268.67	27910.8	89380.6	584680	867698	956649	799579	4.29638e+006	1.75394e+006	835059	338882	169206	92920.5	44486	10149.4	7878.18	1268.67	3806.02	1268.67	2537.35	1268.67	2803.49	1268.67
7.64	0	2167.12	20587.6	75673.7	392935	675716	776093	706483	3.80216e+006	1.60906e+006	737801	347662	166770	68569.4	42310.7	21671.2	11691.8	3250.67	2167.12	3250.67	1083.56	1083.56	4106.92	2420.4
7.91	3028.99	932.325	22607.8	31263.2	282881	522286	662474	573118	3.38881e+006	1.39095e+006	698687	328176	174883	58546.7	31495.2	18646.5	9555.26	5825.96	0	932.325	1164.34	932.325	0	2579.04
8.20	3837.82	807.767	25045.5	25040.8	211898	463751	560081	506364	3.17894e+006	1.38599e+006	655056	296312	148674	61811.3	32917.4	17976.6	8684.42	3837.82	1615.53	1615.53	3030.05	1615.53	807.767	2423.3
8.51	1410.27	705.135	18507.9	19392.6	125654	286940	403111	387415	2.83205e+006	1.25764e+006	552206	267387	157390	63625.8	25738.9	9341.13	5818.08	2820.54	0	2820.54	705.135	705.135	705.135	0
8.82	618.166	1854.5	27800.5	21325.5	76452.5	209911	347319	324209	2.30669e+006	1.12886e+006	553970	239250	128071	56035.2	28272	13582.7	5408.32	4945.32	2472.66	1383.03	618.166	1854.5	1236.33	0
9.14	1088.34	544.171	19331.9	11971.8	43664.3	156827	233355	234539	2.03566e+006	1.02629e+006	475975	225157	111758	44597.3	23386.3	11829.5	5673.8	3265.03	1088.34	959.202	0	2720.86	544.171	544.171
9.47	964.435	482.218	19374.7	11573.2	26316.3	89023.3	168352	182835	1.80106e+006	914194	459652	205223	111190	47982.5	14845.9	10988.2	5666.97	2411.09	1050.45	0	1928.87	0	964.435	0
9.82	856.942	0	14491.6	9054.56	16023.4	58059.9	102034	129565	1.56111e+006	780695	393281	188258	117851	36065.4	14568	8997.89	4693.43	1713.88	1208.99	1713.88	856.942	1285.41	1285.41	428.471
 10.2	1533.71	383.427	11148	11068.7	8666.69	37864.3	80516.7	83853.4	1.33323e+006	743131	369038	188735	93683.2	37899.2	15834.8	11502.8	4933.84	2300.56	1150.28	383.427	383.427	1917.14	383.427	0
 10.6	1375.74	0	12362.3	4472.7	5504.51	23337.9	46968.4	55649.9	1.12519e+006	660819	308846	165195	83063.7	27044.3	18474.7	8254.43	3783.28	2753.03	1375.74	1719.67	0	687.869	343.934	0
 10.9	927.689	1236.92	10817.4	6183.19	5873.96	11440.1	25590.8	33982.7	958910	537552	273350	134706	78317.2	24997.9	17549.5	5875.36	1546.15	1235.52	927.689	0	903.545	0	309.23	0
 11.3	1628.65	559.083	11133.1	8337.65	6429.46	5590.83	15902.2	20513.5	837319	485827	253878	138112	60042.8	16670.4	12875.8	4703.61	1397.71	1118.17	1118.17	279.542	580.909	559.083	279.542	0
 11.8	1311.51	4997.96	6634.79	5802.5	3984.01	2534.89	9395.42	15423.7	713792	439431	217403	116755	54879.3	20593	10690.6	7433.28	760.467	506.978	688.647	253.489	253.489	1449.11	760.467	253.489
 12.2	460.672	5866.48	6031.55	4023.79	3750.64	3455.04	3656.88	8300.36	660867	370378	197974	104702	44866.8	17059.2	11423	4017.74	2533.7	691.009	1447.28	0	921.345	295.597	0	230.336
 12.6	1051.65	12752.6	5735.39	5945.72	4512.5	1892.97	2169.71	3727.65	555818	323506	178092	87997.1	45391.1	11805.8	9435.72	4808.45	1892.97	726.552	420.661	210.33	630.991	1051.65	210.33	95.56
 13.1	385.534	11138.7	7488.21	4461.83	2341.39	1349.37	1366.97	2138.04	441954	262672	149748	73798	34181.6	13858.6	5888.2	2861.81	771.068	1069.02	192.767	192.767	250.651	385.534	443.418	297.954
 13.6	883.305	14625.7	6683.06	3980.1	1330.18	1612.94	1413.29	1259.62	364296	222600	127177	61958	28453.1	11740.6	5522.47	4232.79	1589.95	176.661	353.322	176.661	300.274	176.661	476.935	0
 14.1	314.759	10599.7	6754.38	4514.29	2390.19	2237.41	1133.84	788.808	304520	195746	113253	64079.9	24608.8	10125.6	4979.14	2711.46	1133.84	161.977	647.909	323.955	647.909	971.864	323.955	323.955
 14.6	714.142	9814.84	4939.54	6733.41	2658.49	1646.51	1191.32	1042.4	263481	169324	96074.3	47497.3	24672.6	7660.72	3573.95	1042.4	1113.55	446.744	595.658	258.944	297.829	595.658	297.829	148.915
 15.1	724.051	8639.61	5851.21	3961.25	2517.65	1376.23	1034.42	1513.85	228147	135658	78392.8	42010.5	18559.9	7885.74	2961.14	1309.67	418.181	621.552	550.491	311.182	688.114	1034.42	137.623	137.623
 15.7	510.545	7825.17	6733.91	3353.63	2803.83	1148.73	699.913	765.818	184135	122399	67969.2	38453.9	17842.5	5818.08	3507.91	2614.46	479.728	699.913	255.273	127.636	127.636	317.004	382.909	35.0873
 16.3	0	5833.18	3762.76	3168.36	2726.74	1896.86	594.399	829.877	152271	105060	57248.5	30138	14731.2	6152.99	2015.42	1778.31	915.841	237.108	237.108	592.769	355.662	474.216	829.877	324.701
 16.8	771.983	5643.05	5924.23	2205.67	2367.13	1213.12	1101.32	771.983	136273	93534.1	44374.9	23187.6	14591.6	5124.21	2867.36	882.266	852.717	330.85	441.133	441.133	411.584	441.133	521.867	219.051
 17.5	1131.69	4888.87	5142.39	2821.92	1906.99	1337.45	514.404	1131.69	117042	74404.4	40114.9	20521.5	11129.8	4155.75	1895.99	1337.45	1159.25	205.762	764.301	411.523	953.493	720.165	336.208	102.881
 18.1	874.928	5535.3	6188.12	3322.53	1057.18	1057.18	480.536	394.391	97508.8	65622.2	34838.5	19967.3	8498.38	3579.58	2169.24	1345.5	672.751	288.322	343.199	202.177	682.713	576.644	288.322	288.322
 18.8	1318.85	5012.85	4043.19	2790.47	1778.26	720.121	428.032	1228.84	85050.5	54525.6	30736.3	17094.7	8979.47	3681.29	1778.26	810.136	990.166	270.045	270.045	440.745	800.805	720.121	180.03	90.0151
 19.5	864.826	4518.73	3692.7	2174.95	1488.02	876.435	611.58	1202.49	69338.5	48660.2	25369.3	11408.4	7104.14	2701.29	1994.51	1129.68	590.908	707.605	422.077	168.831	675.324	506.493	253.246	84.4155
 20.2	1188.95	3996.76	3979.34	3424.5	1632.99	1078.15	791.403	870.666	63970.7	39012.7	22414.5	11593.1	7373.53	3010.77	1791.51	683.057	713.368	445.268	475.579	396.316	317.052	396.316	158.526	317.052
 20.9	929.626	5193.55	3636.92	1934.91	1332	885.025	784.552	515.323	56312.8	38018.8	18900.7	10336.7	4737.31	3082.76	2077.07	741.984	634.445	294.964	367.781	70.6224	365.773	260.439	410.185	294.798
 21.7	715.701	3240.93	3354.79	1531.51	1606.2	979.056	722.656	763.545	46381.1	32136.5	16112.5	7957.91	4806.29	2550.27	1321.26	973.739	447.254	207.315	493.648	346.093	555.492	302.374	167.413	414.506
 22.5	1152.21	4016.35	3359.31	2152.9	974.342	703.002	515.26	712.135	41820.6	29798.7	12342.4	7953.35	5863.87	2121.46	1437.05	957.03	518.509	788.157	621.467	325.094	649.577	190.149	393.076	390.321
 23.3	922.46	3497.72	3011.09	2268.84	975.022	620.486	619.583	798.807	34643.1	22178.9	12489.1	7179.77	4750.79	2059.91	998.034	707.057	863.143	492.963	152.042	375.998	486.43	1050.35	499.715	301.28
 24.1	1526.25	3244.47	2371.1	1855.22	1330.1	655.301	510.608	633.515	32279	20341.2	10727.8	5652.44	3049.84	1997.91	1056.02	801.144	757.664	263.23	343.168	451.932	805.109	493.473	275.6	226.357
 25.0	993.592	4088.71	1886.02	1243.25	1311.43	845.261	435.208	653.748	24678.7	17274.6	10250	5695.79	3500.79	1718.71	1234.17	655.556	266.895	74.799	158.606	274.97	429.306	460.003	439.229	324.782
 25.9	900.793	2992.95	2576.31	1215.87	1165.92	620.994	519.732	392.325	21085.4	14314.4	8691.85	4831.96	3450.25	1186.27	991.806	781.951	308.863	591.543	575.152	259.718	645.188	731.045	362.279	46.6432
 26.9	1021.28	3448.8	1965.29	1822.3	963.023	680.842	488.065	887.456	16272.3	13100.4	8779.04	5982.71	2018.82	1538.48	1126.48	541.823	335.59	571.811	445.524	546.967	415.147	390.892	438.479	381.008
 27.9	1102.31	2600.45	2919.03	1575.31	692.072	367.182	226.823	337.347	15064.1	11265.9	6460.75	3763.78	2370.53	1428.41	326.702	657.311	382.412	466.131	371.649	279.973	361.918	594.36	369.642	188.96
 28.9	1318.05	2140.96	1662.1	1766.79	1066.47	880.399	814.987	497.187	12243	9136.41	5337.51	3652.76	1953.21	1424.03	792.782	584.362	203.316	310.364	285.461	441.798	574.92	565.702	123.948	354.21
 30.0	1159.77	2655.45	1946.27	1047.33	791.619	781.672	267.12	563.549	11265.1	7506.34	4928.63	2630.99	1636.95	1161.27	799.188	241.113	260.939	234.806	363.361	294.54	515.216	368.289	314.468	247.34
 31.1	1055.59	1667.31	1424.78	1296.44	557.396	745.11	679.226	567.592	9305.36	6969.08	4186.88	2965.76	1821.31	1027.35	826.706	608.485	317.371	213.369	353.83	321.146	397.058	608.048	247.457	442.119
 32.2	1476.55	2274.63	1459.51	1279.9	760.061	803.511	653.087	692.847	8201.9	6389.64	3441.37	2268.75	1604.1	1122.69	647.79	344.427	471.332	107.16	302.888	232.314	505.295	416.548	109.072	265.455
 33.4	875.999	2244.23	1284.03	759.635	994.375	429.776	477.425	468.877	7522.92	4605.54	3183.63	1813.74	1344.67	729.608	576.016	364.935	359.361	220.227	138.61	222.205	551.47	322.52	254.163	485.501
 34.6	991.325	2376.87	1546.44	765.047	707.726	695.451	410.221	457.84	5741.88	4405.86	2818.26	1422.37	1217.51	1152.54	783.549	502.575	128.987	213.558	35.5186	423.728	638.406	386.747	458.528	349.071
 35.9	1186.89	1792.61	1039.79	1394.84	863.944	457.574	366.174	511.862	3886.42	3464.99	2077.74	1540.45	836.58	1077.02	433.439	436.226	439.701	158.356	327.77	104.716	613.69	306.79	197.68	342.746
 37.2	1384.83	1656.79	1077.13	670.322	578.815	415.49	278.458	700.593	4163.61	2509.2	2466.95	1203.42	1172.22	605.49	384.7	349.008	292.692	364.594	192.709	148.789	319.295	278.821	246.677	219.63
 38.5	1466.45	1729.05	1286.98	1003.54	721.484	749.318	484.961	501.76	3671.14	2359.88	1750.99	1252.24	974.065	552.757	556.64	365.061	118.294	368.884	214.062	179.887	555.79	334.534	461.201	279.281
 40.0	1114.31	1354.32	795.87	899.759	607.685	617.408	298.83	304.366	2652.48	2715.71	1660.88	1142.8	693.1	590.582	537.027	238.248	264.054	268.664	265.365	266.013	557.26	690.014	304.569	388.665
 41.4	1167.09	1538.23	1065.31	899.073	590.257	531.503	493.905	365.566	1819.86	1927.89	1002.95	942.01	642.495	415.773	306.081	103.369	311.307	198.685	76.6565	229.535	360.948	667.596	330.975	230.365
 42.9	1094.61	1621.38	986.118	555.915	683.822	510.045	450.173	639.166	1994.31	1460.23	1120.87	852.035	498.691	704.316	336.107	456.442	242.274	158.586	172.489	158.304	697.053	513.491	310.095	270.536
 44.5	1287.72	1401.77	1195.45	726.233	406.49	255.502	503.221	184.146	1582.41	1716.42	1174.04	564.45	366.138	427.304	289.149	221.809	90.4317	192.103	407.833	215.244	573.979	211.106	398.273	263.743
 46.1	1368.52	1542.68	1022.02	597.048	663.639	512.203	414.079	390.943	1796.71	1511.89	893.052	605.62	512.134	505.511	456.162	238.586	193.378	246.436	289.238	94.1152	316.976	357.809	169.277	223.074
 47.8	1319.76	1170.66	923.509	656.436	523.84	520.932	199.678	403.207	1415.44	933.345	765.88	728.316	395.379	478.66	614.319	234.03	343.283	194.66	231.412	142.748	298.48	368.242	204.109	167.554
 49.6	1058.54	1103.12	828.96	716.604	459.407	582.303	499.157	407.039	1143	1287.41	567.83	470.776	337.443	406.434	232.716	211.687	306.375	108.854	235.51	126.966	237.655	223.68	207.235	180.109
 51.4	1034.63	1356.36	1085.59	958.407	412.809	500.52	217.912	538.113	1248.44	969.596	622.527	548.652	410.568	531.083	294.878	106.866	194.387	129.797	137.33	195.497	287.184	169.86	282.601	179.912
 53.3	1241.62	1190.88	930.94	761.438	462.653	738.348	323.028	445.855	979.411	1063.56	646.125	396.95	397.176	223.352	226.054	253.037	120.828	224.67	99.0236	167.482	197.744	223.716	219.974	109.768
 55.2	1041.06	1080.19	693.249	450.696	546.908	251.311	358.157	697.106	986.746	484.644	552.917	357.956	292.122	357.257	286.582	339.504	116.831	105.978	160.541	173.659	229.758	276.137	217.348	161.365
 57.3	1140.84	1380.64	850.83	729.039	564.875	401	532.771	451.906	1140.88	628.614	448.137	369.251	181.365	264.134	248.203	100.723	181.968	122.78	191.302	138.214	296.652	275.432	379.771	134.834
 59.4	879.448	842.964	939.33	680.349	416.1	368.455	462.147	409.621	787.467	658.905	504.058	365.495	178.376	478.612	271.716	157.276	193.01	52.9678	42.7428	45.9637	338.943	115.37	366.327	87.8834
 61.5	1308.5	612.953	547.702	533.155	396.567	459.442	289.021	436.459	927.827	709.002	496.77	457.012	206.689	226.365	215.903	242.125	180.688	221.423	78.3205	195.672	125.967	136.029	157.658	164.298
 63.8	1234	994.788	574.077	558.651	401.499	335.16	462.145	409.268	588.306	696.371	483.704	219.975	229.619	477.697	325.363	129.587	198.063	56.4521	102.553	105.838	233.234	133.747	158.209	205.108
 66.1	852.261	680.332	604.816	584.846	484.569	422.668	302.663	377.088	662.484	633.377	349.337	495.524	227.52	213.764	304.162	294.699	239.66	81.7386	49.8802	12.2646	349.863	78.3865	215.11	76.5444
 68.5	1128.51	894.988	651.906	827.202	537.863	203.122	439.382	392.575	803.512	520.269	285.841	249.859	273.589	339.788	99.6723	73.1901	179.139	163.99	76.2297	152.054	181.722	307.353	148.438	190.709
 71.0	938.285	617.784	698.215	614.126	593.352	347.013	453.2	305.212	602.414	533.608	191.599	349.29	246.551	400.727	148.105	13.0434	184.395	176.173	122.613	190.903	215.343	233.473	70.7091	170.193
 73.7	719.67	834.643	576.591	357.03	470.687	312.838	278.626	413.602	672.233	343.648	215.663	356.454	151.778	338.187	183.53	165.321	103.717	122.332	14.437	229.151	319.941	110.716	117.391	201.079
 76.4	1094.98	686.557	446.89	464.734	392.85	244.093	236.963	461.694	756.277	590.467	178.604	219.949	172.815	261.898	197.075	161.104	0	154.48	130.973	181.594	199.228	297.878	68.5729	71.176
 79.1	885.088	809.868	373.063	591.2	574.757	305.047	282.688	567.904	467.236	524.283	250.215	294.351	218.549	187.712	198.542	1.24023	157.002	66.8142	171.971	174.834	76.0497	156.858	191.474	71.9891
 82.0	715.591	619.639	618.872	525.217	540.77	404.537	249.97	246.487	724.12	438.704	277.353	87.5882	201.366	391.558	169.52	95.9539	285.161	76.1384	141.514	30.57	252.269	320.014	51.8595	241.337
 85.1	1014.28	634.085	709.342	649.727	426.254	321.099	202.687	386.519	725.449	329.377	369.25	347.085	404.851	626.818	150.847	78.0073	73.6976	94.0133	91.7614	193.93	311.418	261.101	256.219	117.982
 88.2	848.512	1135.15	810.703	584.811	455.911	349.515	348.318	533.495	557.578	299.668	271.531	157.287	424.296	396.981	299.09	143.384	223.815	103.198	180.029	104.08	195.09	250.842	167.053	157.659
 91.4	792.681	579.029	866.85	545.888	495.441	326.654	153.835	473.188	542.999	594.774	238.888	294.386	277.168	179.4	226.082	260.867	206.536	68.4248	180.499	142.723	336.841	211.402	240.5	207.322
 94.7	1028.53	703.405	810.742	516.523	615.623	224.829	407.676	416.114	740.11	591.682	395.628	266.031	245.405	246.78	168.91	218.29	191.021	192.881	124.138	92.6821	347.099	196.864	161.556	115.612
 98.2	879.231	903.379	814.957	462.219	563.601	419.009	500.369	387.377	578.376	410.926	301.494	327.315	349.924	282.267	78.6283	150.501	134.417	94.7811	51.3748	176.313	326.429	239.742	172.653	270.426
101.8	588.516	1089.24	742.313	530.213	545.931	489.47	577.747	334.856	409.331	411.233	316.068	267.019	240.786	358.319	279.368	288.685	113.383	89.0641	142.036	150.14	387.72	192.381	422.569	163.436
105.5	1233.48	1311.01	1065.69	771.404	462.123	649.795	615.254	549.76	614.971	576.349	376.193	367.99	291.631	309.344	417.298	419.028	242.901	177.279	147.511	194.594	420.014	288.374	299.124	240.09
109.4	1517.28	1207.89	1195.96	1164.82	925.313	635.04	750.082	618.26	877.224	625.608	618.177	505.648	424.249	438.695	448.211	328.334	263.715	213.208	388.356	218.139	218.139	356.963	253.949	380.924
113.4	1353.47	1437.2	1322.59	933.58	744.664	616.107	704.22	699.691	802.111	484.352	441.787	336.454	465.514	725.826	348.641	468.066	339.079	224.47	140.744	284.183	351.049	425.07	293.602	236.154
117.6	1726.73	1417.87	1152.6	796.656	943.766	859.234	783.815	643.398	856.825	615.374	603.547	475.502	435.105	521.196	414.482	414.482	222.223	232.11	279.199	338.278	421.175	281.848	179.723	352.754
121.9	1450.18	1273.1	1421.79	1018.61	949.568	764.345	802.885	863.778	883.252	516.826	422.89	237.436	471.69	495.646	346.952	231.301	191.589	252.251	193.065	308.716	406.369	446.081	356.804	323.761
126.3	1616.01	1468.79	1003.88	970.949	813.087	743.365	853.795	578.703	680.862	525.447	487.681	429.036	405.77	300.249	438.283	279.925	197.594	374.309	338.015	229.056	372.418	290.087	257.155	283.783
131.0	1437.78	1321.78	1373.54	1275.32	762.669	733.688	839.247	733.953	712.052	541.636	383.788	422.898	344.677	488.551	350.696	246.198	180.545	311.851	137.324	492.396	400.201	318.135	268.63	291.593
135.8	1476.99	1517.54	1123.12	896.829	886.567	792.554	647.549	576.528	821.171	630.922	526.647	229.074	559.372	444.835	409.325	270.949	294.523	327.248	278.426	363.023	483.66	310.886	294.788	202.449
140.7	1339.03	1506.5	1165.39	1076.75	848.462	702.266	977.828	537.79	790.905	515.291	614.261	376.953	295.589	463.12	396.98	351.398	295.007	180.282	81.9463	259.173	407.842	249.477	360.564	223.339
145.9	1795.77	1175.51	778.591	997.114	791.365	720.205	702.346	479.014	716.561	529.71	284.598	197.021	376.86	534.518	261.931	216.32	182.043	214.88	213.439	197.021	255.406	357.56	317.712	229.857
151.2	1540.4	1209.35	1205.06	879.742	699.03	662.701	700.466	510.323	737.402	516.051	442.077	369.42	353.755	467.659	390.084	275.471	162.296	391.521	229.225	254.807	311.091	340.255	314.553	147.359
156.8	1354.44	1198.89	1009.19	1007.24	850.15	683.115	735.307	584.986	778.888	648.354	360.937	302.491	467.885	394.366	272.343	103.359	229.687	213.281	196.875	230.304	311.718	346.479	159.757	147.656
Scan Up Time(s)	240	240	240	240	240	240	240	240	240	240	240	240	240	240	240	240	240	240	240	240	240	240	240	240
Retrace Time(s)	60	60	60	60	60	60	60	60	60	60	60	60	60	60	60	60	60	60	60	60	60	60	60	60
Down Scan First	FALSE	FALSE	FALSE	FALSE	FALSE	FALSE	FALSE	FALSE	FALSE	FALSE	FALSE	FALSE	FALSE	FALSE	FALSE	FALSE	FALSE	FALSE	FALSE	FALSE	FALSE	FALSE	FALSE	FALSE
Scans Per Sample	1	1	1	1	1	1	1	1	1	1	1	1	1	1	1	1	1	1	1	1	1	1	1	1
Impactor Type(cm)	0.071	0.071	0.071	0.071	0.071	0.071	0.071	0.071	0.071	0.071	0.071	0.071	0.071	0.071	0.071	0.071	0.071	0.071	0.071	0.071	0.071	0.071	0.071	0.071
Sheath Flow(lpm)	3	3	3	3	3	3	3	3	3	3	3	3	3	3	3	3	3	3	3	3	3	3	3	3
Aerosol Flow(lpm)	0.3	0.3	0.3	0.3	0.3	0.3	0.3	0.3	0.3	0.3	0.3	0.3	0.3	0.3	0.3	0.3	0.3	0.3	0.3	0.3	0.3	0.3	0.3	0.3
CPC Inlet Flow(lpm)	0.3	0.3	0.3	0.3	0.3	0.3	0.3	0.3	0.3	0.3	0.3	0.3	0.3	0.3	0.3	0.3	0.3	0.3	0.3	0.3	0.3	0.3	0.3	0.3
CPC Sample Flow(lpm)	0.3	0.3	0.3	0.3	0.3	0.3	0.3	0.3	0.3	0.3	0.3	0.3	0.3	0.3	0.3	0.3	0.3	0.3	0.3	0.3	0.3	0.3	0.3	0.3
Low Voltage	25.5554	25.5554	25.5554	25.5554	25.5554	25.5554	25.5554	25.5554	25.5554	25.5554	25.5554	25.5554	25.5554	25.5554	25.5554	25.5554	25.5554	25.5554	25.5554	25.5554	25.5554	25.5554	25.5554	25.5554
High Voltage	9357.87	9357.87	9357.87	9357.87	9357.87	9357.87	9357.87	9357.87	9357.87	9357.87	9357.87	9357.87	9357.87	9357.87	9357.87	9357.87	9357.87	9357.87	9357.87	9357.87	9357.87	9357.87	9357.87	9357.87
Lower Size(nm)	6.97831	6.97831	6.97831	6.97831	6.97831	6.97831	6.97831	6.97831	6.97831	6.97831	6.97831	6.97831	6.97831	6.97831	6.97831	6.97831	6.97831	6.97831	6.97831	6.97831	6.97831	6.97831	6.97831	6.97831
Upper Size(nm)	159.634	159.634	159.634	159.634	159.634	159.634	159.634	159.634	159.634	159.634	159.634	159.634	159.634	159.634	159.634	159.634	159.634	159.634	159.634	159.634	159.634	159.634	159.634	159.634
Density(g/cc)	1.2	1.2	1.2	1.2	1.2	1.2	1.2	1.2	1.2	1.2	1.2	1.2	1.2	1.2	1.2	1.2	1.2	1.2	1.2	1.2	1.2	1.2	1.2	1.2
Title																								
Status Flag	Normal Scan	Normal Scan	Normal Scan	Normal Scan	Normal Scan	Normal Scan	Normal Scan	Normal Scan	Normal Scan	Normal Scan	Normal Scan	Normal Scan	Normal Scan	Normal Scan	Normal Scan	Normal Scan	Normal Scan	Normal Scan	Normal Scan	Normal Scan	Normal Scan	Normal Scan	Normal Scan	Normal Scan
td(s)	2.93	2.93	2.93	2.93	2.93	2.93	2.93	2.93	2.93	2.93	2.93	2.93	2.93	2.93	2.93	2.93	2.93	2.93	2.93	2.93	2.93	2.93	2.93	2.93
tf(s)	0.783657	0.783657	0.783657	0.783657	0.783657	0.783657	0.783657	0.783657	0.783657	0.783657	0.783657	0.783657	0.783657	0.783657	0.783657	0.783657	0.783657	0.783657	0.783657	0.783657	0.783657	0.783657	0.783657	0.783657
D50(nm)	1284.41	1284.41	1284.41	1284.41	1284.41	1284.41	1284.41	1284.41	1284.41	1284.41	1284.41	1284.41	1284.41	1284.41	1284.41	1284.41	1284.41	1284.41	1284.41	1284.41	1284.41	1284.41	1284.41	1284.41
Median(nm)	36.5689	17.7717	9.71496	7.64659	7.47833	7.61016	7.76679	7.83919	8.37825	8.66105	8.77927	8.9157	8.94173	8.82706	8.79556	9.15252	9.14349	9.46552	11.8459	12.8795	20.4102	16.4123	15.513	21.5105
Mean(nm)	52.161	31.2322	18.026	13.1868	8.64157	8.25551	8.34728	8.45633	9.26883	9.67733	9.88574	10.1711	10.4549	11.402	12.0079	13.5153	16.1269	20.7982	25.9333	31.7012	36.5212	32.6813	33.2004	37.5987
Geo. Mean(nm)	34.9317	22.7177	12.6799	9.73276	7.93573	7.90666	8.04043	8.13643	8.95197	9.27302	9.41683	9.59701	9.68928	9.89646	10.065	10.7108	11.5934	13.3372	16.4785	18.7916	23.3469	20.732	19.8779	22.7013
Mode(nm)	8.2047	13.5773	7.10497	7.10497	7.10497	7.10497	7.10497	7.10497	7.10497	7.10497	7.36525	7.10497	7.91476	7.36525	7.10497	7.63506	7.63506	7.91476	7.36525	7.63506	8.2047	9.13982	7.63506	7.91476
Geo. Std. Dev.	2.56478	2.03678	1.97414	1.78784	1.31485	1.21878	1.20513	1.21468	1.26684	1.29766	1.31553	1.34117	1.37466	1.50164	1.56896	1.68027	1.89367	2.17019	2.32005	2.57219	2.5088	2.45005	2.6182	2.7048
Total Concentration(#/cm³)	1513.2	3545.58	6862.11	9751.88	41580.8	72733.2	85109.7	77296.7	606421	289856	141183	67433.1	34291.2	13729.9	7322.6	3565.03	1761.6	963.102	623.701	524.869	689.096	711.398	562.224	407.028
Comment																								
