Sample File	D:\OlinCollege\All_data\OlinCollege\Box Fan\High1_fail.S80
Classifier Model	3080
DMA Model	3085
DMA Inner Radius(cm)	0.00937
DMA Outer Radius(cm)	0.01905
DMA Characteristic Length(cm)	0.04987
CPC Model	3775 Low Flow
Gas Viscosity (kg/(m*s))	1.822e-005
Mean Free Path (m)	6.642e-008
Channels/Decade	64
Multiple Charge Correction	FALSE
Nanoparticle Aggregate Mobility Analysis	FALSE
Diffusion Correction	FALSE
Units	dw/dlogDp
Weight	Number
Sample #	1	2	3	4	5	6	7	8	9	10	11	12	13	14	15	16	17	18	19	20	21	22	23	24	25	26	27	28	29	30	31	32	33	34	35	36	37	38	39	40	41	42	43	44	45	46	47	48	49	50	51	52	53	54	55	56	57	58	59	60	61	62	63	64	65	66	67	68
Date	03/29/17	03/29/17	03/29/17	03/29/17	03/29/17	03/29/17	03/29/17	03/29/17	03/29/17	03/29/17	03/29/17	03/29/17	03/29/17	03/29/17	03/29/17	03/29/17	03/29/17	03/29/17	03/29/17	03/29/17	03/29/17	03/29/17	03/29/17	03/29/17	03/29/17	03/29/17	03/29/17	03/29/17	03/29/17	03/29/17	03/29/17	03/29/17	03/29/17	03/29/17	03/29/17	03/29/17	03/29/17	03/29/17	03/29/17	03/29/17	03/29/17	03/29/17	03/29/17	03/29/17	03/29/17	03/29/17	03/29/17	03/29/17	03/29/17	03/29/17	03/29/17	03/29/17	03/29/17	03/29/17	03/29/17	03/29/17	03/29/17	03/29/17	03/29/17	03/29/17	03/29/17	03/29/17	03/29/17	03/29/17	03/29/17	03/29/17	03/29/17	03/29/17
Start Time	18:47:00	18:49:19	18:51:34	18:53:49	18:56:04	18:58:19	19:00:34	19:02:49	19:05:04	19:07:19	19:09:34	19:11:49	19:14:04	19:16:19	19:18:34	19:20:49	19:23:04	19:25:19	19:27:34	19:29:49	19:32:04	19:34:19	19:36:34	19:38:49	19:41:04	19:43:19	19:45:34	19:47:49	19:50:04	19:52:19	19:54:34	19:56:49	19:59:04	20:01:19	20:03:34	20:05:49	20:08:04	20:10:19	20:12:34	20:14:49	20:17:04	20:19:19	20:21:34	20:23:49	20:26:04	20:28:19	20:30:34	20:32:49	20:35:05	20:37:20	20:39:34	20:41:49	20:44:05	20:46:19	20:48:34	20:50:49	20:53:04	20:55:20	20:57:35	20:59:49	21:02:05	21:04:19	21:06:34	21:08:49	21:11:05	21:13:19	21:15:35	21:17:50
Diameter Midpoint
7.10	13298.4	10307	12429.5	18453.4	11785.2	15742.3	9984.09	13338.1	9339.74	13829.8	17241	13016.7	11158.4	12106.6	13942.7	11441.6	13034.2	12408.9	10571.2	10307	8752.61	12997.6	13338.1	9680.21	8467.8	6649.19	11802.7	12086	12106.6	11498.8	8467.8	11177.4	12428	11196.5	7882.22	12410.5	17826.6	18151.1	17828.2	16918.1	12999.1	12428	11783.6	16350	19080.3	15459	15099.5	13035.7	15723.2	20800.4	13640.4	7882.22	10894.2	9700.83	16311.9	12428	15420.9	7274.47	10911.7	13925.2	7274.47	16008	10856	17866.3	13261.8	12730.3	10307	8467.8
7.37	13134.5	11396	13991.4	13456.5	11127.8	10308.8	10575.5	17733.6	11129.3	14832.3	8837.01	8837.01	7711.95	9105.19	10862.6	7407.43	11110.4	8819.57	12866.3	14278.5	14011.8	12864.9	13133.1	9717.16	9717.16	8017.93	15654.3	8590.64	11987.6	11989.1	12008	10556.6	10575.5	8838.47	11452.7	13380.9	11702	13723.2	15155.7	10861.1	14008.8	15138.3	12293.6	13705.8	10553.7	13439	15977.7	10555.1	13077.8	12885.2	10556.6	9677.9	13133.1	12025.4	14832.3	15692.1	15176.1	11435.3	5154.39	7443.76	12599.6	9411.18	10250.6	11719.5	9124.09	10289.9	9161.89	7999.04
7.64	10169.2	13513.4	14037.1	12918.3	10556.1	9746.86	10306.2	11389.2	13495.6	7557.04	10556.1	13495.6	9609.8	11889	14328.7	15971	8949.5	7866.51	13013.7	10788.1	11002.3	11079.7	8622.15	5587.34	4581.82	11912.8	13007.7	12454.3	10246.6	8931.63	8836.3	7461.71	9764.73	11097.6	9437.38	14614.3	15661.5	11466.3	14638.2	18970.1	12162.7	12180.6	14560.7	8080.66	15661.5	11621.2	11657	11097.6	10532.3	11912.8	11407.1	15679.4	15042.6	15857.8	13126.5	20088.8	12144.8	11389.2	11603.3	11293.9	9746.86	10014.6	9490.99	12162.7	8390.14	11853.2	9437.38	8913.76
7.91	16898.8	9761.19	12897.8	11636.9	11519.9	9746.53	13791.6	11681	11241.4	8735.24	10948.2	9761.19	8749.9	12326.1	13454.4	7416.11	10552.7	8955.04	9057.4	8617.8	9600.12	13571.8	6229.09	10567.3	11006.9	8148.89	8793.96	10200.8	9189.5	12369.7	13073.5	16049	8148.89	7870.37	11006.9	16825.4	11300.1	11095	8148.89	18921.4	17499.5	16473.5	9248.22	11358.8	20929.2	9980.99	9922.27	14934.6	8969.7	9570.37	11681	12326.1	10347.6	11080.3	12575.2	12017.8	13000.1	13850.3	9863.55	10728.4	11622.3	14084.8	8500.79	7416.11	14817.1	8793.96	9013.76	9980.99
8.20	17049.2	9799.54	10388.4	8663.93	11417.8	10553	8661.29	14559.2	9203.87	9957.3	8552.47	10608.7	10177.6	9957.3	13641.3	5740.19	11197.6	7687.59	7799.05	8443.65	12987.2	8174.44	11039.8	10121.8	10766.4	10931	6006.76	9964.09	12769.6	9637.64	8387.92	11849	6871.64	7907.87	9148.14	11207	12556.1	18131.7	13529.8	13852.1	17427.2	6065.13	9148.14	14125.5	11364.8	17746.9	9848.48	13045.6	12447.3	11529.3	12289.5	11253.3	7687.59	7845.34	10884.7	10344.8	10499.9	7467.31	8615	8552.47	17858.4	8661.29	10710.7	10608.7	10722.8	7789.61	9414.71	9634.99
8.51	6537.59	9889.09	8084.22	11129	11426.9	8953.6	12925	6438.28	12362.4	8084.22	9474.24	7927.61	7629.68	9374.93	5610.91	8026.92	12046.9	8854.29	9416.94	9266.81	5246.88	11733.6	8854.29	11634.3	9994.87	8911.59	6594.88	10758.5	10094.2	12353.6	7876.79	6793.5	9994.87	7870.32	7364.96	8920.39	15605.8	9061.72	11899.1	14372.4	16424.3	12212.3	10509	13331.1	9068.19	6694.19	6486.77	10036.9	12254.3	14471.7	10650.4	11484.2	8390.95	10458.2	11577	9416.94	9838.27	7720.18	12711.2	11327.6	10500.2	7464.27	7678.17	9681.66	7521.56	8240.82	6032.23	8390.95
8.82	15525.5	15676.3	16268.4	10965.4	11765.1	7495.03	11853.4	43961.6	10864.7	11658.2	8571.99	7589.53	12583.9	10971.6	8030.42	10341.7	10581.2	9894.64	5051.1	5491.98	8036.6	8036.6	8332.47	6367.56	9447.57	8225.6	11072.3	8225.6	12099.1	8918.37	9800.14	8477.49	9006.68	8376.8	6902.95	11696	13069.1	13075.3	10385.7	9844.12	11116.6	10965.4	12048.5	14643.7	11513.2	9214.24	14750.6	8918.37	6808.45	13075.3	6373.75	5926.68	9012.87	4698.52	9019.06	6713.95	11412.5	9900.83	8672.67	10196.7	8817.69	11557.5	7784.71	7986.09	9989.14	10776.4	8760.98	5687.17
9.14	10347.7	8985.33	9640.81	10392.1	7543.23	10487.9	12113.5	25749.8	8669.68	8993.39	6895.81	6712.25	8101.94	8058.55	8809.83	8478.06	6712.25	9271.79	8618.22	8198.71	11230.2	7455.48	7962.74	5637.26	4334.36	6616.45	7123.71	7315.32	7454.52	7454.52	7175.16	5497.1	6152.58	6991.61	6476.29	8897.58	11884.7	13467.9	14718.4	15233.7	13423.6	10950.8	11738.4	10907.4	9221.29	9500.65	6940.16	11230.2	8154.35	11510.5	8478.06	10811.6	8993.39	12489.7	11134.4	11510.5	9456.3	10296.3	7498.88	11082.9	6851.45	10767.3	7734.84	9361.45	9832.42	8573.87	6895.81	9080.18
9.47	8578.91	7190.02	8178.63	11647.4	8618.16	7605.36	9152.17	13344	8939.94	9897.51	7817.6	8923.96	9686.19	7378.06	7205.08	10219.3	5682.45	5872.33	7644.61	9763.78	10008	10046.3	8539.65	4615.34	6671.98	10886.1	7778.34	5415.9	8485.34	5604.86	9952.74	5871.41	6255.72	4937.12	7417.31	9457.98	9113.83	10274.5	10926.3	10604.5	17213	11153.6	8217.88	9685.27	9457.98	14277.3	6043.48	10887	9379.47	11341.6	5737.68	12087	6177.21	10085.6	7763.28	8939.94	11287.3	8845.46	9152.17	9191.43	9073.67	8139.37	6538.24	9206.49	8578.91	8618.16	9096.95	9074.58
9.82	9339.38	8101.03	7994.47	9902.35	6612.14	10321.3	7394.08	8795.04	7631.52	6537.3	10246.5	12861.3	8701.41	9501.98	7087.34	6612.14	11191.1	5742.43	7975.68	6918.88	8213.28	10265.1	10502.7	7193.9	6868.37	8520.02	5886.41	12354.6	6812.32	7068.55	5085.84	7631.52	10953.5	8413.46	9120.57	13643.3	6468.16	12229.2	14988.2	9934.07	7068.55	12936.3	7938.26	10990.9	11353.8	8031.89	9539.56	9101.78	6305.56	9176.61	7450.13	12135.6	9520.77	7575.47	5974.33	9176.61	6411.96	6649.56	11372.4	7337.87	6868.37	7450.13	9157.83	4779.1	8576.23	12154.4	9790.09	7450.13
 10.2	10723.4	8510.88	8339.29	8744.29	8185.69	9089.43	6667.43	6168.68	6571.7	7415.6	7283.91	7627.08	6531.8	6186.65	9588.18	7800.64	6015.07	6898.87	9107.41	9300.92	5610.07	7242.04	5975.17	8724.34	6531.8	5955.22	7455.5	8858	3632.97	5610.07	7090.4	4016.04	5111.32	5803.58	7916.32	10164.8	14851.1	8359.24	13664.1	7840.54	9241.07	8301.37	6186.65	8012.13	8704.39	10914.9	8666.46	5073.39	11395.7	8339.29	8530.83	6896.89	9819.62	7589.15	9819.62	6148.73	9817.65	8856.02	6531.8	4899.84	10182.7	5610.07	9087.46	6360.21	5552.2	9069.48	8724.34	6725.31
 10.6	9694.53	9956.05	10286	7008.79	7376.9	9094.16	6591.3	5156.99	6659.75	4148.01	7804.58	9015.52	6669.94	5031.32	9607.01	6320.9	7455.54	2113.32	7279.2	6282.75	5399.44	9509.3	3779.9	8996.45	4003.27	8210.84	6301.82	6367.93	7930.25	6795.6	6078.45	8027.96	7106.5	4556.61	6833.75	12380.3	11613.7	9568.86	8502.67	11295	8336.51	9383.63	9345.49	7474.61	11109.8	9694.53	7987.47	5031.32	7736.13	5650.77	7842.73	8191.77	6776.53	9034.59	8521.74	5971.85	6795.6	7531.83	4924.73	9471.15	6446.56	4352.31	5650.77	9345.49	6610.37	6320.9	8074.99	8047.03
 10.9	6864.64	7806.11	6394.98	6154.86	5308.89	9105.61	5864.21	7763.28	4820.96	9865.92	6061.51	6018.68	5591.85	8729.31	7651.65	8336.88	6240.52	7926.18	7582.11	8926.6	8139.59	9335.15	4941.02	5941.44	6728.46	5650.8	7515.47	6667.34	7019.1	6138.74	4215.12	5925.32	2470.51	7259.23	5061.08	8241.37	9337.31	7139.16	12397.5	7985.13	9019.95	5685.2	10020.4	6394.98	9198.97	8686.48	7942.3	8473.06	9695.33	7257.06	8062.36	4983.85	6728.46	10020.4	6984.7	6771.29	8473.06	6317.75	7336.46	8001.25	6472.21	7549.87	7822.23	7275.35	6018.68	4924.9	7565.99	3001.28
 11.3	9648.81	6143.33	4355.05	8188.33	8040.36	7623.43	6610.74	9637.56	9201.02	6984.55	8297.07	6306.45	5558.83	6006.62	4429.03	4845.97	7167.28	5613.2	8188.33	7475.47	5239.39	4237.95	8507.77	7549.45	6910.57	5067.91	6326.06	4768.08	5348.14	8168.72	3303.14	5932.64	6836.59	4919.95	5741.56	6208.96	9107.43	12002	8616.51	9805.13	7156.03	9820.29	6625.89	10105	6345.67	6571.52	7230.01	8651.28	8445.03	5963.5	6271.69	7358.36	4355.05	2310.06	8901.19	8636.12	3696.56	5971.86	4261.46	8071.22	6252.08	5593.59	4674.49	6591.13	8114.35	6197.71	5823.89	7027.67
 11.8	9373.72	8132.49	5764.42	5937.45	10303.2	7028.88	4285.87	6070.56	6018.45	8120.3	4781.73	7190.87	7295.09	5273.07	4579.81	5804.34	6924.66	6497.61	4846.02	7374.93	4406.78	6324.58	5365.1	6855.85	6855.85	4180.48	5579.21	6029.48	7057.77	5712.32	2997.03	6843.66	6376.69	4579.81	6139.37	11862.7	8668.27	7416.01	11037.5	9396.94	6722.74	10465.2	8894.57	6722.74	8692.65	6364.5	4712.92	8178.08	5966.34	10904.4	6070.56	9558.94	5764.42	4765.02	8559.54	6803.74	7242.98	6122.67	8813.57	4354.67	7895.17	6578.61	5192.08	6855.85	5671.23	5152.16	3101.25	4285.87
 12.2	7279.22	5350.93	7596.94	6578.98	7033.95	6399.47	7876.43	4650.69	7583.18	6833.99	6985.97	9315.15	5851.21	4498.71	5533.49	6092.46	6385.71	4526.24	5530.44	4908.75	7990.17	4985.23	7113.48	4498.71	8590.43	4729.25	4526.24	8804.16	4819.49	5264.72	7558.71	5954.24	5250.95	5812.98	4219.23	8106.97	7954.99	8883.68	9777.19	6233.73	8731.7	7951.94	10056.7	7279.22	8590.43	6706.48	5098.97	5685.47	6144.46	3466.99	4957.7	7724.45	7848.9	5112.73	3466.99	4498.71	6423.95	6996.68	6706.48	6551.45	5826.74	2918.73	5826.74	4791.96	5060.74	4971.47	4946.99	5557.96
 12.6	6584.54	8783.44	5283.56	3567.38	5685.56	7523.35	5578.4	8770.04	4827.28	5445	6584.54	3727.22	6866.16	5189.81	4599.94	8850.76	6410.06	6759.19	5202.84	4693.88	7187.44	6102	6866.16	8193.57	6986.53	5082.65	3942.76	5148.56	3004.12	5364.28	6597.76	4975.5	4814.25	7429.59	3674.35	7818.19	5364.28	9145.6	6879.38	6115.22	8850.94	6061.12	7549.96	7335.48	7362.09	3191.82	8555.92	5364.1	4988.72	6772.41	7630.32	7818.19	7012.97	7510.13	5458.04	6128.44	5471.25	6610.97	6665.26	6410.06	5820.38	5551.97	8167.14	6222.2	5833.6	4894.79	4506.19	4707.09
 13.1	6012.3	7344.94	5698.44	6001.5	9161.34	6510.98	3914.26	5799.57	4987.03	7955.39	5358.84	3712.33	3430.69	6330.3	4354.99	5517.93	5810.2	4524.7	5980.08	4535.5	5597.47	7243.98	4195.9	4875.27	5969.28	4062.55	4333.57	7042.05	3802.5	4174.31	6250.93	5618.89	4604.25	5055.6	4795.72	9028.16	9049.58	6951.71	6521.78	9410.77	9771.78	7334.15	6813.87	6420.81	5878.94	5741.45	5597.47	5879.11	5507.13	6611.94	6771.2	5618.89	5969.28	4073.35	5055.77	4806.35	4275.45	5980.08	5969.28	4806.35	5698.44	4264.65	5416.96	4174.48	4694.59	4976.23	5608.1	4073.35
 13.6	32908.3	9586.02	6834.18	6301.9	8381.24	3993.56	4146.23	5629.4	5944.73	4271.95	5167.43	6332.82	3378.92	5571.54	6669.07	6611.21	4647.6	3232.28	6167.71	6669.07	4418.59	4645.15	4482.48	4956.9	3213.81	4938.43	5235.29	3898.76	4494.93	4366.76	4868.12	5091.1	3657.31	6776.32	5571.54	8317.35	11106.1	7574.54	5889.32	5647.87	7244.32	8228.58	8455.13	8152.24	6852.65	6396.71	5253.76	6072.9	5198.35	6149.24	9170.99	5128.04	4531.87	5571.54	3638.84	5610.93	6225.57	6687.54	4290.43	4849.65	4012.04	5128.04	7852.93	6965.93	4158.68	5014.76	4271.95	4791.79
 14.1	6795.21	6581.57	3344.01	6065.79	5033.49	4677.99	3575.36	5923.2	6723.69	4304.79	4589.23	4820.57	4980.85	4447.37	4073.44	4802.87	7043.53	5407.42	5300.96	5567.7	4944.73	4269.39	4890.9	4428.94	5638.03	4091.14	3664.12	4091.14	5336.36	5034.22	4909.33	3486.6	4820.57	3575.36	4553.83	6083.48	7542.34	7755.26	6208.37	5905.5	6972.73	6421.29	7631.83	8058.13	4216.03	7044.26	5994.26	5923.2	4838.27	5674.16	7613.4	5158.37	5941.63	5443.54	3486.6	3984.68	4820.57	5799.04	7275.6	4286.36	4945.46	6297.13	5283.26	4749.05	4233.73	3735.64	4375.12	5407.42
 14.6	5521.93	5999.55	5283.12	3689.21	3222.18	5419.85	3903.96	5551.28	7705.85	7139.9	5760.74	4435.27	5624.02	4668.78	6847.4	5336.81	4177.41	4040.69	4196.46	3187.54	3085.46	4859.2	3782.83	5473.54	4021.64	4859.2	5419.85	4620.39	5468.24	4196.46	3324.27	3343.31	5098	4142.77	4805.51	6053.24	4381.58	7652.16	6818.06	6560.2	6326.69	7676.5	4907.59	7300.97	5253.78	7671.2	3884.92	6452.82	4566.7	5766.03	5473.54	5712.35	4853.9	5014.97	5755.45	6925.43	5868.12	4566.7	3426.35	5078.96	3767.24	3611.47	4435.27	5556.57	3767.24	5677.7	4367.83	3377.95
 15.1	5722.51	6641.6	7534.54	6081.1	4239.9	4239.24	3957.81	6180.75	6615.45	4520.67	4265.4	4851.4	6359.52	5210.65	4138.94	4239.9	6511.48	3550.58	5055.02	4010.12	4443.51	5566.23	4573.64	4876.91	5644.04	4213.74	2427.21	3117.18	3450.27	5133.49	4673.29	3906.15	4929.22	5362.61	3576.08	3780.35	5822.16	5492.08	6589.29	6489.64	6537.63	5337.11	6819.07	6459.82	6433.66	4751.1	5414.27	6054.94	3090.37	3728.69	4443.51	4469.67	3653.89	5593.04	5261.65	5593.04	6663.44	6103.59	5618.54	4698.79	3957.81	3549.92	4135.93	4317.71	5211.3	3983.97	4595.47	4851.4
 15.7	5091.23	5879.01	4771.62	5682.74	5214.56	3641.74	3765.09	5979.85	5879	3100.66	5806.07	4157.61	2926.89	4869.73	5166.86	4353.88	3616.53	5239.78	3961.35	4477.22	5264.99	4872.47	3885.72	3765.09	4502.44	5486.47	3075.45	3885.71	3664.24	5534.17	3961.36	5315.42	4230.53	4157.61	2952.1	4894.96	5780.85	5265	5904.21	6812.61	6691.99	4698.7	3148.37	4502.44	4502.43	5141.65	6274.24	4920.18	5093.95	4600.57	5954.64	5486.48	4993.08	6641.55	3986.57	6888.25	4182.82	4945.39	3369.84	2755.84	5413.55	3543.62	3518.4	5559.39	3097.95	4600.56	3322.14	4404.31
 16.3	5302.94	7217.12	5045.62	4594.42	6025.11	21901.1	5549.61	3740.63	5045.62	4858.57	5052.45	5045.62	4337.1	4812.61	3696.77	4618.73	5780.53	3012.56	5523.21	4449.15	4242.53	4004.78	3852.68	4858.57	3910.21	4242.53	3903.38	5472.51	3175.3	2226.95	5021.31	3842.04	4310.71	3226	2202.64	6872.07	8654.65	4858.57	6702.49	7725.85	4814.7	5617.78	7111.91	6735.72	4951.05	7274.65	4876.04	4662.6	3364.44	4757.17	3842.04	3313.74	3413.06	5377.94	3903.38	4814.7	4781.47	4713.3	4286.4	4174.36	4550.55	2774.8	3287.35	5465.68	3960.91	3226	2673.4	5448.21
 16.8	4686.5	3755.76	2815.9	4622.91	5553.64	8246.83	4334.24	1978.4	4858.07	5044.38	4745.62	4637.64	6454.74	5191.12	3560.33	3403.5	3814.88	4128.55	5000.17	4701.24	5205.86	4838.69	4735.36	2781.78	3575.07	4383.09	3658.05	4079.52	3956.98	2737.57	4431.95	3291.05	4637.64	4348.97	4383.09	6136.42	5220.59	7248.02	5318.31	5871.79	4554.66	4206.88	6440	5803.54	5886.52	4446.69	4671.76	4480.81	6675.16	5524	4966.04	4652.38	3986.45	5695.57	4260.38	3717.16	5920.64	4005.83	4020.57	4554.66	3986.45	5568.38	4510.28	4941.05	4128.55	4113.81	4211.52	4431.95
 17.5	5491.62	5491.62	4919.28	4763.47	4241.5	5006.97	3234.9	4881.97	5800.89	4456.57	3830.33	4947.72	3639.57	4439.98	2190.97	5491.62	3109.89	4028.81	3705.32	4014.59	2786.4	4258.09	3778.79	3390.71	3220.67	3558.38	5168.14	4368.88	3646.07	3308.37	3852.26	3175.64	2440.98	4014.59	4499.23	3773.45	7138.69	4586.92	5300.86	3727.26	5205.45	5139.7	5219.67	3529.94	5153.92	4955.44	3374.12	6212.06	7176.01	4139.59	6396.32	4830.43	3816.11	4669.27	4043.03	4550.77	3433.37	3646.07	5043.13	3742.64	3889.58	6212.06	5713.2	4749.25	2962.95	3249.12	2977.17	3036.42
 18.1	3874.59	4449.11	5291.33	4273.45	5543.09	3819.55	3759.19	3879.8	3950.69	5089.19	3119.11	3315.93	4246.97	4268.13	4574.93	4388.74	4131.67	3567.69	4323.17	3885.12	4186.71	3305.29	4252.28	4842.64	3759.19	3698.94	2720.25	3759.19	4011.05	3239.72	4881.84	4142.31	3502.11	3370.97	2730.78	6117.6	4191.92	6101.75	4750.59	6156.69	5860.52	3486.27	5608.66	3759.3	3168.83	4952.73	3698.94	5225.65	4011.05	4530.52	4651.14	5587.49	5094.51	4454.32	4268.13	4147.52	3885.12	3502.11	4181.39	3315.93	5789.63	4076.63	3315.93	5553.61	5230.97	4459.63	3315.93	1844.15
 18.8	3877.79	3520.09	4126.13	4357.14	3987.13	6194.86	3687.75	5155.46	5155.46	5282.16	3936.1	4714.84	2998.77	3553.78	4970.46	3183.78	2346.73	3132.74	4184.45	4688.42	4815.11	3675.44	3617.13	3393.4	3145.05	2519.42	3604.82	2935.43	3259.43	2998.77	3877.79	3028.43	2456.07	3495.47	4045.45	5467.16	6623.18	5888.2	4688.42	3663.13	5703.2	4011.75	5588.82	5236.15	4096.48	3322.78	3247.12	2998.77	2889.43	4318.41	5194.19	5971.13	3520.09	3478.13	4466.49	3023.39	2838.39	3936.1	4184.45	3074.43	4630.11	3566.09	1976.72	2960.05	2716.73	5416.12	2346.73	2590.04
 19.5	4764.15	5932.73	4837.09	4776.04	3776.72	3466.44	5156.83	2739.71	4670.27	3811.97	2083.49	3431.18	3598.01	3311.1	3061.87	4169.4	4467.78	5194.52	3800.08	5288.4	4324.33	4025.94	2274.09	3680	3395.51	2156.42	3823.86	3811.97	3477.92	3454.55	3764.83	2786.44	3228.69	2774.96	2274.09	5883.57	5467.52	6038.91	3893.97	4181.29	4465.77	4646.49	5420.37	3978.79	4503.45	3263.95	3061.87	2988.93	3155.75	4002.16	3443.07	5121.58	5610.56	3322.99	4002.58	3858.71	3287.32	3586.11	3621.37	4371.47	3357.83	3049.98	2751.18	5718.76	3788.19	3762.4	3466.03	4110.36
 20.2	4023.19	2787.7	4047.93	7493.55	2666.89	4186.5	4947.48	3400.79	2934.71	4514	2909.97	2226.43	4393.19	1735.62	4220.56	3150.72	2666.89	3780.1	2882.9	3600.5	2537.63	3194.1	2797.02	3868.32	3970.49	2916.95	2555.39	2805.46	1830.82	2632.83	4297.99	2564.71	4030.17	3962.05	3255.23	5983.26	4920.4	4558.84	4239.2	4341.37	5274.98	2476.5	5835.37	3746.05	4030.17	3823.48	3071.82	4195.82	4118.39	3866.86	4220.56	3505.3	2693.97	4842.96	2114.94	4368.45	3807.18	3262.21	3228.16	3711.99	4316.63	2589.45	3521.6	3875.3	2978.09	4835.99	2503.58	3797.86
 20.9	2518.55	4673.91	3208.16	3783.24	3760.67	2989.16	2707.88	4915.48	3168.43	3777.83	3093.63	3195.64	3989.72	3041.4	3927.43	3437.2	4281.06	3414.64	2966.59	4375.47	3914.92	3300.11	4265.59	3335.19	2563.68	2528.6	3616.48	3093.63	3282.96	2926.87	4686.43	2874.64	3902.4	3506.6	3875.2	3989.72	3133.35	4564.8	5288.72	4726.15	3777.83	4111.35	3793.29	3466.87	3277.55	3506.6	3484.03	3800.39	3656.2	3484.03	3760.67	2518.55	2949.44	4041.95	2259.83	3133.35	3322.68	3466.87	3466.87	4581.96	4380.12	2282.4	3650.79	4771.28	2374.36	1667.6	2466.32	3116.2
 21.7	3680.72	4588.13	3100.44	4039.49	3666.42	3473.51	2308.37	3326.53	3946.08	4311.52	4458.5	3509.73	3473.51	3906.81	2727.37	3054.5	3514.3	3781.76	1824.54	3408.69	3767.46	3422.99	3150.96	2404.82	3459.21	2556.38	3276.01	4472.8	3422.99	1275.9	3372.47	2953.46	1976.09	2520.16	3716.94	3312.23	5021.44	4265.58	4126.23	3892.52	4458.5	4164.55	5334.27	3437.29	3988.97	4924.98	3043.25	3100.44	4426.86	2953.46	3709.32	3372.47	2616.62	2734.99	2713.07	3261.72	1875.06	2763.59	3569.97	3326.53	2731.95	3247.42	3584.26	3025.9	4874.46	2580.4	1942.92	3233.12
 22.5	2369.77	4593.72	4404.73	4139.15	3983.01	5166.42	3278.91	3141.78	3712.26	3964	3996.85	2525.91	4598.88	3193.64	3780.18	3435.05	3056.5	3618.88	2829.5	2682.04	3027.17	2199.79	4073.45	3605.03	2994.32	3780.18	2380.09	1953.21	2725.22	2550.07	3174.63	2867.51	2399.1	3278.91	3864.88	3974.33	3950.16	4399.57	3353.29	4281.44	4210.01	3070.35	4262.44	4116.62	2265.48	3955.32	3230	3974.33	4631.73	2654.36	3473.06	5067.3	2531.07	2903.88	2701.05	1887.51	1580.39	2838.18	2876.2	2361.09	3454.06	3950.16	1944.53	4437.58	2744.23	4097.62	3945	2714.89
 23.3	1257.28	4243.75	3609.53	2580.95	2883.28	4630.85	3373.57	3004.87	2931.25	3609.53	2883.28	2617.75	2816.91	3366.34	3705.46	2363.39	3252	3016.01	3753.43	3469.5	2750.51	2768.91	3167.18	2164.26	1861.93	2297.02	3591.13	2732.11	2514.58	2532.98	3487.93	1909.93	3421.57	2720.95	2949.67	3771.86	3403.14	3675.9	3052.84	4745.21	3989.42	3650.26	3506.33	2308.19	2732.11	2477.75	3783	4726.81	4660.44	2665.72	1928.33	2816.91	4564.48	3886.19	4413.32	3827.06	3458.37	2872.11	3082.41	3204.01	2798.48	2599.35	3366.34	3336.77	3650.26	2580.95	3023.27	3148.78
 24.1	3014.92	3743.77	3279.47	1920.55	4035.31	2530.63	3888.81	3351.99	3040.46	2768.18	3378.25	2431.11	2914.68	3186.96	4425.64	2166.56	2987.93	2339.33	4452.63	2338.6	2941.67	3305.73	2994.93	1629.74	2941.67	2723.38	3279.47	1265.68	2623.86	1967.53	3598	1675.99	1238.68	2550.62	2331.6	2722.65	3405.25	3743.77	3233.21	3624.27	3935.07	4134.83	2577.61	2822.17	3378.98	2822.17	3459.23	2531.35	4180.35	3769.31	2769.63	2478.09	3232.48	3504.76	4252.88	1848.76	2185.83	1530.22	2458.1	2431.84	2895.41	3160.69	2384.86	2139.57	1947.54	2286.07	2113.3	3868.1
 25.0	4244.66	3114.32	3607.99	3421.37	2310.72	3443.9	2973.46	2263.53	3606.56	3490.37	3279.82	3774.92	2124.1	3279.11	2124.1	2146.63	2760.77	2641.74	1911.41	3348.1	3183.31	2690.34	3043.89	2948.09	3185.45	2548.08	3137.55	3538.99	1933.94	2336.09	1650.82	2005.07	3185.45	2429.75	2736.1	3396	4293.26	3066.42	4553.15	3279.11	3633.36	5000.35	3397.43	2784	3043.89	3302.34	2641.74	3255.87	2594.54	3985.48	2924.86	1981.84	2948.8	3774.92	2430.46	2922.72	3396	3610.13	2854.43	2545.94	3327.01	2876.96	1178.95	2973.46	2500.88	3114.32	2005.07	2337.5
 25.9	2891.37	2011.23	4489.84	2555.57	2353.23	3231.29	3111.91	1653.1	3581.37	3848.47	2385.5	3486.18	2312.67	3020.88	3164.46	2608.12	2201.36	2883.29	3550.94	2937.92	2727.51	2286.4	3138.18	2405.78	3550.94	1460.89	2693.16	3360.81	2110.33	2476.53	2417.99	3211.01	2889.29	1697.58	3506.46	3415.43	3591.5	4560.59	4730.66	4259.15	3486.18	2792.26	4101.28	3544.95	3550.94	3453.91	3735.08	2148.81	2432.06	2911.65	4232.87	3662.25	2936.06	3322.32	3047.15	2695.24	3002.68	2312.67	3433.63	3553.02	2614.12	2628.4	2654.68	2148.81	3623.77	2836.74	2496.81	2423.98
 26.9	2802.21	3522.46	2987.15	2336.47	5003.78	2677.61	3104.65	2392.56	3337.51	3104.65	2408.89	2526.39	2827.76	2978.98	1999.24	2987.15	3580.68	4057.76	2409.95	2275.06	2827.76	1916.53	3354.91	2702.1	2292.45	2184.18	2636.78	2887.04	2258.73	3053.53	4076.22	2007.41	2141.23	2668.38	3087.25	2158.63	3264.03	3622.56	3055.65	3096.48	3345.68	2577.5	2969.75	2878.88	3873.89	4736.13	2568.27	3623.63	2392.56	2819.6	3280.36	3648.12	2839.11	3237.41	2961.59	3407.08	2685.77	2685.77	3648.12	2158.63	3479.51	2611.22	2318.01	2686.84	2919.7	2443.67	1623.32	1515.05
 27.9	2461.27	2868.32	2467.83	1724.58	2741.83	4026.53	3380.9	2740.51	1957.88	2632.38	2330.82	2081.77	2209.57	1578.38	2235.81	2855.2	2498.02	1951.32	3645.71	2711.64	2087.01	2087.01	3508.71	2337.38	2461.27	1570.5	2461.27	2731.32	1830.07	2612.71	2641.58	3363.83	2459.95	1577.06	2081.77	4566.63	3129.21	3276.69	3902.64	3401.9	4390.28	2985.65	2072.57	2080.45	3653.59	3258.33	2459.95	1853.71	3502.15	2869.64	3629.96	2740.51	2482.26	3622.08	3772.2	2777.26	3502.15	2863.08	1823.52	2726.08	2473.06	2209.57	2997.44	3151.52	2361.01	4018.65	1951.32	2474.38
 28.9	3271.03	3018.32	2761.41	3282.72	2420.13	2282.64	2767.8	3294.4	2916.97	3371.28	2383.98	3163.3	2420.13	3258.25	2790.07	2509.79	3635.68	3264.64	2150.44	2534.25	2719.58	2395.67	3264.64	2251.78	2641.99	2125.97	1779.4	2533.16	2276.25	1000.08	2191.88	2024.63	1647.2	2622.82	1401.97	4059.84	3031.1	3940.42	3384.06	1640.81	3037.49	3558.8	3390.45	1791.08	2887.22	3156.91	3138.84	2779.48	3558.8	2162.12	2815.63	3060.86	3582.17	2258.17	3773.17	2760.31	2408.44	1539.47	2426.52	2545.94	1993.77	3282.72	2928.66	3887.3	3384.06	3019.42	2258.17	3294.4
 30.0	2538.38	3076.38	1755.77	2981.11	3127.8	2251.24	1877.41	2329.04	1911.36	3120.22	2390.36	2616.17	2841.99	3041.1	1676.97	2607.27	2702.55	2633.65	3589.33	3536.58	2980.1	2293.76	2120.7	1242.82	1851.04	1538.85	1590.27	2815.61	1833.56	1877.41	1876.41	2589.8	1955.21	2919.46	1156.44	2928.68	3050	3119.22	3093.85	3250.77	2537.05	3138.02	2242.34	2667.59	3162.75	3319.66	2199.82	3494.06	2545.95	2207.39	3015.05	3623.27	2267.71	2242.34	2468.16	3145.27	1468.63	2693.97	2789.24	2746.72	1755.77	1981.58	1946.63	2242.34	1634.12	2728.92	1459.73	2059.37
 31.1	3932.7	3162.52	1911.61	3602.35	2200.47	2890.18	3281.21	2505.09	2017.82	3127.57	2986.11	2305.92	3278.24	1908.34	1992.08	3185.28	1581.26	2091.29	3104.81	2142.76	2348.17	2168.49	2062.28	1992.08	1699.95	2091.29	2024.06	2267.7	2056.04	1135.48	1899.12	1706.2	1818.65	2405.88	2036.55	3666.31	3599.08	2594.78	3422.67	4170.09	2857.9	3258.75	3098.56	3101.54	2319.17	2354.41	2665.28	3111.05	2229.47	2591.8	2886.91	3211.01	3955.16	2710.5	2331.65	2643.27	1636	2915.91	1873.39	2777.73	3098.56	1610.26	2797.22	2591.8	2117.02	1966.35	1100.23	1873.39
 32.2	2155.61	2459.43	2023.49	2433.59	2255.26	3198.58	3038.86	1791.72	1854.17	2120.77	2027.11	1914.84	2043.34	2076.94	2433.59	1938.83	2637.76	2089.55	2293.72	2611.39	1309.58	1776.73	1865.01	2306.33	2162.84	2425.83	1811.57	2440.82	1745.51	1344.41	1645.86	2177.83	2023.49	1973.67	1760.5	2637.76	3170.97	3502.4	2275.11	3117.53	2992.64	2637.76	2753.64	2080.55	3217.18	1498.75	2209.05	2424.59	2491.89	2900.75	2521.87	2738.65	3089.92	2089.55	2424.59	2819.7	2503.27	3163.74	1773.12	2553.09	2290.1	2039.72	1773.12	2240.27	2205.44	2085.94	3132.52	1263.36
 33.4	2767.72	2774.75	1909.79	1607.54	2393.93	2802.49	1720.88	2091.68	2471.5	2809.52	1833.22	2361.16	2544.04	2308.33	2126.45	2022.13	2429.7	2317.36	2361.16	2044.19	1686.11	1799.45	1990.36	2517.29	1999.39	2224.07	1920.82	1946.57	3069.97	2698.18	2258.84	2326.38	1685.11	1876.02	1607.54	4010.5	3001.43	3708.24	4384.29	2966.66	3191.34	3777.79	2584.84	4149.58	3708.24	1956.59	2663.41	1867	3418.02	2619.61	3258.88	2889.09	2673.43	1868	2134.47	2024.13	2361.16	1980.34	2247.82	2584.84	1945.56	3035.2	1868	2136.47	1643.31	2273.56	2584.84	3001.43
 34.6	2112.7	2525.85	2183.83	1962.62	1723.12	2530.55	1941.19	2477.72	1976.75	2227.24	2742.34	1941.19	2937.41	2957.26	3883.94	2525.85	1797.38	1248.28	2697.36	988.375	1787.96	1863.79	2238.22	2052.58	1537.47	1789.53	1976.75	2017.01	1862.21	1908.77	2304.64	1897.78	1350.25	1427.65	2382.04	2700.5	2600.1	2853.73	3367.27	3028.39	2259.65	1829.79	2601.67	3378.26	2621.53	2380.46	2853.73	2445.3	1972.03	1359.67	3260.59	1689.13	1492.49	2488.71	1899.35	2018.59	1753.97	2972.97	2194.82	2259.65	2819.74	2193.24	2456.29	1392.09	1797.38	2971.4	2052.58	2270.64
 35.9	2349.84	2720.49	2360.91	1768.92	2933.75	2392.39	2235.12	2807.84	1840.08	2124.39	2843.43	1488.71	2448.38	3285	1674.6	1919.34	2128.49	1141.45	2034.06	1547.56	2069.64	2231.02	2507.23	1492.82	1520.19	2076.61	2159.97	1942.61	2839.32	2479.86	1516.09	1536.49	1464.2	2187.34	1386.19	1938.5	2874.9	3194.79	3111.43	3798.99	3052.58	2605.65	2080.71	2242.09	2859.73	2740.9	2421.01	1852.28	1559.76	2613.86	1919.34	2053.34	2310.28	2017.76	1835.98	2348.72	2444.28	1520.19	1808.6	2546.8	1595.34	2017.76	2555.01	2689.02	2341.75	2207.75	1733.45	1595.34
 37.2	2386.87	1969.45	2000.09	2424.15	2282.51	2249.08	1787.53	2491.22	3521.27	2178.16	1225.47	1454.32	2080.45	1889.08	1501.25	1814.32	1558.68	1982.74	2289.16	1616.1	2107.24	2575.44	2137.87	939.193	1538.53	2360.08	1683.17	1969.45	1383.6	2184.8	2407.01	1124.12	2814.78	1969.45	1898.53	3090.56	3144.14	2477.73	3215.06	2407.01	2888.5	2397.36	3285.78	2919.14	2231.73	1396.9	3106.86	2100.59	3137.49	2158.02	2251.88	2309.3	1683.17	1616.1	2471.08	3208.41	2615.72	1955.95	2999.5	2026.87	2686.44	2242.23	1434.18	1636.24	1703.31	1460.97	1642.89	848.334
 38.5	4243.47	2224.55	3643.78	2081.7	2966.22	2386.98	2903.45	2294.63	2029.39	2913.91	1847.38	914.565	1512.92	2599.04	2193.16	1909.67	1502.46	1927.92	1929.26	1948.85	701.164	2842.49	2039.85	1116.16	1836.91	2609.5	2721.43	1990.22	2185.38	1918.8	1890.09	1443.7	1228.1	1178.46	1512.92	2812.44	2801.98	3267.95	2477.98	2488.45	3146.89	1826.45	1745.91	2039.85	2417.02	1930.6	2864.28	1909.67	2813.78	1736.78	2082.57	2011.14	3025.84	2466.65	2821.56	2976.21	1788.62	1014.7	2862.07	1715.86	1249.02	923.688	1319.1	2121.74	1585.68	2060.78	2638.21	1797.74
 40.0	6135.67	2752.62	2273.29	2732.12	2026.03	2175.28	2185.53	2384.34	1887.31	2171.08	2361.04	2062.82	2374.09	1486.88	1983.92	2165.03	2186.93	1887.31	2165.03	1668	1679.65	2361.04	1577.44	1391.69	1479.44	1578.85	2463.25	893.253	1754.36	2372.69	1768.81	2086.13	1972.26	1590.5	1478.04	2670.91	3176.79	2957.48	2485.15	2770.32	2263.04	1689.9	2961.68	2773.12	2263.04	2145.94	1687.1	3056.88	2453	2650.41	1381.44	2559.85	1966.22	2350.79	2280.73	1279.23	1966.22	2186.93	1071.57	1774.85	2252.79	2176.68	1689.9	1279.23	2165.03	2255.59	1391.69	1380.03
 41.4	6266.83	3116.56	2019.72	2210.56	1904.75	2033.82	2695.84	1921.57	1712.55	1828.89	1440.39	2280.52	1340.87	2199.2	1939.76	2324.17	1807.97	2165.55	2293.25	1549.9	1920.21	1730.74	2519.1	2098.32	1147.31	1615.76	2002.9	1534.44	2005.63	1861.1	1324.05	1793.87	1248.19	2404.13	2085.59	2681.75	3747.73	2764.44	2388.67	2019.72	2987.56	2938.45	2872.58	2357.75	2019.72	1614.4	2406.86	2586.33	1824.79	2422.32	2404.13	1908.85	2939.81	1343.6	2022.45	2101.05	2405.49	2113.78	2033.82	1649.41	2406.86	2307.34	1517.62	2325.53	1534.44	1339.51	1807.97	2227.38
 42.9	2529.14	2321.24	2008.13	2387.74	1864.81	3100.02	2482.19	1818.32	1896.6	1533.61	1564.94	1911.3	1501.37	2212.64	1486.21	1107.05	2434.23	1199.48	2466.02	1961.18	1564.94	2355.96	1581.57	2434.23	1280.23	2181.31	1580.1	2387.74	1548.77	2068.77	1738.12	1974.88	1470.04	1913.23	1563.93	1896.6	2940.08	1532.14	2592.25	2672.45	2861.35	2306.08	2655.37	2179.84	1976.34	2560.92	2197.94	2371.12	1913.23	1771.38	1691.18	2276.21	2496.34	1596.73	2039.46	2687.16	1564.94	1754.75	1739.59	1613.36	1659.85	1754.75	1706.79	2182.78	1122.21	1912.77	1169.16	1359.98
 44.5	2224.58	9444.64	1665.16	1985.16	2459.63	1646.11	1793.02	1785.01	1511.13	1927.56	2004.65	1874.04	2614.11	1422.98	2841.6	2386.18	3014.69	2120.14	1923.63	2386.18	1257.02	1503.56	2243.63	1534.54	2097.16	1511.13	1719.56	1110.11	959.995	1102.54	1935.56	1912.15	2224.58	1977.59	1330.03	1873.6	2429.09	2243.63	2263.13	2490.17	1986.04	2799.13	2109.09	2004.65	1923.63	2008.58	2447.7	1781.09	2497.74	2698.61	1831.57	1923.63	1453.52	1873.6	1719.56	2255.56	2132.07	2317.09	1719.56	2725.23	2089.6	1677.09	2058.61	2262.68	1788.65	1473.02	1842.61	1584.58
 46.1	1861.83	1898.28	1765.14	2066.53	1732.41	1703.38	1821.67	1829.1	1452.62	2032.28	2309.87	1752.49	1298.54	2689.4	2164.75	1723.46	1389.33	2044.93	2812.92	1451.09	2024.85	2297.22	1681.78	1913.99	635.521	1200.33	1247.91	907.886	1730.88	1752.49	1823.2	2178.93	1438.44	1509.15	1781.52	2862.03	2680.45	3205.1	2248.11	2115.64	2560.63	2388.01	2177.4	1654.27	1138.57	2315.77	1380.38	2024.85	2037.5	2435.59	1834.32	1774.09	2003.25	1590.99	1369.25	2164.75	1821.67	1801.59	915.311	2379.05	1661.7	1108.01	2024.85	1541.88	1815.77	1863.35	1732.41	2137.25
 47.8	2490.85	1965.56	2087.07	2195.25	1940.19	2540.75	1285.28	2166.78	6626.78	773.313	1462.47	2190.81	2106.66	2378.71	2093.34	669.566	1840.88	2352.85	1723.81	1719.37	2177.5	2018.06	2166.78	974.531	974.531	1393.47	1438.44	1408.62	1892.12	1216.28	1501.66	1240.31	1561.78	2126.25	1501.66	2082.63	1821.29	2545.19	2722.38	2717.94	2058.6	1823.12	2432.56	2438.84	1404.18	2384.5	1797.25	1920.59	1551.06	2412.97	2240.22	1581.37	1821.29	2352.85	1949.06	1827.56	1998.47	1743.41	1417.5	1270.13	2009.19	2510.44	2186.37	2175.66	1674.4	1901	1949.06	1324.47
 49.6	2809.51	2362.45	2281.52	1361.25	2992.25	2557.19	2347.83	2352.19	5002.29	1974.7	1657.62	2030.74	1473.33	1983.42	1809.39	2169.44	2088.33	1131.18	2097.05	1952.45	1813.75	1734.37	1077.95	1305.21	1989.51	1794.77	1108.93	1195.94	1465.7	1657.62	1744.63	2001.32	2126.48	1970.34	1657.62	2434.84	2871.45	2291.78	2086.78	2464.27	1369.97	2248.82	2936.21	2023.11	1691.41	2161.81	1508.66	1574.97	2577.89	1631.01	1769.7	1231.27	2057.36	1653.26	2697.43	1834.46	1821.38	2122.12	1305.21	1479.23	1251.98	1970.34	2004.13	1243.26	1456.98	1369.97	1877.42	1744.63
 51.4	1685.14	1821.1	1999.08	1962.85	2190.1	2506.21	1767.25	1741.41	1796.47	1654.71	2077.56	1770.63	1801.06	2390.3	1141.78	1339.8	1504.98	1222.68	1504.98	1770.63	1483.73	2220.53	1907.79	1248.51	1464.91	1344.4	1509.57	1082.13	1825.69	1334	1966.24	1282.33	1086.72	1338.6	1966.24	1399.46	2530.84	1651.33	2135.04	1991.11	1587.09	1364.43	2758.09	2497.03	1796.47	1758.06	1993.28	2393.68	2054.14	1680.55	1967.45	1872.77	1877.36	1984.1	1564.63	1852.74	2313.99	1514.16	1564.63	2163.05	2164.26	1304.78	1109.18	1394.86	1467.78	1133.81	2002.47	1538.79
 53.3	1764.32	1480.42	1616.59	1371.01	2437.82	1965.58	1616.59	1822.95	1894.03	1919.42	1564.43	1169.75	1253.77	2114.22	1415.33	1371.01	1532.58	1810.02	1448.56	1589.83	1415.33	1752.77	1875.1	1623.06	1589.83	976.327	2139.61	1732.47	911.24	1196.52	1001.72	1589.83	1085.74	1137.89	1344.25	2475.67	2269.32	1791.09	2250.39	2057.44	2670.94	1765.23	1836.78	1572.27	2049.13	2315.48	2295.18	1428.26	1959.12	2062.06	1557.97	1765.7	2017.28	2082.83	2243.02	1526.11	1092.2	1092.2	2126.68	1816.48	1791.09	1416.71	1520.11	1377.48	2174.22	1268.07	1085.74	1344.25
 55.2	1363.18	1121.76	2078.33	1534.72	6083.95	1570.91	1294.13	1734.42	2407.86	1251.58	1740.78	1659.86	1988.55	2455.93	1541.07	998.29	2036.62	1375.89	1665.38	1329.49	1871.44	1383.08	2155.41	1905.96	1369.53	1080.88	1547.43	1824.21	1375.89	1003.81	1410.41	1328.66	915.699	880.339	825.915	1877.79	1807.91	2030.27	2587.43	1817.85	1941.32	2056.52	2084.69	1783.33	1595.5	1134.47	1411.25	2271.69	1452.12	1169.83	2492.13	1658.19	1188.89	1652.67	1899.6	1506.55	1776.97	1651.83	1808.75	1410.41	874.821	1630.02	1238.87	1652.67	810.457	1942.16	1658.19	1693.54
 57.3	1583.27	2155.57	1553.65	2078.16	14829.9	2032.52	2154.75	1871.74	974.575	2037.96	1786.72	1951.3	1628.09	1505.86	1745.7	2203.37	1266.01	1502.06	1623.47	980.528	1757.1	1180.18	1460.22	1222.02	1181	1383.62	1420.84	1379.82	1668.29	1303.23	1786.72	1634.87	1139.98	933.556	1550.68	1993.15	2318	2897.9	1788.87	900.136	1339.63	1996.12	2199.57	1914.91	1948.33	2232.99	2365.8	1266.01	1502.06	1387.42	1626.45	1713.11	1952.13	1708.48	1871.74	1136.18	1675.06	1790.52	859.117	1790.52	2398.4	1262.21	1550.68	1391.22	1351.03	1833.69	1952.95	1107.38
 59.4	1321.79	1928.35	1266.9	1357.98	3303.89	1238.17	1477.81	1318.05	1561.43	1837.28	1721.2	1238.17	1477.81	1637.58	1241.9	2269.16	1394.19	1241.9	1677.53	1670.05	1550.22	1673.79	1437.88	1434.14	1361.72	1238.17	1365.46	1089.6	1557.7	1274.38	1329.24	1913.42	1005.98	1721.2	1270.64	1441.6	2247.88	2265.42	2327.76	1997.04	2040.73	2033.25	1757.39	2324.03	1764.87	1757.41	2073.19	1764.85	1960.84	1633.84	1441.6	1953.37	1281.84	1717.46	1441.6	1293.03	2153.07	1078.4	2193.02	1645.04	1797.34	1194.5	2084.38	1281.82	1586.43	1321.77	1245.62	1993.3
 61.5	1529.38	1479.08	1100.54	1251.14	1686.57	1843.25	1843.75	1686.57	979.237	1643.35	2079.53	1843.75	1686.32	1136.67	2394.4	1686.57	1529.38	2629.43	943.359	1729.03	1529.13	1571.85	2358.52	1650.69	1092.96	1529.13	1643.1	2150.29	1215.01	866.019	1522.05	1250.39	735.622	1450.29	864.516	1644.36	3287.21	2157.87	2107.82	2036.07	1764.91	1922.35	2194	2186.41	1957.72	1572.35	2114.66	1793.7	1923.1	1921.85	1643.6	2393.65	2115.66	1057.33	1093.21	1871.79	1250.64	1371.95	1450.79	1286.27	1293.36	1807.88	1399.99	1478.83	1021.95	1442.95	1442.95	1328.73
 63.8	1455.83	1578.44	1565.49	1777.9	1855.74	2165.6	1346.41	1610.52	1687.86	1546.61	1533.17	1223.8	914.675	1687.61	1500.61	1501.1	1269.07	1456.08	1159.9	1269.56	1314.58	882.847	1268.82	1469.27	1333.71	1146.7	1965.65	928.115	1842.54	1654.8	1159.65	1656.03	1501.59	1211.1	1256.37	1809.73	1719.44	1578.69	1533.17	2384.44	1688.1	1346.41	1810.22	1855.74	1829.6	1810.47	2010.92	1474.46	2151.18	1301.64	1829.35	1810.72	1545.87	1501.59	1314.58	1346.66	1655.78	1410.81	1004.97	1223.8	1656.03	1701.3	1301.64	1269.32	1146.7	1656.28	960.19	1733.62
 66.1	1383.36	1262.67	2257.61	1674.91	1565.21	2419.45	1076.85	2322.74	1468.51	1218.11	1637.55	2356.3	1383.36	1138.19	1322.02	1626.55	1152.98	2204.04	1548.43	2159.48	1751.04	1491.07	1245.89	1243.91	1791.8	1078.84	1322.02	1658.13	850.44	1338.8	761.32	1169.76	1550.42	1548.62	1258.88	1669.13	2367.3	2734.97	1671.11	2627.27	2144.68	2354.31	1973.65	1227.13	998.911	1719.46	1522.64	1804.79	1611.76	1409.16	2217.02	1093.63	837.453	1474.29	1446.51	1364.6	1398.16	1275.66	1565.21	1138.19	805.88	820.673	1409.16	882.012	985.924	1093.63	1685.91	1567.2
 68.5	1589.44	1740.12	1747.81	1829.96	1622.65	1153.99	1780.58	1789.94	1573.27	1438.75	1255.29	1537.95	1596.68	1530.7	1530.7	2284.12	643.197	1010.55	1782.69	1146.74	1280.82	1166.37	1824.82	1179.95	1297.42	1130.13	1380.01	1222.08	1431.5	986.697	1446	1017.8	1297.42	1657.53	1674.14	1872.53	2023.21	1646.5	2359.46	1571.16	2568.89	1352.38	2414.42	2122.41	1462.6	2041.49	2116.83	1763.97	1582.19	1639.25	2065.34	2276.87	1438.75	1613.29	1008.44	1955.12	1380.01	1008.44	1547.3	1477.1	1295.31	1380.01	1729.09	685.328	1832.07	1085.89	2225.38	753.423
 71.0	1132.65	2346.63	2204.8	10742.2	1058.46	835.887	1624.5	1355.23	1760.24	1699.27	1611.85	902.942	1348.09	1577.8	2292.81	768.248	1483.25	1597.58	1760.24	944.13	1139.79	1151.38	1537.66	445.15	1045.24	1490.39	1773.46	1213.98	1288.17	1631.63	1300.81	1071.1	1659.13	1018.32	917.215	2042.73	1799.79	1671.77	1206.84	1793.24	2393.91	2035.6	1138.16	1691.55	1078.24	1233.76	2049.87	1968.54	1807.51	1233.76	1570.67	1018.32	984.27	1348.09	1704.78	1718.47	1307.95	1583.31	1058.46	1853.16	1570.67	1233.76	996.912	835.887	1604.72	1422.28	1355.23	890.3
 73.7	1055.34	1531.39	8852.5	3059.09	1558.03	1558.03	1473.72	1190.82	1048.32	1321.93	734.94	1631.47	1600.45	1337.71	1070.59	1257.78	2049.85	2192.35	1353.48	1562.41	1128.78	1406.77	1237.62	966.125	1547.16	1210.98	1542.25	1484.59	1264.27	1504.74	1678.27	1384.5	1159.8	870.421	1442.17	1562.41	1624.98	1983.43	2566.57	1894.21	1925.23	1457.94	924.24	1578.18	1941.01	2308.21	2130.31	2234.77	1611.85	1573.8	2114.53	1268.64	1484.59	1442.17	1306.69	1489.5	1647.25	1268.64	1894.21	1368.73	1789.75	870.421	1133.16	1778.35	1616.22	854.643	1074.96	1039.57
 76.4	1381.82	1554.27	3261.72	2181.56	1446.82	1936.77	1404.83	1718.66	1687.95	1526.78	1527.22	1156.01	1278.4	1247.69	884.175	1374.12	1906.06	1683.92	1351.11	654.334	980.336	1879.01	1339.38	1205.7	1351.11	1320.4	1216.98	1645.96	1465.8	1883.05	1427.84	830.451	1768.35	1083.31	1706.93	2361.26	2429.93	1527.22	2247.01	1332.13	1791.36	2445.7	2300.73	1355.14	1913.76	1860.03	1871.76	2021.2	1358.8	1041.31	1569.22	1703.71	1756.62	1779.63	2258.3	1672.63	1259.42	1362.39	1259.42	1507.8	1236.41	811.471	1496.51	1048.56	872.889	1235.96	1561.52	1569.22
 79.1	1962.29	855.801	1761.61	1148.17	1886.78	848.169	1023	1340.88	2110.35	1428.47	1474.6	1405.23	738.604	1170.49	1402.62	757.396	1268.9	1856.83	871.407	719.813	1761.61	1583.59	1777.21	1375.28	594.642	1242.47	1076.19	1030.63	1652.04	1178.12	1052.95	1766.05	1454.89	1526.87	890.199	2113.88	2065.14	1568.9	2110.35	1969.92	1999.87	1617.64	1470.15	2049.53	1538.03	1580.06	1466.05	1841.22	935.757	1360.59	1746.34	1662.86	1137.01	1549.19	1329.72	1015.37	1189.28	1292.13	1310.93	1447.26	1424.94	2011.95	1519.24	1633.25	1580.06	913.437	685.415	993.05
 82.0	1188.94	1706.46	1803.91	1574.97	1867.62	1417.89	933.515	1080.14	1379.76	1706.46	1188.05	1766.68	1481.59	1474.03	1330.59	1267.78	1357.66	1458.6	1207.55	1552.87	1305	1204.07	948.642	1571.48	1275.34	926.542	1424.86	1372.2	1233.73	1151.41	1065.01	880.856	1012.35	798.533	795.047	1406.24	2208.86	1158.38	1949.94	2134.1	1545.3	2160.27	1540.92	1226.17	1912.72	1012.35	1413.81	1379.76	1282.9	1240.7	1354.18	1316.05	1165.95	1260.21	1559.84	1072.57	926.542	1368.71	1376.28	1627.63	1451.04	1305	1579.04	1323.33	941.078	1447.55	1687.85	1784.71
 85.1	1143.5	1347.74	1191.61	1339.55	1332.06	626.288	932.48	1623.27	1693.14	712.552	900.399	1551.28	1488.9	1205.88	1755.52	1497.1	1199.1	1324.57	907.888	1268.97	776.347	1190.9	697.572	1182.71	1340.25	1590.48	1056.53	1198.39	1129.23	838.726	861.903	1315.66	1348.45	1332.06	1058.65	1433.3	2459.87	1401.93	1622.56	1426.52	1064.73	1693.85	1739.83	1560.18	923.575	1739.12	1276.46	1693.14	1598.68	1410.12	1544.5	1270.39	1693.14	1417.61	1574.45	1128.52	947.091	705.062	1693.85	1903.46	1481.41	1441.13	846.923	1368.8	1394.44	1606.88	1425.81	1150.99
 88.2	1131.82	2031.66	1487.54	1407.76	1886.23	1561.35	1110.53	970.074	1948.31	1482.96	1275.46	903.03	1061.59	1464.86	1267.3	1799.69	1487.54	1842.26	1696.83	999.517	1123.66	1464.86	1737.62	994.545	894.873	1156.29	1205.23	960.129	1167.63	1386.47	1334.35	1002.7	1110.53	973.259	829.617	1724.49	2029.88	2162.18	1667.39	2067.48	1350.66	1602.13	1613.47	1097.4	1842.26	2126.36	1631.58	1794.72	1459.89	1285.02	2031.66	1053.43	1048.46	762.572	1597.16	1131.82	1476.2	1061.59	1448.55	1376.53	1469.83	1221.54	1531.9	1051.64	1486.15	986.388	1597.16	1232.89
 91.4	1763.8	1173.11	2059.75	1173.11	1558.86	859.616	1173.11	1242.66	1325.22	767.78	1125.84	1464.32	1090.56	1138.84	1242.66	1394.77	1386.51	1276.93	1359.49	998.721	1021	1047.01	1489.31	803.066	1069.29	1532.86	1404.05	664.98	1186.11	1442.04	1276.93	986.737	1150.83	1372.49	1523.58	1986.48	2406.49	1569.16	1208.4	1546.88	1696.95	1429.04	1556.16	1695.26	1229.66	1036.71	1391.05	1527.3	2311.96	1433.78	1590.43	1624.69	1659.98	1302.94	1695.26	1090.56	1338.22	1299.21	1233.38	1885.36	1195.39	1312.22	778.08	1350.21	1173.11	1545.86	1394.77	829.071
 94.7	1185.11	1406.44	1439.78	1716.64	1243.15	1564.51	1611.55	1162.93	1265.48	1171.41	1381.74	1785.85	955.29	412.749	921.949	1193.74	1345.86	1461.96	1356.87	1149.23	1193.74	1475.66	999.639	733.952	1002.33	1238.09	1107.42	1315.06	1198.8	977.465	1185.11	1797.02	805.697	2049.01	1401.22	1868.76	1830.2	1486.82	1038.2	2442.11	2464.13	1600.39	1486.82	2040.53	2062.71	1816.5	1968.79	1182.42	1232.14	1716.64	1406.44	944.124	1332.17	1600.39	1243.31	714.309	1198.8	1406.44	1218.45	1185.11	1140.76	1609.02	1104.88	1830.2	1093.72	1758.46	1611.55	908.251
 98.2	1221.59	1048.14	1236.57	1152.71	1668.03	1188.41	1724.45	1359.35	1356.12	1302.23	1478.9	1167.69	1344.37	1326.17	1653.06	1741.95	1691.27	1497.1	1119.54	1739.43	1343.67	688.773	517.84	1035.68	1458.18	1741.95	1323.65	1185.89	1629.11	1206.61	1137.74	942.861	482.141	981.781	1242.31	1928.56	2033.14	1649.83	1653.06	1739.43	1584.18	1281.51	1344.37	1137.74	1428.22	981.781	1292.99	1787.59	1014.96	1551	1530.28	1461.4	1068.16	1413.24	1532.8	1323.65	1161.95	1200.87	1149.49	1634.86	946.082	1649.13	1448.94	1029.94	999.981	1140.25	981.781	1182.67
101.8	1698.69	1218.89	1378.1	936.831	860.409	1263.79	1355.12	1477.3	1302.53	1706.76	1462.4	1446.64	540.473	997.497	1347.24	1271.67	1157.37	1348.1	944.71	1675.06	861.259	669.683	822.528	1133.73	975.563	1066.04	1316.58	1416.64	1584.58	1286.58	1012.4	1310.4	791.014	1066.04	1431.55	1682.09	1827.05	1409.61	1637.18	921.074	1088.83	1570.52	1431.55	1879.84	1348.1	1066.04	981.74	1462.4	1332.34	1294.46	1622.27	1126.71	1264.64	1028.16	928.953	731.199	1303.38	1607.36	1310.4	1263.79	852.53	823.568	685.44	990.469	661.805	685.44	868.287	1455.37
105.5	1328.98	987.912	1938.97	2087.17	1208.23	1660.64	1789.23	1993.87	910.296	968.303	1448.16	713.496	1367.38	1038.88	1114.94	1344.66	1028.68	1268.61	1397.19	1216.07	1187.82	970.669	1124.34	1360.34	1470.88	660.159	1332.89	1508.54	1857.44	1309.37	968.303	902.456	1496.77	933.013	1165.1	1150.97	1999.35	1902.88	1574.38	1587.7	1470.88	1258.4	1983.66	991.824	856.959	1377.58	1395.63	1789.23	1284.29	1372.11	1061.6	943.22	1099.26	886.775	1241.16	1063.97	1473.25	1781.39	1445.8	1352.5	1251.36	1099.26	1364.27	1336.82	1284.29	914.965	960.462	1405.03
109.4	1869.75	1122.44	1225.44	1461.29	1189.18	882.514	1289.83	1155.2	1223.66	1020.64	1290.97	1019.43	1770.31	951.546	1086.17	1121.87	1292.76	1732.26	1324.95	1121.87	1535.04	1427.32	1393.98	1392.83	1530.96	1192.11	1428.53	1767.32	1155.2	1088.53	953.902	1494.06	1461.29	1192.11	1157.56	2416.98	1701.79	1569.58	1904.87	1566.08	1938.28	1666.73	1632.76	1022.36	2075.77	1088.53	1494.06	1357.71	1053.41	1087.32	1192.11	1121.29	950.4	1358.29	615.619	1121.29	985.52	1697.14	1903.73	1393.41	1290.4	1561.37	1154.06	1324.95	1053.41	990.804	1089.67	783.01
113.4	1893.4	1183.97	1998.45	808.567	1117.24	1185.11	1080.63	1862.7	1115.52	944.887	1418.86	1319.72	1289.02	1147.36	1018.1	1184.54	1184.54	610.861	913.621	1116.67	1042.31	1016.38	1554.6	976.154	877.014	871.1	1492.64	1281.96	1142.02	877.014	573.108	1012.19	1487.3	1456.04	1659.08	1726.96	1694.54	1450.12	1726.38	1764.71	1320.86	1456.61	1585.87	1726.38	1825.52	1383.39	1456.04	1284.25	777.874	1387.59	1247.07	913.621	1049.37	1184.54	1725.81	1153.85	710.001	610.861	1179.2	1377.48	1388.16	1383.39	1185.11	1722.76	1216.38	1116.67	1152.7	1220.58
117.6	1750.59	2130.43	1725.14	1131.69	1725.14	903.585	1188.26	836.036	1106.23	748.345	1266.78	1027.71	1002.25	1615.5	1137.35	779.462	1095.26	1655.78	982.106	1027.71	1044	1137.35	1142.66	919.874	950.99	1091.4	799.605	1458.45	1733.96	950.99	949.186	1131.69	1007.56	1027.71	1478.6	903.585	1453.14	1719.48	2232.6	1621.16	1365.45	1692.22	1651.93	1646.61	1830.82	1719.48	971.133	1199.24	1095.26	576.817	1190.07	1579.07	1049.65	779.462	1016.73	1329.02	1308.87	1069.8	1640.96	1308.53	1703.19	1111.54	689.967	1190.07	1536.98	1297.9	912.754	732.057
121.9	1592.13	558.844	1464.65	1584.54	1080.57	1429.22	1141.32	1245.17	1380.24	877.96	1323.68	1179.33	898.212	1110.1	1196.2	549.564	1517	1208.86	1089.85	1507.72	1515.31	1506.03	1650.38	1157.38	1292.45	549.564	965.748	1199.58	1325.37	1099.13	1055.23	1256.14	1506.03	764.833	1336.34	1515.31	1961.03	1564.29	1479	693.915	1593.82	1024.81	1852.99	1457.06	1628.42	1447.78	1650.38	1517	792.674	1311.01	973.337	1024	1022.31	1427.52	775.804	1246.86	1091.54	1033.28	1044.25	927.745	1111.79	1496.75	1237.58	945.496	1102.51	1728.89	1267.11	956.467
126.3	1481.87	1896.28	1395.79	1794.73	1263.83	1355.57	1689.56	1674.62	1086.02	1012.84	883.448	1206.12	1003.56	1201.97	1250.93	1138.6	936.035	874.17	892.727	1582.35	1491.15	1500.43	1601.98	1027.77	800.99	1162.82	868.512	1404.53	1095.29	950.971	1408.69	1626.19	1457.12	882.913	1775.64	1693.72	1650.94	1466.4	1616.92	1428.75	1447.84	1328.27	1472.06	1414.35	1389.6	1607.1	1293.7	1027.77	1371.04	1211.78	1255.09	1037.05	1365.38	1592.17	974.65	1432.91	766.961	1476.21	1881.35	1346.83	1322.08	1220.52	1012.84	834.483	1466.4	1061.8	1086.02	1398.88
131.0	1157.17	1663.52	1055.94	1538.01	1132.9	1311.28	1118.26	1480.02	988.367	1046.36	1190.95	911.343	1282.61	1783.84	1142.47	1080.09	708.816	1528.44	1258.46	1185.83	718.331	954.642	1451.42	1460.99	1113.81	1528.44	911.343	804.929	1292.13	1190.78	978.852	1157.17	1031.67	1108.75	1354.52	1663.4	1653.88	1841.78	1933.55	1793.3	1504.23	1562.22	1243.71	1494.71	1504.23	1243.77	1118.32	1528.44	1132.96	1697.24	1046.36	2068.45	1022.15	727.905	1050.76	1089.66	1224.62	1417.69	1181.32	1089.66	829.139	1277.55	1147.65	954.583	1335.49	1282.67	1224.68	1234.25
135.8	1353.9	960.794	1028.29	1826.37	881.494	1016.43	1695.37	1125.63	915.212	1256.62	809.946	851.652	1320.19	1699.31	1560.38	1298.33	1421.4	1320.19	1117.64	623.317	885.429	1286.41	851.652	877.442	679.007	1079.99	986.643	847.717	1099.84	1209.1	784.156	716.661	1522.67	1137.49	1083.98	1830.42	1518.74	1619.95	1560.33	1463.16	1463.1	1661.6	1594.16	1391.62	1050.2	1353.9	1163.28	1357.9	1459.11	1256.62	1121.63	1050.26	1286.41	1016.43	1058.13	1046.21	1488.95	1792.6	1451.24	1421.4	1627.88	1425.33	1117.64	1421.46	1016.43	712.667	911.219	1117.64
140.7	1693.22	1475.54	974.14	644.764	1124.03	811.899	1221.73	1757.75	1218.66	1420.41	1188.75	1248.58	1218.66	1450.33	909.608	734.51	1322.71	1015.28	1019.98	1105.03	977.402	911.239	737.771	1120.95	1015.28	813.529	774.02	1318	691.929	1167.93	1076.74	878.062	1046.83	1106.47	1801.97	1587.55	2038.53	1220.29	1795.63	1377.83	1246.95	941.154	1149.24	1018.35	879.693	1521.39	1380.91	1388.87	1723.14	1691.59	1316.37	1422.05	1385.8	1526.09	1174.45	714.189	1119.32	1526.09	1120.95	1119.32	602.183	1212.33	811.899	848.147	843.445	1426.75	1193.45	676.31
145.9	1461.69	749.048	776.011	1279.01	1148.17	1121.21	1643.78	1057.26	1393.59	1386.19	1587.8	1189.31	1053.12	909.527	1043.04	1142.82	1103.74	1218.32	1554.07	945.936	974.947	1186.63	476.667	1393.59	1354.51	1021.43	1257.4	1322.82	1186.63	690.445	1293.81	1220.99	982.345	839.383	787.551	1694.98	2047	1566.19	1281.69	1089.52	1755.68	1225.71	1347.11	1478.58	1626.89	1488.02	1485.97	1349.78	985.02	1405.13	1354.51	1519.71	1011.36	1347.11	1488.02	809.745	1279.01	899.454	2074.54	1279.01	778.059	1108.46	1032.97	1152.9	709.964	1077.4	1009.31	644.544
151.2	1272.75	1309.3	1325.06	1146.65	1173.14	984.659	1562.69	1504.68	1529.31	1280.3	1575.93	628.491	1445.46	1432.22	690.88	1115.13	1086.12	924.127	1144.13	1144.13	706.643	1007.97	900.815	712.335	1484.54	1036.98	1105.06	1196.45	856.047	1018.04	764.653	1105.06	851.018	612.728	1397.52	1552.62	1876.61	1613.15	1893.02	1105.06	1130.89	1853.95	1675.54	1267.05	1536.86	958.175	1893.02	887.573	1529.31	1806.01	1432.22	1251.29	1403.21	1099.37	1047.05	1212.21	1130.89	881.881	968.896	1471.3	1348.38	1070.36	1413.29	1120.82	719.885	819.492	1128.37	1052.74
156.8	1381.73	1403.14	1260.8	1238.13	1283.47	1059.06	1143.28	804.779	922.295	1006.51	1360.85	1143.28	1478.37	1052.23	1504.46	1348.44	1345.02	1083.89	941.548	736.395	1215.09	1481.78	524.403	1325.76	1009.93	1273.21	873.164	817.193	1022.35	938.129	668.01	736.395	1027.4	1224.08	1136.44	1345.02	1104.78	2465.63	1338.18	1686.94	1127.45	1550.17	1260.8	1264.22	1699.35	1571.05	1557.01	990.68	1188.99	866.325	1602.72	1474.95	1059.06	1022.35	1276.63	1211.67	994.099	941.548	1553.59	1671.1	1276.63	957.381	1671.1	1199.25	1094.15	857.33	885.578	1130.87
Scan Up Time(s)	120	120	120	120	120	120	120	120	120	120	120	120	120	120	120	120	120	120	120	120	120	120	120	120	120	120	120	120	120	120	120	120	120	120	120	120	120	120	120	120	120	120	120	120	120	120	120	120	120	120	120	120	120	120	120	120	120	120	120	120	120	120	120	120	120	120	120	120
Retrace Time(s)	15	15	15	15	15	15	15	15	15	15	15	15	15	15	15	15	15	15	15	15	15	15	15	15	15	15	15	15	15	15	15	15	15	15	15	15	15	15	15	15	15	15	15	15	15	15	15	15	15	15	15	15	15	15	15	15	15	15	15	15	15	15	15	15	15	15	15	15
Down Scan First	FALSE	FALSE	FALSE	FALSE	FALSE	FALSE	FALSE	FALSE	FALSE	FALSE	FALSE	FALSE	FALSE	FALSE	FALSE	FALSE	FALSE	FALSE	FALSE	FALSE	FALSE	FALSE	FALSE	FALSE	FALSE	FALSE	FALSE	FALSE	FALSE	FALSE	FALSE	FALSE	FALSE	FALSE	FALSE	FALSE	FALSE	FALSE	FALSE	FALSE	FALSE	FALSE	FALSE	FALSE	FALSE	FALSE	FALSE	FALSE	FALSE	FALSE	FALSE	FALSE	FALSE	FALSE	FALSE	FALSE	FALSE	FALSE	FALSE	FALSE	FALSE	FALSE	FALSE	FALSE	FALSE	FALSE	FALSE	FALSE
Scans Per Sample	1	1	1	1	1	1	1	1	1	1	1	1	1	1	1	1	1	1	1	1	1	1	1	1	1	1	1	1	1	1	1	1	1	1	1	1	1	1	1	1	1	1	1	1	1	1	1	1	1	1	1	1	1	1	1	1	1	1	1	1	1	1	1	1	1	1	1	1
Impactor Type(cm)	0.071	0.071	0.071	0.071	0.071	0.071	0.071	0.071	0.071	0.071	0.071	0.071	0.071	0.071	0.071	0.071	0.071	0.071	0.071	0.071	0.071	0.071	0.071	0.071	0.071	0.071	0.071	0.071	0.071	0.071	0.071	0.071	0.071	0.071	0.071	0.071	0.071	0.071	0.071	0.071	0.071	0.071	0.071	0.071	0.071	0.071	0.071	0.071	0.071	0.071	0.071	0.071	0.071	0.071	0.071	0.071	0.071	0.071	0.071	0.071	0.071	0.071	0.071	0.071	0.071	0.071	0.071	0.071
Sheath Flow(lpm)	3	3	3	3	3	3	3	3	3	3	3	3	3	3	3	3	3	3	3	3	3	3	3	3	3	3	3	3	3	3	3	3	3	3	3	3	3	3	3	3	3	3	3	3	3	3	3	3	3	3	3	3	3	3	3	3	3	3	3	3	3	3	3	3	3	3	3	3
Aerosol Flow(lpm)	0.2	0.2	0.2	0.2	0.2	0.2	0.2	0.2	0.2	0.2	0.2	0.2	0.2	0.2	0.2	0.2	0.2	0.2	0.2	0.2	0.2	0.2	0.2	0.2	0.2	0.2	0.2	0.2	0.2	0.2	0.2	0.2	0.2	0.2	0.2	0.2	0.2	0.2	0.2	0.2	0.2	0.2	0.2	0.2	0.2	0.2	0.2	0.2	0.2	0.2	0.2	0.2	0.2	0.2	0.2	0.2	0.2	0.2	0.2	0.2	0.2	0.2	0.2	0.2	0.2	0.2	0.2	0.2
CPC Inlet Flow(lpm)	0.3	0.3	0.3	0.3	0.3	0.3	0.3	0.3	0.3	0.3	0.3	0.3	0.3	0.3	0.3	0.3	0.3	0.3	0.3	0.3	0.3	0.3	0.3	0.3	0.3	0.3	0.3	0.3	0.3	0.3	0.3	0.3	0.3	0.3	0.3	0.3	0.3	0.3	0.3	0.3	0.3	0.3	0.3	0.3	0.3	0.3	0.3	0.3	0.3	0.3	0.3	0.3	0.3	0.3	0.3	0.3	0.3	0.3	0.3	0.3	0.3	0.3	0.3	0.3	0.3	0.3	0.3	0.3
CPC Sample Flow(lpm)	0.3	0.3	0.3	0.3	0.3	0.3	0.3	0.3	0.3	0.3	0.3	0.3	0.3	0.3	0.3	0.3	0.3	0.3	0.3	0.3	0.3	0.3	0.3	0.3	0.3	0.3	0.3	0.3	0.3	0.3	0.3	0.3	0.3	0.3	0.3	0.3	0.3	0.3	0.3	0.3	0.3	0.3	0.3	0.3	0.3	0.3	0.3	0.3	0.3	0.3	0.3	0.3	0.3	0.3	0.3	0.3	0.3	0.3	0.3	0.3	0.3	0.3	0.3	0.3	0.3	0.3	0.3	0.3
Low Voltage	25.292	25.292	25.292	25.292	25.292	25.292	25.292	25.292	25.292	25.292	25.292	25.292	25.292	25.292	25.292	25.292	25.292	25.292	25.292	25.292	25.292	25.292	25.292	25.292	25.292	25.292	25.292	25.292	25.292	25.292	25.292	25.292	25.292	25.292	25.292	25.292	25.292	25.292	25.292	25.292	25.292	25.292	25.292	25.292	25.292	25.292	25.292	25.292	25.292	25.292	25.292	25.292	25.292	25.292	25.292	25.292	25.292	25.292	25.292	25.292	25.292	25.292	25.292	25.292	25.292	25.292	25.292	25.292
High Voltage	9454.36	9454.36	9454.36	9454.36	9454.36	9454.36	9454.36	9454.36	9454.36	9454.36	9454.36	9454.36	9454.36	9454.36	9454.36	9454.36	9454.36	9454.36	9454.36	9454.36	9454.36	9454.36	9454.36	9454.36	9454.36	9454.36	9454.36	9454.36	9454.36	9454.36	9454.36	9454.36	9454.36	9454.36	9454.36	9454.36	9454.36	9454.36	9454.36	9454.36	9454.36	9454.36	9454.36	9454.36	9454.36	9454.36	9454.36	9454.36	9454.36	9454.36	9454.36	9454.36	9454.36	9454.36	9454.36	9454.36	9454.36	9454.36	9454.36	9454.36	9454.36	9454.36	9454.36	9454.36	9454.36	9454.36	9454.36	9454.36
Lower Size(nm)	6.97831	6.97831	6.97831	6.97831	6.97831	6.97831	6.97831	6.97831	6.97831	6.97831	6.97831	6.97831	6.97831	6.97831	6.97831	6.97831	6.97831	6.97831	6.97831	6.97831	6.97831	6.97831	6.97831	6.97831	6.97831	6.97831	6.97831	6.97831	6.97831	6.97831	6.97831	6.97831	6.97831	6.97831	6.97831	6.97831	6.97831	6.97831	6.97831	6.97831	6.97831	6.97831	6.97831	6.97831	6.97831	6.97831	6.97831	6.97831	6.97831	6.97831	6.97831	6.97831	6.97831	6.97831	6.97831	6.97831	6.97831	6.97831	6.97831	6.97831	6.97831	6.97831	6.97831	6.97831	6.97831	6.97831	6.97831	6.97831
Upper Size(nm)	159.634	159.634	159.634	159.634	159.634	159.634	159.634	159.634	159.634	159.634	159.634	159.634	159.634	159.634	159.634	159.634	159.634	159.634	159.634	159.634	159.634	159.634	159.634	159.634	159.634	159.634	159.634	159.634	159.634	159.634	159.634	159.634	159.634	159.634	159.634	159.634	159.634	159.634	159.634	159.634	159.634	159.634	159.634	159.634	159.634	159.634	159.634	159.634	159.634	159.634	159.634	159.634	159.634	159.634	159.634	159.634	159.634	159.634	159.634	159.634	159.634	159.634	159.634	159.634	159.634	159.634	159.634	159.634
Density(g/cc)	1.2	1.2	1.2	1.2	1.2	1.2	1.2	1.2	1.2	1.2	1.2	1.2	1.2	1.2	1.2	1.2	1.2	1.2	1.2	1.2	1.2	1.2	1.2	1.2	1.2	1.2	1.2	1.2	1.2	1.2	1.2	1.2	1.2	1.2	1.2	1.2	1.2	1.2	1.2	1.2	1.2	1.2	1.2	1.2	1.2	1.2	1.2	1.2	1.2	1.2	1.2	1.2	1.2	1.2	1.2	1.2	1.2	1.2	1.2	1.2	1.2	1.2	1.2	1.2	1.2	1.2	1.2	1.2
Title																																																																				
Status Flag	Normal Scan	Normal Scan	Normal Scan	Normal Scan	Normal Scan	Normal Scan	Normal Scan	Normal Scan	Normal Scan	Normal Scan	Normal Scan	Normal Scan	Normal Scan	Normal Scan	Normal Scan	Normal Scan	Normal Scan	Normal Scan	Normal Scan	Normal Scan	Normal Scan	Normal Scan	Normal Scan	Normal Scan	Normal Scan	Normal Scan	Normal Scan	Normal Scan	Normal Scan	Normal Scan	Normal Scan	Normal Scan	Normal Scan	Normal Scan	Normal Scan	Normal Scan	Normal Scan	Normal Scan	Normal Scan	Normal Scan	Normal Scan	Normal Scan	Normal Scan	Normal Scan	Normal Scan	Normal Scan	Normal Scan	Normal Scan	Normal Scan	Normal Scan	Normal Scan	Normal Scan	Normal Scan	Normal Scan	Normal Scan	Normal Scan	Normal Scan	Normal Scan	Normal Scan	Normal Scan	Normal Scan	Normal Scan	Normal Scan	Normal Scan	Normal Scan	Normal Scan	Normal Scan	Normal Scan
td(s)	3.395	3.395	3.395	3.395	3.395	3.395	3.395	3.395	3.395	3.395	3.395	3.395	3.395	3.395	3.395	3.395	3.395	3.395	3.395	3.395	3.395	3.395	3.395	3.395	3.395	3.395	3.395	3.395	3.395	3.395	3.395	3.395	3.395	3.395	3.395	3.395	3.395	3.395	3.395	3.395	3.395	3.395	3.395	3.395	3.395	3.395	3.395	3.395	3.395	3.395	3.395	3.395	3.395	3.395	3.395	3.395	3.395	3.395	3.395	3.395	3.395	3.395	3.395	3.395	3.395	3.395	3.395	3.395
tf(s)	0.808146	0.808146	0.808146	0.808146	0.808146	0.808146	0.808146	0.808146	0.808146	0.808146	0.808146	0.808146	0.808146	0.808146	0.808146	0.808146	0.808146	0.808146	0.808146	0.808146	0.808146	0.808146	0.808146	0.808146	0.808146	0.808146	0.808146	0.808146	0.808146	0.808146	0.808146	0.808146	0.808146	0.808146	0.808146	0.808146	0.808146	0.808146	0.808146	0.808146	0.808146	0.808146	0.808146	0.808146	0.808146	0.808146	0.808146	0.808146	0.808146	0.808146	0.808146	0.808146	0.808146	0.808146	0.808146	0.808146	0.808146	0.808146	0.808146	0.808146	0.808146	0.808146	0.808146	0.808146	0.808146	0.808146	0.808146	0.808146
D50(nm)	1589.27	1589.27	1589.27	1589.27	1589.27	1589.27	1589.27	1589.27	1589.27	1589.27	1589.27	1589.27	1589.27	1589.27	1589.27	1589.27	1589.27	1589.27	1589.27	1589.27	1589.27	1589.27	1589.27	1589.27	1589.27	1589.27	1589.27	1589.27	1589.27	1589.27	1589.27	1589.27	1589.27	1589.27	1589.27	1589.27	1589.27	1589.27	1589.27	1589.27	1589.27	1589.27	1589.27	1589.27	1589.27	1589.27	1589.27	1589.27	1589.27	1589.27	1589.27	1589.27	1589.27	1589.27	1589.27	1589.27	1589.27	1589.27	1589.27	1589.27	1589.27	1589.27	1589.27	1589.27	1589.27	1589.27	1589.27	1589.27
Median(nm)	13.5088	14.1878	13.9313	13.8321	14.4806	14.7831	13.6588	11.4367	14.3774	13.8898	13.5816	13.378	14.2401	13.9749	13.5275	13.6699	13.5698	14.7574	13.9325	13.6448	13.2891	13.0025	13.8509	13.4756	13.6325	13.5935	13.4956	13.0922	13.1614	12.7984	14.0063	13.2353	13.618	13.7891	13.7905	13.4997	13.7736	13.6791	13.1751	13.1556	13.1872	13.4104	14.1666	13.4137	12.7071	13.6213	13.7538	13.8144	13.7247	12.8171	14.1325	13.4823	13.7205	14.0094	12.7903	13.1224	12.7474	13.5476	13.8995	13.5021	13.3918	13.5336	13.5368	13.6998	13.0367	13.5286	13.3134	13.9874
Mean(nm)	25.4162	26.4324	27.7522	27.4067	28.0362	25.3968	27.2923	23.9643	26.6737	25.8195	26.7956	25.9517	26.8598	26.9905	26.174	26.4872	26.38	28.4545	26.4713	26.0157	25.7506	25.7328	26.3492	26.2961	26.5885	26.6967	26.54	26.2591	26.7534	25.9847	25.8238	26.6128	26.8369	26.6708	27.9333	26.7479	27.4288	26.533	26.4248	25.62	25.5317	26.4603	27.1111	26.0082	25.8444	26.3315	27.6167	26.7882	26.4443	25.5354	27.0895	26.2212	26.3847	26.1088	25.6983	24.9663	25.1609	26.4843	27.7506	27.4111	26.1459	26.7123	26.6765	25.5592	25.7592	26.0259	27.1236	26.6929
Geo. Mean(nm)	17.1838	18.0462	18.2523	18.0177	18.945	17.6063	17.9438	15.8594	18.0291	17.5595	17.7026	17.3982	17.9655	17.9582	17.4064	17.7755	17.5814	18.8043	17.858	17.5081	17.3003	17.1015	17.8017	17.5605	17.7388	17.6862	17.5894	17.3784	17.4494	17.1182	17.5628	17.5521	17.633	17.8646	18.1428	17.7876	18.1262	17.6858	17.5543	17.1438	17.1561	17.6012	18.2167	17.3388	17.0055	17.4711	18.0864	17.8135	17.723	16.8697	18.1401	17.5895	17.7166	17.5752	17.0798	16.8341	16.7474	17.6323	18.1952	17.9708	17.498	17.5394	17.7355	17.2112	17.1864	17.4478	17.8699	17.8912
Mode(nm)	13.5773	8.81683	8.81683	7.10497	57.2549	16.2531	7.91476	8.81683	7.63506	7.36525	7.10497	7.63506	8.81683	7.91476	7.63506	7.63506	7.10497	7.10497	7.63506	7.36525	7.36525	7.91476	7.10497	8.50526	7.91476	7.63506	7.36525	7.63506	8.2047	7.91476	7.91476	7.91476	7.10497	7.10497	7.36525	7.91476	7.10497	7.10497	7.10497	7.63506	7.91476	7.91476	7.63506	7.10497	7.91476	8.2047	7.36525	7.91476	7.10497	7.10497	7.10497	7.63506	7.63506	7.63506	7.10497	7.63506	7.10497	7.91476	8.50526	7.10497	8.2047	7.10497	7.10497	7.10497	7.91476	7.10497	7.10497	7.91476
Geo. Std. Dev.	2.20772	2.21803	2.32753	2.32139	2.28945	2.16915	2.30296	2.22718	2.24566	2.21415	2.28312	2.24631	2.25612	2.27863	2.27043	2.24874	2.26091	2.31885	2.24419	2.23507	2.23565	2.25552	2.24921	2.24294	2.24864	2.27327	2.2877	2.26681	2.31466	2.28073	2.21749	2.29052	2.29182	2.25764	2.32628	2.26491	2.29547	2.25793	2.26513	2.24613	2.23248	2.26368	2.25299	2.25416	2.27337	2.26806	2.32294	2.27783	2.25841	2.2636	2.2646	2.2385	2.25321	2.23752	2.26747	2.22649	2.24812	2.25697	2.30087	2.30879	2.24982	2.29957	2.26532	2.2265	2.25216	2.24703	2.30111	2.25522
Total Concentration(#/cm)	6206.5	5654.24	5473.73	5553.84	5556.01	5520.6	4902.28	6032.76	5214.88	5052.05	4840.07	4786.68	4667.44	4837.31	4872.29	4678.89	4864.93	4441.95	4781.67	4680.33	4627.69	4876.83	4625.69	4317.51	4261.72	4198.38	4418.66	4605.89	4451.24	4315.1	4417.87	4295.06	4213.25	4224.43	4242.43	6175.9	6595.37	6420.01	6480.28	6373.91	6376.89	5835.51	5830.24	5756.18	5801.07	5548.59	5204.22	5347.12	5239.14	5434.37	5255.63	5279.26	4907.15	4992.98	5125.05	5121.96	5035.67	4752.94	4753.46	4852.53	4882.95	4626.17	4492.06	4924.11	4542.99	4634.11	4249.29	4206.88
Comment																																																																				
