TSI CPC DATA VERSION 3
1489154502,2017/3/10,14:01:42
15
1.08,130
Model 3783 Ver 1.27 S/N 3783111302
"Date","Time","Concentration","Count"," Live-Time","Blank","Abs Press"," Analog In","Pulse Height"," Pulse STD","Status Flags"
2017/3/10,14:01:41,2.79e3,22757,3.742,,1000,0.000,1083,184,0
2017/3/10,14:01:45,2.88e3,93860,14.92,,1000,0.000,1032,220,0
2017/3/10,14:02:00,2.97e3,96703,14.92,,1000,0.000,1035,224,0
2017/3/10,14:02:15,2.96e3,96477,14.92,,1000,0.000,1055,244,0
2017/3/10,14:02:30,2.96e3,96498,14.92,,1000,0.000,1091,260,0
2017/3/10,14:02:45,2.88e3,93874,14.92,,1000,0.000,1129,256,0
2017/3/10,14:03:00,2.81e3,91323,14.92,,1000,0.000,1184,278,0
2017/3/10,14:03:15,2.77e3,90145,14.92,,1000,0.000,1285,283,0
2017/3/10,14:03:30,2.75e3,89482,14.92,,1000,0.000,1378,308,0
2017/3/10,14:03:45,2.74e3,89249,14.92,,1000,0.000,1478,343,0
2017/3/10,14:04:00,2.70e3,87940,14.92,,1000,0.000,1600,362,0
2017/3/10,14:04:15,2.70e3,87968,14.92,,1000,0.000,1722,411,0
2017/3/10,14:04:30,2.71e3,88110,14.92,,1000,0.000,1899,434,0
2017/3/10,14:04:45,2.66e3,86626,14.92,,1000,0.000,2045,474,0
2017/3/10,14:05:00,2.61e3,84935,14.92,,1000,0.000,2153,494,0
2017/3/10,14:05:15,2.60e3,84684,14.92,,1000,0.000,2275,505,0
2017/3/10,14:05:30,2.58e3,83912,14.92,,1000,0.000,2335,513,0
2017/3/10,14:05:45,2.55e3,83046,14.92,,1000,0.000,2408,468,0
2017/3/10,14:06:00,2.56e3,83296,14.92,,1000,0.000,2435,490,0
2017/3/10,14:06:15,2.53e3,82293,14.92,,1000,0.000,2436,485,0
2017/3/10,14:06:30,2.53e3,82398,14.92,,1000,0.000,2448,498,0
2017/3/10,14:06:45,2.51e3,81781,14.92,,1000,0.000,2495,458,0
2017/3/10,14:07:00,2.51e3,81739,14.92,,1000,0.000,2478,489,0
2017/3/10,14:07:15,2.67e3,86874,14.91,,1000,0.000,2471,461,0
2017/3/10,14:07:30,4.69e3,150915,14.85,,1000,0.000,2443,483,0
2017/3/10,14:07:45,1.13e4,356697,14.65,,1000,0.000,2364,516,0
2017/3/10,14:08:00,1.48e4,466660,14.55,,1000,0.000,2288,529,0
2017/3/10,14:08:15,2.90e4,885687,14.16,,1000,0.000,2203,529,0
2017/3/10,14:08:30,3.78e4,1130048,13.93,,1000,0.000,2086,543,0
2017/3/10,14:08:45,5.59e4,1619078,13.46,,1000,0.000,1984,517,0
2017/3/10,14:09:00,4.23e4,1263121,13.8,,1000,0.000,2055,523,0
2017/3/10,14:09:15,5.63e4,1625991,13.45,,1000,0.000,1965,517,0
2017/3/10,14:09:30,5.58e4,1625277,13.46,,1000,0.000,1944,512,0
2017/3/10,14:09:45,8.36e4,2312257,12.79,,1000,0.000,1831,474,0
2017/3/10,14:10:00,7.65e4,2147107,12.95,,1000,0.000,1801,495,0
2017/3/10,14:10:15,7.36e4,2077394,13.02,,1000,0.000,1844,483,0
2017/3/10,14:10:30,1.04e5,2770759,12.29,,1000,0.000,1770,467,0
2017/3/10,14:10:45,1.13e5,2957824,12.1,,1000,0.000,1724,482,0
2017/3/10,14:11:00,1.48e5,3618696,11.32,,1000,0.000,1628,473,0
2017/3/10,14:11:15,1.66e5,3929329,10.94,,1000,0.000,1617,500,0
2017/3/10,14:11:30,1.77e5,4106859,10.71,,1000,0.000,1614,524,0
2017/3/10,14:11:45,1.88e5,4245534,10.5,,1000,0.000,1634,488,0
2017/3/10,14:12:00,2.54e5,5090317,9.262,,1000,0.000,1516,534,0
2017/3/10,14:12:15,2.38e5,4908689,9.53,,1000,0.000,1542,546,0
2017/3/10,14:12:30,2.64e5,5160320,9.089,,1000,0.000,1491,523,0
2017/3/10,14:12:45,2.83e5,5348452,8.761,,1000,0.000,1474,522,0
2017/3/10,14:13:00,2.85e5,5353293,8.719,,1000,0.000,1497,527,0
2017/3/10,14:13:15,3.06e5,5522492,8.38,,1000,0.000,1483,529,0
2017/3/10,14:13:30,2.96e5,5465748,8.518,,1000,0.000,1513,557,0
2017/3/10,14:13:45,3.07e5,5544077,8.351,,1000,0.000,1474,551,0
2017/3/10,14:14:00,3.25e5,5674745,8.071,,1000,0.000,1474,533,0
2017/3/10,14:14:15,3.46e5,5803707,7.761,,1000,0.000,1458,548,0
2017/3/10,14:14:30,3.37e5,5747137,7.869,,1000,0.000,1416,528,0
2017/3/10,14:14:45,3.61e5,5878808,7.531,,1000,0.000,1481,540,0
2017/3/10,14:15:00,3.93e5,6017365,7.094,,1000,0.000,1417,527,0
2017/3/10,14:15:15,3.83e5,5977585,7.232,,1000,0.000,1445,551,0
2017/3/10,14:15:30,3.67e5,5902987,7.432,,1000,0.000,1430,534,0
2017/3/10,14:15:45,3.64e5,5855067,7.512,,1000,0.000,1456,548,0
2017/3/10,14:16:00,3.59e5,5872698,7.541,,1000,0.000,1447,548,0
2017/3/10,14:16:15,3.79e5,5963780,7.261,,1000,0.000,1406,540,0
2017/3/10,14:16:30,3.76e5,5946775,7.3,,1000,0.000,1457,566,0
2017/3/10,14:16:45,5.40e5,6269917,5.409,,1000,0.000,1387,563,0
2017/3/10,14:17:00,4.70e5,6235312,6.131,,1000,0.000,1417,577,0
2017/3/10,14:17:15,4.11e5,6088092,6.843,,1000,0.000,1446,543,0
2017/3/10,14:17:30,3.99e5,6054687,7.002,,1000,0.000,1458,540,0
2017/3/10,14:17:45,3.80e5,5974804,7.265,,1000,0.000,1436,541,0
2017/3/10,14:18:00,3.82e5,5983277,7.236,,1000,0.000,1456,544,0
2017/3/10,14:18:15,3.83e5,5970557,7.209,,1000,0.000,1455,537,0
2017/3/10,14:18:30,3.85e5,6008662,7.199,,1000,0.000,1473,539,0
2017/3/10,14:18:45,3.63e5,5898932,7.496,,1000,0.000,1473,523,0
2017/3/10,14:19:00,3.56e5,5853537,7.592,,1000,0.000,1469,541,0
2017/3/10,14:19:15,3.38e5,5742898,7.841,,1000,0.000,1453,501,0
2017/3/10,14:19:30,3.16e5,5603506,8.172,,1000,0.000,1489,516,0
2017/3/10,14:19:45,3.26e5,5671569,8.023,,1000,0.000,1514,524,0
2017/3/10,14:20:00,3.13e5,5573474,8.224,,1000,0.000,1519,489,0
2017/3/10,14:20:15,3.05e5,5509505,8.339,,1000,0.000,1517,533,0
2017/3/10,14:20:30,2.99e5,5465374,8.434,,1000,0.000,1555,529,0
2017/3/10,14:20:45,3.07e5,5535421,8.318,,1000,0.000,1479,531,0
2017/3/10,14:21:00,3.42e5,5729263,7.811,,1000,0.000,1490,537,0
2017/3/10,14:21:15,3.65e5,5860789,7.48,,1000,0.000,1479,549,0
2017/3/10,14:21:30,4.01e5,6049068,6.963,,1000,0.000,1442,541,0
2017/3/10,14:21:45,4.23e5,6119990,6.67,,1000,0.000,1390,515,0
2017/3/10,14:22:00,4.18e5,6101720,6.739,,1000,0.000,1411,527,0
2017/3/10,14:22:15,4.67e5,6216386,6.138,,1000,0.000,1431,565,0
2017/3/10,14:22:30,4.71e5,6202508,6.079,,1000,0.000,1417,560,0
2017/3/10,14:22:45,4.93e5,6217041,5.842,,1000,0.000,1397,556,0
2017/3/10,14:23:00,4.93e5,6222155,5.836,,1000,0.000,1381,560,0
2017/3/10,14:23:15,4.71e5,6198910,6.078,,1000,0.000,1383,520,0
2017/3/10,14:23:30,4.41e5,6135780,6.416,,1000,0.000,1398,537,0
2017/3/10,14:23:45,4.02e5,6013413,6.93,,1000,0.000,1428,532,0
2017/3/10,14:24:00,3.75e5,5909787,7.27,,1000,0.000,1431,522,0
2017/3/10,14:24:15,3.50e5,5785548,7.622,,1000,0.000,1453,540,0
2017/3/10,14:24:30,3.51e5,5778333,7.598,,1000,0.000,1455,526,0
2017/3/10,14:24:45,3.43e5,5741950,7.723,,1000,0.000,1436,515,0
2017/3/10,14:25:00,3.40e5,5734289,7.777,,1000,0.000,1446,513,0
2017/3/10,14:25:15,3.34e5,5688350,7.861,,1000,0.000,1469,528,0
2017/3/10,14:25:30,3.31e5,5675903,7.897,,1000,0.000,1459,524,0
2017/3/10,14:25:45,3.29e5,5666632,7.946,,1000,0.000,1477,528,0
2017/3/10,14:26:00,3.23e5,5622927,8.033,,1000,0.000,1531,529,0
2017/3/10,14:26:15,3.23e5,5616710,8.024,,1000,0.000,1474,541,0
2017/3/10,14:26:30,3.26e5,5640601,7.991,,1000,0.000,1495,523,0
2017/3/10,14:26:45,3.43e5,5736132,7.727,,1000,0.000,1480,552,0
2017/3/10,14:27:00,3.31e5,5687831,7.922,,1000,0.000,1495,538,0
2017/3/10,14:27:15,3.27e5,5657961,7.969,,1000,0.000,1514,554,0
2017/3/10,14:27:30,3.21e5,5621470,8.074,,1000,0.000,1502,493,0
2017/3/10,14:27:45,3.26e5,5651052,7.986,,1000,0.000,1470,534,0
2017/3/10,14:28:00,3.27e5,5665269,7.986,,1000,0.000,1468,522,0
2017/3/10,14:28:15,3.35e5,5714723,7.857,,1000,0.000,1468,529,0
2017/3/10,14:28:30,3.46e5,5781330,7.712,,1000,0.000,1496,557,0
2017/3/10,14:28:45,3.63e5,5837416,7.507,,1000,0.000,1458,548,0
2017/3/10,14:29:00,4.09e5,6053166,6.875,,1000,0.000,1446,532,0
2017/3/10,14:29:15,4.03e5,5992974,6.973,,1000,0.000,1447,540,0
2017/3/10,14:29:30,3.48e5,5796205,7.691,,1000,0.000,1492,526,0
2017/3/10,14:29:45,3.73e5,5928371,7.335,,1000,0.000,1464,550,0
2017/3/10,14:30:00,4.20e5,6087148,6.733,,1000,0.000,1442,538,0
2017/3/10,14:30:15,4.23e5,6096490,6.69,,1000,0.000,1376,528,0
2017/3/10,14:30:30,3.57e5,5848554,7.571,,1000,0.000,1494,562,0
2017/3/10,14:30:45,3.46e5,5780181,7.7,,1000,0.000,1474,537,0
2017/3/10,14:31:00,3.98e5,6025404,7.011,,1000,0.000,1456,539,0
2017/3/10,14:31:15,4.18e5,6084833,6.738,,1000,0.000,1422,544,0
2017/3/10,14:31:30,3.51e5,5819209,7.655,,1000,0.000,1485,529,0
2017/3/10,14:31:45,3.54e5,5824866,7.61,,1000,0.000,1439,539,0
2017/3/10,14:32:00,3.64e5,5895959,7.484,,1000,0.000,1478,507,0
2017/3/10,14:32:15,3.99e5,6046257,6.985,,1000,0.000,1455,541,0
2017/3/10,14:32:30,3.61e5,5866498,7.514,,1000,0.000,1486,541,0
2017/3/10,14:32:45,3.53e5,5824064,7.615,,1000,0.000,1507,550,0
2017/3/10,14:33:00,3.32e5,5714944,7.927,,1000,0.000,1480,570,0
2017/3/10,14:33:15,3.67e5,5906581,7.42,,1000,0.000,1467,535,0
2017/3/10,14:33:30,3.33e5,5708803,7.907,,1000,0.000,1520,557,0
2017/3/10,14:33:45,3.48e5,5802095,7.701,,1000,0.000,1473,550,0
2017/3/10,14:34:00,3.46e5,5792033,7.72,,1000,0.000,1516,581,0
2017/3/10,14:34:15,3.32e5,5713283,7.928,,1000,0.000,1485,502,0
2017/3/10,14:34:30,3.21e5,5637451,8.095,,1000,0.000,1530,534,0
2017/3/10,14:34:45,3.23e5,5649794,8.055,,1000,0.000,1507,524,0
2017/3/10,14:35:00,3.25e5,5666435,8.038,,1000,0.000,1475,518,0
2017/3/10,14:35:15,3.17e5,5616454,8.167,,1000,0.000,1520,535,0
2017/3/10,14:35:30,3.36e5,5725786,7.877,,1000,0.000,1486,521,0
2017/3/10,14:35:45,3.26e5,5669956,8.017,,1000,0.000,1497,524,0
2017/3/10,14:36:00,3.29e5,5695629,7.984,,1000,0.000,1505,541,0
2017/3/10,14:36:15,3.38e5,5743806,7.843,,1000,0.000,1507,526,0
2017/3/10,14:36:30,3.32e5,5716365,7.942,,1000,0.000,1481,506,0
2017/3/10,14:36:45,3.28e5,5687233,7.985,,1000,0.000,1505,540,0
2017/3/10,14:37:00,3.27e5,5681862,8.02,,1000,0.000,1500,550,0
2017/3/10,14:37:15,3.29e5,5692384,7.986,,1000,0.000,1491,538,0
2017/3/10,14:37:30,3.27e5,5694319,8.025,,1000,0.000,1490,543,0
2017/3/10,14:37:45,3.18e5,5626054,8.159,,1000,0.000,1479,511,0
2017/3/10,14:38:00,3.32e5,5715791,7.945,,1000,0.000,1479,541,0
2017/3/10,14:38:15,3.26e5,5679925,8.028,,1000,0.000,1522,526,0
2017/3/10,14:38:30,3.22e5,5652398,8.103,,1000,0.000,1495,527,0
2017/3/10,14:38:45,3.45e5,5792282,7.775,,1000,0.000,1478,502,0
2017/3/10,14:39:00,3.83e5,6002419,7.231,,1000,0.000,1488,540,0
2017/3/10,14:39:15,3.44e5,5806430,7.783,,1000,0.000,1505,548,0
2017/3/10,14:39:30,3.20e5,5639290,8.142,,1000,0.000,1496,513,0
2017/3/10,14:39:45,2.96e5,5472438,8.512,,1000,0.000,1514,534,0
2017/3/10,14:40:00,2.98e5,5476919,8.49,,1000,0.000,1539,550,0
2017/3/10,14:40:15,2.82e5,5341963,8.736,,1000,0.000,1578,517,0
2017/3/10,14:40:30,2.60e5,5138713,9.107,,1000,0.000,1573,505,0
2017/3/10,14:40:45,2.62e5,5143525,9.072,,1000,0.000,1621,520,0
2017/3/10,14:41:00,2.47e5,5005800,9.329,,1000,0.000,1580,513,0
2017/3/10,14:41:15,2.28e5,4784010,9.657,,1000,0.000,1590,509,0
2017/3/10,14:41:30,2.13e5,4599013,9.956,,1000,0.000,1619,498,0
2017/3/10,14:41:45,2.03e5,4458783,10.15,,1000,0.000,1694,513,0
2017/3/10,14:42:00,1.90e5,4292559,10.39,,1000,0.000,1668,490,0
2017/3/10,14:42:15,1.91e5,4302801,10.37,,1000,0.000,1672,505,0
2017/3/10,14:42:30,1.83e5,4178276,10.54,,1000,0.000,1707,499,0
2017/3/10,14:42:45,1.65e5,3900331,10.91,,1000,0.000,1699,504,0
2017/3/10,14:43:00,1.48e5,3615779,11.26,,1000,0.000,1760,469,0
2017/3/10,14:43:15,1.25e5,3200166,11.76,,1000,0.000,1795,491,0
2017/3/10,14:43:30,1.23e5,3148787,11.82,,1000,0.000,1779,462,0
2017/3/10,14:43:45,1.17e5,3046802,11.93,,1000,0.000,1822,474,0
2017/3/10,14:44:00,1.16e5,3026590,11.96,,1000,0.000,1823,482,0
2017/3/10,14:44:15,1.09e5,2875380,12.12,,1000,0.000,1811,491,0
2017/3/10,14:44:30,1.03e5,2756014,12.25,,1000,0.000,1846,472,0
2017/3/10,14:44:45,9.53e4,2570284,12.45,,1000,0.000,1824,471,0
2017/3/10,14:45:00,9.26e4,2511235,12.51,,1000,0.000,1849,483,0
2017/3/10,14:45:15,9.22e4,2503018,12.52,,1000,0.000,1859,476,0
2017/3/10,14:45:30,8.89e4,2427537,12.6,,1000,0.000,1868,467,0
2017/3/10,14:45:45,9.43e4,2550175,12.47,,1000,0.000,1866,477,0
2017/3/10,14:46:00,9.35e4,2532433,12.49,,1000,0.000,1849,487,0
2017/3/10,14:46:15,9.05e4,2463773,12.56,,1000,0.000,1871,496,0
2017/3/10,14:46:30,8.89e4,2428500,12.59,,1000,0.000,1845,473,0
2017/3/10,14:46:45,8.61e4,2364594,12.66,,1000,0.000,1879,480,0
2017/3/10,14:47:00,8.30e4,2291888,12.74,,1000,0.000,1889,477,0
2017/3/10,14:47:15,8.23e4,2276148,12.75,,1000,0.000,1928,483,0
2017/3/10,14:47:30,7.99e4,2218836,12.81,,1000,0.000,1887,471,0
2017/3/10,14:47:45,7.87e4,2190640,12.84,,1000,0.000,1868,468,0
2017/3/10,14:48:00,7.71e4,2152805,12.88,,1000,0.000,1923,457,0
2017/3/10,14:48:15,7.58e4,2121967,12.91,,1000,0.000,1884,478,0
2017/3/10,14:48:30,7.52e4,2110033,12.93,,1000,0.000,1934,456,0
2017/3/10,14:48:45,7.36e4,2069436,12.97,,1000,0.000,1977,451,0
2017/3/10,14:49:00,7.11e4,2009914,13.03,,1000,0.000,1918,469,0
2017/3/10,14:49:15,6.97e4,1975359,13.07,,1000,0.000,1936,484,0
2017/3/10,14:49:30,7.17e4,2025955,13.02,,1000,0.000,1898,474,0
2017/3/10,14:49:45,6.97e4,1975375,13.07,,1000,0.000,1943,485,0
2017/3/10,14:50:00,6.79e4,1932707,13.11,,1000,0.000,1981,467,0
2017/3/10,14:50:15,6.67e4,1900524,13.14,,1000,0.000,1962,469,0
2017/3/10,14:50:30,6.50e4,1858991,13.18,,1000,0.000,2012,473,0
2017/3/10,14:50:45,6.44e4,1845040,13.2,,1000,0.000,1990,495,0
2017/3/10,14:51:00,6.43e4,1840999,13.2,,1000,0.000,1989,462,0
2017/3/10,14:51:15,6.36e4,1825212,13.22,,1000,0.000,2008,478,0
2017/3/10,14:51:30,6.28e4,1803981,13.24,,1000,0.000,2005,485,0
2017/3/10,14:51:45,6.17e4,1776891,13.27,,1000,0.000,2011,500,0
2017/3/10,14:52:00,6.12e4,1762885,13.28,,1000,0.000,2020,477,0
2017/3/10,14:52:15,5.86e4,1695744,13.35,,1000,0.000,2050,488,0
2017/3/10,14:52:30,5.85e4,1694561,13.35,,1000,0.000,2032,491,0
2017/3/10,14:52:45,5.84e4,1690775,13.35,,1000,0.000,2027,512,0
2017/3/10,14:53:00,5.66e4,1645683,13.4,,1000,0.000,2070,467,0
2017/3/10,14:53:15,5.70e4,1655107,13.39,,1000,0.000,2017,504,0
2017/3/10,14:53:30,5.57e4,1622781,13.42,,1000,0.000,2038,487,0
2017/3/10,14:53:45,5.52e4,1608473,13.44,,1000,0.000,2098,458,0
2017/3/10,14:54:00,5.46e4,1593941,13.45,,1000,0.000,2099,466,0
2017/3/10,14:54:15,5.42e4,1583724,13.46,,1000,0.000,2041,485,0
2017/3/10,14:54:30,5.30e4,1551359,13.49,,1000,0.000,2062,498,0
2017/3/10,14:54:45,5.15e4,1513195,13.53,,1000,0.000,2097,483,0
2017/3/10,14:55:00,5.15e4,1511929,13.53,,1000,0.000,2069,512,0
2017/3/10,14:55:15,5.02e4,1478132,13.56,,1000,0.000,2083,504,0
2017/3/10,14:55:30,5.04e4,1481729,13.56,,1000,0.000,2105,507,0
2017/3/10,14:55:45,4.99e4,1470518,13.57,,1000,0.000,2091,528,0
2017/3/10,14:56:00,4.91e4,1447855,13.59,,1000,0.000,2117,494,0
2017/3/10,14:56:15,4.94e4,1456820,13.59,,1000,0.000,2120,489,0
2017/3/10,14:56:30,4.86e4,1435042,13.61,,1000,0.000,2137,483,0
2017/3/10,14:56:45,4.73e4,1401017,13.64,,1000,0.000,2093,510,0
2017/3/10,14:57:00,4.70e4,1391716,13.65,,1000,0.000,2161,491,0
2017/3/10,14:57:15,4.64e4,1375237,13.66,,1000,0.000,2117,505,0
2017/3/10,14:57:30,4.56e4,1353547,13.69,,1000,0.000,2126,500,0
2017/3/10,14:57:45,4.48e4,1331836,13.71,,1000,0.000,2103,502,0
2017/3/10,14:58:00,4.50e4,1337606,13.7,,1000,0.000,2163,477,0
2017/3/10,14:58:15,4.43e4,1317783,13.72,,1000,0.000,2141,512,0
2017/3/10,14:58:30,4.37e4,1303172,13.73,,1000,0.000,2120,488,0
2017/3/10,14:58:45,4.32e4,1288061,13.75,,1000,0.000,2135,500,0
2017/3/10,14:59:00,4.28e4,1279155,13.76,,1000,0.000,2164,473,0
2017/3/10,14:59:15,4.24e4,1266660,13.77,,1000,0.000,2149,516,0
2017/3/10,14:59:30,4.22e4,1261499,13.77,,1000,0.000,2176,472,0
2017/3/10,14:59:45,4.19e4,1254383,13.78,,1000,0.000,2153,509,0
2017/3/10,15:00:00,4.16e4,1245898,13.79,,1000,0.000,2171,504,0
2017/3/10,15:00:15,4.10e4,1228014,13.81,,1000,0.000,2143,533,0
2017/3/10,15:00:30,4.04e4,1212745,13.82,,1000,0.000,2197,474,0
2017/3/10,15:00:45,3.96e4,1190015,13.84,,1000,0.000,2167,513,0
2017/3/10,15:01:00,3.95e4,1187698,13.85,,1000,0.000,2154,500,0
2017/3/10,15:01:15,3.95e4,1186942,13.85,,1000,0.000,2211,482,0
2017/3/10,15:01:30,3.89e4,1169286,13.86,,1000,0.000,2216,500,0
2017/3/10,15:01:45,3.83e4,1152784,13.88,,1000,0.000,2183,502,0
2017/3/10,15:02:00,3.75e4,1132367,13.9,,1000,0.000,2207,511,0
2017/3/10,15:02:15,3.71e4,1121439,13.91,,1000,0.000,2229,488,0
2017/3/10,15:02:30,3.69e4,1116074,13.91,,1000,0.000,2215,499,0
2017/3/10,15:02:45,3.70e4,1117785,13.91,,1000,0.000,2225,500,0
2017/3/10,15:03:00,3.64e4,1100054,13.93,,1000,0.000,2246,504,0
2017/3/10,15:03:15,3.61e4,1092435,13.93,,1000,0.000,2231,509,0
2017/3/10,15:03:30,3.52e4,1067673,13.96,,1000,0.000,2246,479,0
2017/3/10,15:03:45,3.48e4,1055708,13.97,,1000,0.000,2244,517,0
2017/3/10,15:04:00,3.48e4,1056618,13.97,,1000,0.000,2268,482,0
2017/3/10,15:04:15,3.44e4,1043933,13.98,,1000,0.000,2248,520,0
2017/3/10,15:04:30,3.46e4,1048985,13.98,,1000,0.000,2239,517,0
2017/3/10,15:04:45,3.39e4,1030497,13.99,,1000,0.000,2283,484,0
2017/3/10,15:05:00,3.33e4,1011975,14.01,,1000,0.000,2259,517,0
2017/3/10,15:05:15,3.30e4,1005705,14.02,,1000,0.000,2283,476,0
2017/3/10,15:05:30,3.25e4,990007,14.03,,1000,0.000,2230,505,0
2017/3/10,15:05:45,3.21e4,977712,14.05,,1000,0.000,2266,505,0
2017/3/10,15:06:00,3.18e4,970563,14.05,,1000,0.000,2268,494,0
2017/3/10,15:06:15,3.15e4,961300,14.06,,1000,0.000,2270,505,0
2017/3/10,15:06:30,3.09e4,945578,14.08,,1000,0.000,2274,502,0
2017/3/10,15:06:45,3.11e4,950284,14.07,,1000,0.000,2285,483,0
2017/3/10,15:07:00,3.12e4,952764,14.07,,1000,0.000,2304,488,0
2017/3/10,15:07:15,3.07e4,939834,14.08,,1000,0.000,2296,477,0
2017/3/10,15:07:30,2.99e4,916618,14.11,,1000,0.000,2338,462,0
2017/3/10,15:07:45,3.00e4,918781,14.1,,1000,0.000,2287,490,0
2017/3/10,15:08:00,3.00e4,918955,14.1,,1000,0.000,2292,485,0
2017/3/10,15:08:15,2.95e4,904542,14.12,,1000,0.000,2271,509,0
2017/3/10,15:08:30,2.86e4,878407,14.14,,1000,0.000,2255,521,0
2017/3/10,15:08:45,2.86e4,878782,14.14,,1000,0.000,2290,499,0
2017/3/10,15:09:00,2.87e4,880700,14.14,,1000,0.000,2302,499,0
2017/3/10,15:09:15,2.84e4,873551,14.15,,1000,0.000,2276,480,0
2017/3/10,15:09:30,2.82e4,867529,14.15,,1000,0.000,2327,462,0
2017/3/10,15:09:45,2.79e4,858175,14.16,,1000,0.000,2301,491,0
2017/3/10,15:10:00,2.83e4,869760,14.15,,1000,0.000,2298,491,0
2017/3/10,15:10:15,2.69e4,828330,14.19,,1000,0.000,2325,477,0
2017/3/10,15:10:30,2.60e4,803818,14.21,,1000,0.000,2330,479,0
2017/3/10,15:10:45,2.47e4,765492,14.25,,1000,0.000,2329,490,0
2017/3/10,15:11:00,2.31e4,716025,14.3,,1000,0.000,2335,500,0
2017/3/10,15:11:15,2.26e4,703747,14.31,,1000,0.000,2338,502,0
2017/3/10,15:11:30,2.29e4,710682,14.3,,1000,0.000,2346,487,0
2017/3/10,15:11:45,2.27e4,704610,14.31,,1000,0.000,2352,510,0
2017/3/10,15:12:00,2.21e4,687905,14.32,,1000,0.000,2368,494,0
2017/3/10,15:12:15,1.95e4,609004,14.4,,1000,0.000,2392,477,0
2017/3/10,15:12:30,1.88e4,587771,14.42,,1000,0.000,2376,513,0
2017/3/10,15:12:45,1.76e4,552774,14.45,,1000,0.000,2413,487,0
2017/3/10,15:13:00,1.66e4,522710,14.48,,1000,0.000,2406,483,0
2017/3/10,15:13:15,1.82e4,569909,14.43,,1000,0.000,2393,477,0
2017/3/10,15:13:30,1.77e4,555118,14.45,,1000,0.000,2377,473,0
2017/3/10,15:13:45,1.65e4,519101,14.48,,1000,0.000,2376,496,0
2017/3/10,15:14:00,1.55e4,489090,14.51,,1000,0.000,2421,471,0
2017/3/10,15:14:15,1.53e4,484450,14.52,,1000,0.000,2371,501,0
2017/3/10,15:14:30,1.53e4,482678,14.52,,1000,0.000,2406,488,0
2017/3/10,15:14:45,1.26e4,401570,14.6,,1000,0.000,2451,456,0
2017/3/10,15:15:00,1.22e4,388815,14.61,,1000,0.000,2459,451,0
2017/3/10,15:15:15,1.23e4,391051,14.61,,1000,0.000,2442,469,0
2017/3/10,15:15:30,1.17e4,373534,14.62,,1000,0.000,2441,483,0
2017/3/10,15:15:45,1.13e4,359427,14.64,,1000,0.000,2451,451,0
2017/3/10,15:16:00,1.15e4,365864,14.63,,1000,0.000,2449,457,0
2017/3/10,15:16:15,1.09e4,348085,14.65,,1000,0.000,2442,478,0
2017/3/10,15:16:30,1.04e4,331141,14.66,,1000,0.000,2470,454,0
2017/3/10,15:16:45,1.09e4,349369,14.65,,1000,0.000,2454,473,0
2017/3/10,15:17:00,1.03e4,329691,14.67,,1000,0.000,2454,458,0
2017/3/10,15:17:15,1.03e4,330663,14.66,,1000,0.000,2421,493,0
2017/3/10,15:17:30,1.02e4,326200,14.67,,1000,0.000,2424,499,0
2017/3/10,15:17:45,1.02e4,327495,14.67,,1000,0.000,2446,476,0
2017/3/10,15:18:00,1.01e4,323186,14.67,,1000,0.000,2464,482,0
2017/3/10,15:18:15,1.01e4,323832,14.67,,1000,0.000,2440,471,0
2017/3/10,15:18:30,1.00e4,321418,14.67,,1000,0.000,2489,454,0
2017/3/10,15:18:45,1.00e4,320556,14.67,,1000,0.000,2435,484,0
2017/3/10,15:19:00,9.99e3,318428,14.68,,1000,0.000,2454,473,0
2017/3/10,15:19:15,9.87e3,314676,14.68,,1000,0.000,2440,496,0
2017/3/10,15:19:30,9.68e3,308733,14.69,,1000,0.000,2429,498,0
2017/3/10,15:19:45,9.64e3,307364,14.69,,1000,0.000,2480,445,0
2017/3/10,15:20:00,9.63e3,307189,14.69,,1000,0.000,2446,487,0
2017/3/10,15:20:15,9.55e3,304472,14.69,,1000,0.000,2434,501,0
2017/3/10,15:20:30,9.35e3,298327,14.7,,1000,0.000,2438,480,0
2017/3/10,15:20:45,9.30e3,296894,14.7,,1000,0.000,2451,476,0
2017/3/10,15:21:00,9.36e3,298511,14.7,,1000,0.000,2438,489,0
2017/3/10,15:21:15,9.31e3,297180,14.7,,1000,0.000,2456,472,0
2017/3/10,15:21:30,9.31e3,297201,14.7,,1000,0.000,2469,461,0
2017/3/10,15:21:45,9.08e3,289858,14.71,,1000,0.000,2465,449,0
2017/3/10,15:22:00,9.00e3,287337,14.71,,1000,0.000,2492,452,0
2017/3/10,15:22:15,8.87e3,283256,14.71,,1000,0.000,2445,490,0
2017/3/10,15:22:30,8.82e3,281761,14.71,,1000,0.000,2504,443,0
2017/3/10,15:22:45,8.78e3,280591,14.72,,1000,0.000,2424,515,0
2017/3/10,15:23:00,8.79e3,280875,14.72,,1000,0.000,2448,484,0
2017/3/10,15:23:15,8.61e3,275179,14.72,,1000,0.000,2504,429,0
2017/3/10,15:23:30,8.55e3,273335,14.72,,1000,0.000,2458,480,0
2017/3/10,15:23:45,8.55e3,273271,14.72,,1000,0.000,2458,462,0
2017/3/10,15:24:00,8.46e3,270691,14.73,,1000,0.000,2469,465,0
2017/3/10,15:24:15,8.32e3,266014,14.73,,1000,0.000,2443,480,0
2017/3/10,15:24:30,8.40e3,268544,14.73,,1000,0.000,2460,480,0
2017/3/10,15:24:45,8.24e3,263698,14.73,,1000,0.000,2495,450,0
2017/3/10,15:25:00,8.26e3,264207,14.73,,1000,0.000,2467,469,0
2017/3/10,15:25:15,8.16e3,261127,14.74,,1000,0.000,2460,477,0
2017/3/10,15:25:30,8.20e3,262434,14.73,,1000,0.000,2481,463,0
2017/3/10,15:25:45,8.08e3,258528,14.74,,1000,0.000,2441,517,0
2017/3/10,15:26:00,8.07e3,258202,14.74,,1000,0.000,2442,469,0
2017/3/10,15:26:15,8.03e3,257018,14.74,,1000,0.000,2476,458,0
2017/3/10,15:26:30,8.01e3,256551,14.74,,1000,0.000,2465,474,0
2017/3/10,15:26:45,7.90e3,252951,14.74,,1000,0.000,2493,454,0
2017/3/10,15:27:00,7.84e3,251114,14.75,,1000,0.000,2481,462,0
2017/3/10,15:27:15,7.80e3,249759,14.75,,1000,0.000,2485,472,0
2017/3/10,15:27:30,7.70e3,246724,14.75,,1000,0.000,2501,427,0
2017/3/10,15:27:45,7.69e3,246342,14.75,,1000,0.000,2507,456,0
2017/3/10,15:28:00,7.71e3,246911,14.75,,1000,0.000,2454,483,0
2017/3/10,15:28:15,7.72e3,247473,14.75,,1000,0.000,2478,465,0
2017/3/10,15:28:30,7.82e3,250377,14.75,,1000,0.000,2512,435,0
2017/3/10,15:28:45,7.68e3,245976,14.75,,1000,0.000,2465,465,0
2017/3/10,15:29:00,7.49e3,240037,14.76,,1000,0.000,2476,487,0
2017/3/10,15:29:15,7.46e3,239224,14.76,,999,0.000,2471,465,0
2017/3/10,15:29:30,7.35e3,235751,14.76,,1000,0.000,2468,489,0
2017/3/10,15:29:45,7.51e3,240893,14.76,,1000,0.000,2504,456,0
2017/3/10,15:30:00,7.45e3,238980,14.76,,1000,0.000,2449,494,0
2017/3/10,15:30:15,7.36e3,236153,14.76,,1000,0.000,2489,482,0
2017/3/10,15:30:30,7.37e3,236464,14.76,,1000,0.000,2493,458,0
2017/3/10,15:30:45,7.44e3,238703,14.76,,1000,0.000,2471,461,0
2017/3/10,15:31:00,7.22e3,231463,14.77,,1000,0.000,2470,469,0
2017/3/10,15:31:15,7.07e3,226732,14.77,,1000,0.000,2487,452,0
2017/3/10,15:31:30,7.03e3,225639,14.77,,1000,0.000,2460,488,0
2017/3/10,15:31:45,7.01e3,225020,14.77,,1000,0.000,2486,438,0
2017/3/10,15:32:00,7.05e3,226172,14.77,,1000,0.000,2484,466,0
2017/3/10,15:32:15,7.09e3,227384,14.77,,1000,0.000,2510,457,0
2017/3/10,15:32:30,6.96e3,223399,14.77,,1000,0.000,2486,467,0
2017/3/10,15:32:45,6.88e3,220766,14.78,,1000,0.000,2491,447,0
2017/3/10,15:33:00,6.95e3,223111,14.77,,1000,0.000,2489,456,0
2017/3/10,15:33:15,6.87e3,220483,14.78,,1000,0.000,2492,443,0
2017/3/10,15:33:30,6.96e3,223250,14.77,,1000,0.000,2487,468,0
2017/3/10,15:33:45,6.96e3,223231,14.77,,1000,0.000,2490,473,0
2017/3/10,15:34:00,6.85e3,220024,14.78,,1000,0.000,2508,454,0
2017/3/10,15:34:15,6.71e3,215464,14.78,,1000,0.000,2513,454,0
2017/3/10,15:34:30,6.67e3,214106,14.78,,1000,0.000,2486,461,0
2017/3/10,15:34:45,6.44e3,206907,14.79,,1000,0.000,2506,438,0
2017/3/10,15:35:00,6.31e3,202767,14.8,,1000,0.000,2487,471,0
2017/3/10,15:35:15,6.10e3,196152,14.8,,1000,0.000,2496,474,0
2017/3/10,15:35:30,5.84e3,187841,14.81,,1000,0.000,2524,429,0
2017/3/10,15:35:45,5.96e3,191721,14.81,,1000,0.000,2507,439,0
2017/3/10,15:36:00,5.81e3,186982,14.81,,1000,0.000,2498,469,0
2017/3/10,15:36:15,5.58e3,179793,14.82,,1000,0.000,2480,484,0
2017/3/10,15:36:30,5.46e3,175909,14.82,,1000,0.000,2489,472,0
2017/3/10,15:36:45,5.23e3,168595,14.83,,1000,0.000,2503,477,0
2017/3/10,15:37:00,5.35e3,172309,14.82,,1000,0.000,2512,452,0
2017/3/10,15:37:15,5.15e3,165954,14.83,,1000,0.000,2498,476,0
2017/3/10,15:37:30,4.86e3,156661,14.84,,1000,0.000,2520,458,0
2017/3/10,15:37:45,4.96e3,160134,14.84,,1000,0.000,2498,447,0
2017/3/10,15:38:00,4.94e3,159204,14.84,,1000,0.000,2524,447,0
2017/3/10,15:38:15,4.80e3,154949,14.84,,1000,0.000,2510,461,0
2017/3/10,15:38:30,4.81e3,155287,14.84,,1000,0.000,2496,457,0
2017/3/10,15:38:45,4.77e3,153927,14.84,,1000,0.000,2502,461,0
2017/3/10,15:39:00,4.49e3,145177,14.85,,1000,0.000,2498,469,0
2017/3/10,15:39:15,4.38e3,141614,14.85,,1000,0.000,2503,467,0
2017/3/10,15:39:30,4.16e3,134567,14.86,,1000,0.000,2504,466,0
2017/3/10,15:39:45,4.01e3,129666,14.87,,1000,0.000,2501,478,0
2017/3/10,15:40:00,4.08e3,131981,14.86,,1000,0.000,2526,455,0
2017/3/10,15:40:15,3.94e3,127347,14.87,,1000,0.000,2520,456,0
2017/3/10,15:40:30,3.96e3,128031,14.87,,1000,0.000,2520,446,0
2017/3/10,15:40:45,3.92e3,126824,14.87,,1000,0.000,2519,439,0
2017/3/10,15:41:00,3.81e3,123417,14.87,,1000,0.000,2518,461,0
2017/3/10,15:41:15,3.79e3,122713,14.87,,1000,0.000,2496,472,0
2017/3/10,15:41:30,3.75e3,121197,14.87,,1000,0.000,2492,466,0
2017/3/10,15:41:45,3.75e3,121406,14.87,,1000,0.000,2471,480,0
2017/3/10,15:42:00,3.77e3,121964,14.87,,1000,0.000,2496,462,0
2017/3/10,15:42:15,3.71e3,120077,14.88,,1000,0.000,2491,465,0
2017/3/10,15:42:30,3.69e3,119497,14.88,,1000,0.000,2476,482,0
2017/3/10,15:42:45,3.66e3,118548,14.88,,1000,0.000,2485,495,0
2017/3/10,15:43:00,3.64e3,117924,14.88,,1000,0.000,2492,460,0
2017/3/10,15:43:15,3.67e3,118772,14.88,,1000,0.000,2475,494,0
2017/3/10,15:43:30,3.64e3,117847,14.88,,1000,0.000,2489,458,0
2017/3/10,15:43:45,3.62e3,117037,14.88,,1000,0.000,2480,477,0
2017/3/10,15:44:00,3.61e3,116851,14.88,,999,0.000,2482,491,0
2017/3/10,15:44:15,3.60e3,116473,14.88,,1000,0.000,2503,457,0
2017/3/10,15:44:30,3.57e3,115657,14.88,,1000,0.000,2508,452,0
2017/3/10,15:44:45,3.53e3,114379,14.88,,1000,0.000,2490,480,0
2017/3/10,15:45:00,3.54e3,114596,14.88,,1000,0.000,2500,454,0
2017/3/10,15:45:15,3.50e3,113481,14.88,,999,0.000,2491,468,0
2017/3/10,15:45:30,3.51e3,113515,14.88,,1000,0.000,2492,477,0
2017/3/10,15:45:45,3.52e3,114089,14.88,,999,0.000,2478,473,0
2017/3/10,15:46:00,3.49e3,113043,14.88,,1000,0.000,2503,454,0
2017/3/10,15:46:15,3.46e3,112030,14.89,,999,0.000,2479,483,0
2017/3/10,15:46:30,3.45e3,111708,14.89,,1000,0.000,2513,468,0
2017/3/10,15:46:45,3.48e3,112573,14.89,,1000,0.000,2469,488,0
2017/3/10,15:47:00,3.40e3,110152,14.89,,1000,0.000,2482,482,0
2017/3/10,15:47:15,3.37e3,109124,14.89,,1000,0.000,2454,504,0
2017/3/10,15:47:30,3.35e3,108478,14.89,,999,0.000,2510,465,0
2017/3/10,15:47:45,3.29e3,106807,14.89,,1000,0.000,2465,502,0
2017/3/10,15:48:00,3.31e3,107266,14.89,,1000,0.000,2476,473,0
2017/3/10,15:48:15,3.26e3,105652,14.89,,1000,0.000,2487,483,0
2017/3/10,15:48:30,3.24e3,105211,14.89,,1000,0.000,2470,493,0
2017/3/10,15:48:45,3.25e3,105327,14.89,,999,0.000,2478,498,0
2017/3/10,15:49:00,3.25e3,105293,14.89,,999,0.000,2487,478,0
2017/3/10,15:49:15,3.23e3,104775,14.89,,999,0.000,2463,516,0
2017/3/10,15:49:30,3.22e3,104479,14.89,,1000,0.000,2462,496,0
2017/3/10,15:49:45,3.20e3,103834,14.89,,999,0.000,2500,465,0
2017/3/10,15:50:00,3.21e3,104270,14.89,,999,0.000,2459,502,0
2017/3/10,15:50:15,3.25e3,105318,14.89,,1000,0.000,2484,477,0
2017/3/10,15:50:30,3.21e3,104067,14.89,,1000,0.000,2482,500,0
2017/3/10,15:50:45,3.11e3,101001,14.9,,1000,0.000,2471,504,0
2017/3/10,15:51:00,3.13e3,101612,14.9,,999,0.000,2489,477,0
2017/3/10,15:51:15,3.10e3,100719,14.9,,999,0.000,2484,472,0
2017/3/10,15:51:30,3.10e3,100810,14.9,,999,0.000,2470,480,0
2017/3/10,15:51:45,3.10e3,100735,14.9,,999,0.000,2514,457,0
2017/3/10,15:52:00,3.09e3,100243,14.9,,1000,0.000,2503,471,0
2017/3/10,15:52:15,3.07e3,99615,14.9,,1000,0.000,2515,441,0
2017/3/10,15:52:30,3.13e3,101566,14.9,,999,0.000,2493,479,0
2017/3/10,15:52:45,3.14e3,102075,14.9,,999,0.000,2500,466,0
2017/3/10,15:53:00,3.04e3,98834,14.9,,999,0.000,2531,434,0
2017/3/10,15:53:15,3.02e3,98253,14.9,,1000,0.000,2500,460,0
2017/3/10,15:53:30,3.01e3,97852,14.9,,999,0.000,2496,457,0
2017/3/10,15:53:45,2.99e3,97140,14.9,,1000,0.000,2495,460,0
2017/3/10,15:54:00,3.00e3,97504,14.9,,1000,0.000,2463,483,0
2017/3/10,15:54:15,3.00e3,97447,14.9,,999,0.000,2503,474,0
2017/3/10,15:54:30,3.00e3,97443,14.9,,999,0.000,2500,458,0
2017/3/10,15:54:45,2.94e3,95691,14.9,,999,0.000,2490,479,0
2017/3/10,15:55:00,2.96e3,96282,14.9,,999,0.000,2497,466,0
2017/3/10,15:55:15,2.96e3,96362,14.9,,1000,0.000,2507,490,0
2017/3/10,15:55:30,2.92e3,95136,14.9,,999,0.000,2513,456,0
