TSI CPC DATA VERSION 3
1489154481,2017/3/10,14:01:22
15
1.08,130
Model 3783 Ver 1.27 S/N 3783111302
"Date","Time","Concentration","Count"," Live-Time","Blank","Abs Press"," Analog In","Pulse Height"," Pulse STD","Status Flags"
2017/3/10,14:01:11,0.00,0,15.0,,1001,0.000,61,17,408
TSI CPC DATA VERSION 3
1489163118,2017/3/10,16:25:18
15
1.08,130
Model 3783 Ver 1.27 S/N 3783111302
"Date","Time","Concentration","Count"," Live-Time","Blank","Abs Press"," Analog In","Pulse Height"," Pulse STD","Status Flags"
2017/3/10,16:25:16,2.11e3,61452,13.35,,999,0.000,2758,178,0
2017/3/10,16:25:30,2.16e3,70207,14.93,,999,0.000,2711,272,0
2017/3/10,16:25:45,2.16e3,70213,14.93,,999,0.000,2695,308,0
2017/3/10,16:26:00,2.13e3,69540,14.93,,999,0.000,2673,328,0
2017/3/10,16:26:15,2.12e3,69015,14.93,,999,0.000,2622,384,0
2017/3/10,16:26:30,2.12e3,68917,14.93,,999,0.000,2624,371,0
2017/3/10,16:26:45,2.15e3,69916,14.93,,999,0.000,2596,394,0
2017/3/10,16:27:00,2.12e3,68913,14.93,,1000,0.000,2586,432,0
2017/3/10,16:27:15,2.14e3,69579,14.93,,1000,0.000,2519,494,0
2017/3/10,16:27:30,2.12e3,69133,14.93,,999,0.000,2565,430,0
2017/3/10,16:27:45,2.13e3,69384,14.93,,999,0.000,2557,434,0
2017/3/10,16:28:00,2.12e3,69039,14.93,,999,0.000,2575,424,0
2017/3/10,16:28:15,2.14e3,69638,14.93,,999,0.000,2561,427,0
2017/3/10,16:28:30,2.13e3,69473,14.93,,999,0.000,2569,411,0
2017/3/10,16:28:45,2.11e3,68716,14.93,,999,0.000,2531,454,0
2017/3/10,16:29:00,2.08e3,67790,14.93,,999,0.000,2553,450,0
2017/3/10,16:29:15,2.10e3,68375,14.93,,999,0.000,2504,500,0
2017/3/10,16:29:30,2.17e3,70746,14.93,,1000,0.000,2561,438,0
2017/3/10,16:29:45,2.51e3,81744,14.92,,999,0.000,2562,428,0
2017/3/10,16:30:00,5.83e3,187529,14.82,,999,0.000,2540,391,0
2017/3/10,16:30:15,1.38e4,424648,14.6,,999,0.000,2443,441,0
2017/3/10,16:30:30,7.08e4,1963721,13.15,,1000,0.000,2053,434,0
2017/3/10,16:30:45,6.50e4,1837876,13.28,,1000,0.000,2037,462,0
2017/3/10,16:31:00,8.92e4,2345403,12.75,,999,0.000,1971,494,0
2017/3/10,16:31:15,1.22e5,3091584,11.97,,999,0.000,1812,484,0
2017/3/10,16:31:30,1.71e5,3842348,11.02,,999,0.000,1735,496,0
2017/3/10,16:31:45,1.40e5,3467326,11.57,,999,0.000,1781,485,0
2017/3/10,16:32:00,2.07e5,4465429,10.29,,1000,0.000,1685,487,0
2017/3/10,16:32:15,2.30e5,4638272,9.951,,999,0.000,1632,520,0
2017/3/10,16:32:30,3.72e5,5911528,7.683,,999,0.000,1439,537,0
2017/3/10,16:32:45,2.10e5,4609788,10.16,,999,0.000,1638,480,0
2017/3/10,16:33:00,2.22e5,4745826,9.969,,999,0.000,1627,479,0
2017/3/10,16:33:15,2.53e5,5128628,9.41,,999,0.000,1575,521,0
2017/3/10,16:33:30,3.43e5,5874683,8.021,,1000,0.000,1497,526,0
2017/3/10,16:33:45,3.49e5,5910892,7.929,,999,0.000,1473,521,0
2017/3/10,16:34:00,3.18e5,5657664,8.411,,999,0.000,1512,501,0
2017/3/10,16:34:15,3.12e5,5697267,8.454,,999,0.000,1520,504,0
2017/3/10,16:34:30,3.70e5,6067634,7.616,,1000,0.000,1478,524,0
2017/3/10,16:34:45,3.65e5,6055859,7.665,,1000,0.000,1456,550,0
2017/3/10,16:35:00,3.88e5,6153820,7.374,,999,0.000,1450,549,0
2017/3/10,16:35:15,4.01e5,6238181,7.204,,1000,0.000,1435,510,0
2017/3/10,16:35:30,4.41e5,6373952,6.686,,1000,0.000,1405,528,0
2017/3/10,16:35:45,4.82e5,6468011,6.237,,1000,0.000,1405,521,0
2017/3/10,16:36:00,4.93e5,6505864,6.1,,999,0.000,1400,550,0
2017/3/10,16:36:15,4.63e5,6450815,6.433,,999,0.000,1436,573,0
2017/3/10,16:36:30,4.24e5,6340093,6.891,,999,0.000,1470,537,0
2017/3/10,16:36:45,4.29e5,6354526,6.836,,999,0.000,1402,550,0
2017/3/10,16:37:00,4.10e5,6246294,7.109,,999,0.000,1408,541,0
2017/3/10,16:37:15,4.10e5,6293147,7.085,,999,0.000,1474,549,0
2017/3/10,16:37:30,3.88e5,6190830,7.357,,999,0.000,1470,537,0
2017/3/10,16:37:45,3.95e5,6216349,7.278,,999,0.000,1491,565,0
2017/3/10,16:38:00,3.77e5,6131483,7.504,,999,0.000,1500,556,0
2017/3/10,16:38:15,3.55e5,6010335,7.821,,999,0.000,1467,523,0
2017/3/10,16:38:30,3.56e5,6015394,7.799,,999,0.000,1451,537,0
2017/3/10,16:38:45,3.31e5,5855428,8.164,,999,0.000,1456,487,0
2017/3/10,16:39:00,3.22e5,5788150,8.301,,999,0.000,1513,526,0
2017/3/10,16:39:15,3.10e5,5698318,8.477,,999,0.000,1496,510,0
2017/3/10,16:39:30,2.90e5,5535579,8.791,,999,0.000,1541,518,0
2017/3/10,16:39:45,2.91e5,5541322,8.766,,999,0.000,1553,491,0
2017/3/10,16:40:00,2.79e5,5428590,8.969,,999,0.000,1558,522,0
2017/3/10,16:40:15,2.65e5,5295421,9.19,,999,0.000,1599,506,0
2017/3/10,16:40:30,2.56e5,5192197,9.343,,999,0.000,1561,500,0
2017/3/10,16:40:45,2.65e5,5287727,9.202,,999,0.000,1525,474,0
2017/3/10,16:41:00,2.69e5,5327133,9.137,,1000,0.000,1533,493,0
2017/3/10,16:41:15,2.53e5,5156531,9.407,,1000,0.000,1583,498,0
2017/3/10,16:41:30,2.47e5,5092638,9.495,,999,0.000,1580,502,0
2017/3/10,16:41:45,2.52e5,5150502,9.411,,999,0.000,1566,506,0
2017/3/10,16:42:00,2.58e5,5207141,9.31,,999,0.000,1545,520,0
2017/3/10,16:42:15,2.47e5,5093363,9.493,,999,0.000,1586,504,0
2017/3/10,16:42:30,2.42e5,5037494,9.573,,999,0.000,1585,483,0
2017/3/10,16:42:45,2.57e5,5199684,9.322,,999,0.000,1569,522,0
2017/3/10,16:43:00,2.79e5,5424499,8.957,,999,0.000,1538,507,0
2017/3/10,16:43:15,2.62e5,5254010,9.244,,999,0.000,1563,501,0
2017/3/10,16:43:30,2.49e5,5105506,9.466,,999,0.000,1580,488,0
2017/3/10,16:43:45,2.61e5,5238160,9.259,,999,0.000,1524,501,0
2017/3/10,16:44:00,2.78e5,5411678,8.975,,999,0.000,1512,471,0
2017/3/10,16:44:15,2.65e5,5277926,9.199,,999,0.000,1518,489,0
2017/3/10,16:44:30,2.62e5,5253114,9.232,,999,0.000,1544,494,0
2017/3/10,16:44:45,2.59e5,5215941,9.289,,999,0.000,1546,474,0
2017/3/10,16:45:00,2.79e5,5423196,8.955,,999,0.000,1508,500,0
2017/3/10,16:45:15,2.63e5,5264835,9.221,,999,0.000,1575,479,0
2017/3/10,16:45:30,2.51e5,5136897,9.419,,999,0.000,1555,480,0
2017/3/10,16:45:45,2.53e5,5154211,9.395,,999,0.000,1556,510,0
2017/3/10,16:46:00,2.63e5,5256513,9.224,,999,0.000,1571,513,0
2017/3/10,16:46:15,2.73e5,5369336,9.058,,999,0.000,1535,499,0
2017/3/10,16:46:30,2.54e5,5167318,9.377,,999,0.000,1545,483,0
2017/3/10,16:46:45,2.42e5,5030513,9.585,,999,0.000,1577,499,0
2017/3/10,16:47:00,2.49e5,5106538,9.472,,999,0.000,1568,474,0
2017/3/10,16:47:15,2.57e5,5205873,9.32,,999,0.000,1566,515,0
2017/3/10,16:47:30,2.63e5,5263009,9.23,,999,0.000,1518,510,0
2017/3/10,16:47:45,2.49e5,5110767,9.456,,999,0.000,1552,501,0
2017/3/10,16:48:00,2.44e5,5060360,9.545,,999,0.000,1572,490,0
2017/3/10,16:48:15,2.45e5,5068384,9.54,,999,0.000,1553,495,0
2017/3/10,16:48:30,2.50e5,5128549,9.438,,999,0.000,1555,498,0
2017/3/10,16:48:45,2.52e5,5150255,9.404,,999,0.000,1547,488,0
2017/3/10,16:49:00,2.53e5,5156739,9.401,,999,0.000,1547,484,0
2017/3/10,16:49:15,2.52e5,5156635,9.41,,999,0.000,1547,482,0
2017/3/10,16:49:30,2.50e5,5124956,9.445,,999,0.000,1569,506,0
2017/3/10,16:49:45,2.48e5,5110532,9.477,,999,0.000,1575,485,0
2017/3/10,16:50:00,2.50e5,5122590,9.451,,999,0.000,1571,504,0
2017/3/10,16:50:15,2.48e5,5110679,9.477,,999,0.000,1544,482,0
2017/3/10,16:50:30,2.45e5,5065352,9.541,,999,0.000,1568,484,0
2017/3/10,16:50:45,2.46e5,5086470,9.508,,999,0.000,1586,501,0
2017/3/10,16:51:00,2.45e5,5063475,9.538,,1000,0.000,1560,498,0
2017/3/10,16:51:15,2.46e5,5087757,9.515,,999,0.000,1588,485,0
2017/3/10,16:51:30,2.45e5,5068419,9.544,,999,0.000,1568,491,0
2017/3/10,16:51:45,2.50e5,5124464,9.452,,999,0.000,1538,506,0
2017/3/10,16:52:00,2.46e5,5084817,9.511,,999,0.000,1588,516,0
2017/3/10,16:52:15,2.47e5,5095286,9.503,,999,0.000,1542,504,0
2017/3/10,16:52:30,2.50e5,5125382,9.454,,999,0.000,1563,494,0
2017/3/10,16:52:45,2.54e5,5168987,9.379,,999,0.000,1573,517,0
2017/3/10,16:53:00,2.52e5,5153771,9.408,,999,0.000,1586,527,0
2017/3/10,16:53:15,2.48e5,5090553,9.494,,999,0.000,1534,516,0
2017/3/10,16:53:30,2.46e5,5084926,9.513,,999,0.000,1546,502,0
2017/3/10,16:53:45,2.51e5,5139967,9.425,,999,0.000,1595,507,0
2017/3/10,16:54:00,2.45e5,5074328,9.526,,999,0.000,1579,509,0
2017/3/10,16:54:15,2.52e5,5147146,9.425,,999,0.000,1558,516,0
2017/3/10,16:54:30,2.46e5,5079860,9.523,,999,0.000,1545,490,0
2017/3/10,16:54:45,2.52e5,5154488,9.403,,1000,0.000,1545,496,0
2017/3/10,16:55:00,2.56e5,5195755,9.344,,999,0.000,1560,527,0
2017/3/10,16:55:15,2.59e5,5222689,9.301,,999,0.000,1529,469,0
2017/3/10,16:55:30,2.54e5,5176955,9.373,,1000,0.000,1555,515,0
2017/3/10,16:55:45,2.49e5,5113538,9.46,,999,0.000,1572,495,0
2017/3/10,16:56:00,2.43e5,5041730,9.576,,999,0.000,1585,517,0
2017/3/10,16:56:15,2.38e5,4994645,9.647,,999,0.000,1572,509,0
2017/3/10,16:56:30,2.40e5,5007299,9.626,,999,0.000,1568,479,0
2017/3/10,16:56:45,2.45e5,5071829,9.526,,999,0.000,1594,489,0
2017/3/10,16:57:00,2.48e5,5105246,9.476,,999,0.000,1588,537,0
2017/3/10,16:57:15,2.45e5,5073020,9.535,,1000,0.000,1567,491,0
2017/3/10,16:57:30,2.37e5,4973433,9.678,,999,0.000,1583,490,0
2017/3/10,16:57:45,2.36e5,4969229,9.687,,999,0.000,1552,510,0
2017/3/10,16:58:00,2.33e5,4928337,9.732,,999,0.000,1584,511,0
2017/3/10,16:58:15,2.37e5,4971590,9.68,,1000,0.000,1567,488,0
2017/3/10,16:58:30,2.36e5,4965167,9.679,,999,0.000,1610,478,0
2017/3/10,16:58:45,2.34e5,4931959,9.724,,1000,0.000,1584,498,0
2017/3/10,16:59:00,2.29e5,4878684,9.806,,999,0.000,1617,494,0
2017/3/10,16:59:15,2.33e5,4932095,9.734,,999,0.000,1619,516,0
2017/3/10,16:59:30,2.29e5,4877175,9.804,,1000,0.000,1596,499,0
2017/3/10,16:59:45,2.33e5,4925771,9.735,,1000,0.000,1567,478,0
2017/3/10,17:00:00,2.31e5,4902836,9.771,,1000,0.000,1599,495,0
2017/3/10,17:00:15,2.30e5,4886907,9.799,,1000,0.000,1593,527,0
2017/3/10,17:00:30,2.27e5,4853301,9.839,,999,0.000,1597,484,0
2017/3/10,17:00:45,3.26e5,5665156,8.337,,1000,0.000,1485,582,0
2017/3/10,17:01:00,2.50e5,5105981,9.446,,999,0.000,1572,515,0
2017/3/10,17:01:15,2.02e5,4520914,10.3,,1000,0.000,1678,499,0
2017/3/10,17:01:30,1.97e5,4450704,10.39,,999,0.000,1639,512,0
2017/3/10,17:01:45,2.03e5,4534486,10.27,,1000,0.000,1628,504,0
2017/3/10,17:02:00,1.97e5,4449359,10.39,,999,0.000,1658,517,0
2017/3/10,17:02:15,2.01e5,4498301,10.33,,1000,0.000,1639,491,0
2017/3/10,17:02:30,2.06e5,4576926,10.22,,999,0.000,1674,483,0
2017/3/10,17:02:45,2.05e5,4561804,10.24,,999,0.000,1625,510,0
2017/3/10,17:03:00,2.07e5,4587466,10.21,,999,0.000,1633,482,0
2017/3/10,17:03:15,1.98e5,4463060,10.37,,1000,0.000,1660,489,0
2017/3/10,17:03:30,1.97e5,4447959,10.39,,1000,0.000,1668,489,0
2017/3/10,17:03:45,2.03e5,4533611,10.28,,999,0.000,1632,499,0
2017/3/10,17:04:00,1.98e5,4464542,10.37,,999,0.000,1643,509,0
2017/3/10,17:04:15,1.97e5,4445091,10.39,,1000,0.000,1673,478,0
2017/3/10,17:04:30,1.90e5,4340069,10.53,,1000,0.000,1701,483,0
2017/3/10,17:04:45,1.75e5,4122087,10.81,,1000,0.000,1691,505,0
2017/3/10,17:05:00,1.58e5,3837748,11.15,,999,0.000,1740,499,0
2017/3/10,17:05:15,1.62e5,3902918,11.08,,999,0.000,1719,480,0
2017/3/10,17:05:30,1.45e5,3599370,11.43,,1000,0.000,1749,490,0
2017/3/10,17:05:45,1.47e5,3645128,11.38,,1000,0.000,1767,491,0
2017/3/10,17:06:00,1.45e5,3601213,11.43,,999,0.000,1738,494,0
2017/3/10,17:06:15,1.33e5,3381805,11.68,,1000,0.000,1820,484,0
2017/3/10,17:06:30,1.34e5,3390968,11.67,,1000,0.000,1756,495,0
2017/3/10,17:06:45,1.12e5,2958135,12.14,,1000,0.000,1817,474,0
2017/3/10,17:07:00,1.07e5,2852858,12.25,,1000,0.000,1838,472,0
2017/3/10,17:07:15,1.04e5,2791621,12.32,,999,0.000,1807,489,0
2017/3/10,17:07:30,1.10e5,2918690,12.19,,1000,0.000,1788,474,0
2017/3/10,17:07:45,9.77e4,2639645,12.48,,999,0.000,1848,457,0
2017/3/10,17:08:00,1.04e5,2795053,12.31,,1000,0.000,1842,445,0
2017/3/10,17:08:15,1.03e5,2760608,12.35,,999,0.000,1844,480,0
2017/3/10,17:08:30,8.43e4,2333364,12.79,,1000,0.000,1900,465,0
2017/3/10,17:08:45,8.10e4,2256939,12.86,,1000,0.000,1918,456,0
2017/3/10,17:09:00,7.67e4,2155829,12.97,,999,0.000,1932,450,0
2017/3/10,17:09:15,6.70e4,1915933,13.2,,999,0.000,1962,473,0
2017/3/10,17:09:30,5.84e4,1699529,13.4,,999,0.000,2015,474,0
2017/3/10,17:09:45,5.62e4,1640075,13.46,,999,0.000,2025,510,0
2017/3/10,17:10:00,5.52e4,1615091,13.48,,999,0.000,2056,467,0
2017/3/10,17:10:15,5.24e4,1538814,13.56,,999,0.000,2092,467,0
2017/3/10,17:10:30,5.07e4,1495047,13.6,,999,0.000,2089,472,0
2017/3/10,17:10:45,5.03e4,1483591,13.61,,999,0.000,2056,476,0
2017/3/10,17:11:00,4.83e4,1430835,13.66,,999,0.000,2061,477,0
2017/3/10,17:11:15,4.81e4,1426817,13.66,,999,0.000,2106,469,0
2017/3/10,17:11:30,4.56e4,1357418,13.72,,999,0.000,2087,516,0
2017/3/10,17:11:45,4.51e4,1343071,13.73,,999,0.000,2109,491,0
2017/3/10,17:12:00,4.56e4,1357340,13.72,,999,0.000,2110,495,0
2017/3/10,17:12:15,4.48e4,1335152,13.74,,999,0.000,2098,496,0
2017/3/10,17:12:30,4.39e4,1310394,13.76,,999,0.000,2124,520,0
2017/3/10,17:12:45,4.41e4,1316972,13.76,,999,0.000,2110,483,0
2017/3/10,17:13:00,4.42e4,1320429,13.75,,999,0.000,2100,513,0
2017/3/10,17:13:15,4.36e4,1301940,13.77,,999,0.000,2145,480,0
2017/3/10,17:13:30,4.33e4,1296005,13.78,,999,0.000,2113,524,0
2017/3/10,17:13:45,4.28e4,1280206,13.79,,999,0.000,2147,493,0
2017/3/10,17:14:00,4.22e4,1263766,13.81,,999,0.000,2143,471,0
2017/3/10,17:14:15,4.07e4,1223743,13.85,,999,0.000,2122,501,0
2017/3/10,17:14:30,3.95e4,1190844,13.88,,999,0.000,2171,495,0
2017/3/10,17:14:45,3.89e4,1172516,13.9,,999,0.000,2164,493,0
2017/3/10,17:15:00,3.96e4,1192145,13.88,,999,0.000,2166,479,0
2017/3/10,17:15:15,3.93e4,1183108,13.89,,999,0.000,2170,483,0
2017/3/10,17:15:30,3.78e4,1143626,13.92,,999,0.000,2165,485,0
2017/3/10,17:15:45,3.70e4,1120928,13.94,,999,0.000,2178,494,0
2017/3/10,17:16:00,3.69e4,1116330,13.95,,999,0.000,2186,491,0
2017/3/10,17:16:15,3.72e4,1126232,13.94,,999,0.000,2161,505,0
2017/3/10,17:16:30,3.61e4,1095487,13.97,,999,0.000,2177,504,0
2017/3/10,17:16:45,3.55e4,1079064,13.98,,999,0.000,2185,500,0
2017/3/10,17:17:00,3.50e4,1063102,14.0,,999,0.000,2214,501,0
2017/3/10,17:17:15,3.54e4,1074656,13.99,,999,0.000,2181,506,0
2017/3/10,17:17:30,3.53e4,1071536,13.99,,999,0.000,2208,473,0
2017/3/10,17:17:45,3.38e4,1028584,14.03,,999,0.000,2220,477,0
2017/3/10,17:18:00,3.39e4,1031284,14.03,,999,0.000,2229,484,0
2017/3/10,17:18:15,3.46e4,1051515,14.01,,999,0.000,2191,494,0
2017/3/10,17:18:30,3.40e4,1035057,14.02,,999,0.000,2203,489,0
2017/3/10,17:18:45,3.39e4,1033482,14.03,,999,0.000,2204,505,0
2017/3/10,17:19:00,3.33e4,1015813,14.04,,999,0.000,2194,499,0
2017/3/10,17:19:15,3.31e4,1008737,14.05,,999,0.000,2231,505,0
2017/3/10,17:19:30,3.16e4,965723,14.09,,999,0.000,2231,506,0
2017/3/10,17:19:45,3.14e4,962348,14.09,,999,0.000,2207,533,0
2017/3/10,17:20:00,3.11e4,952466,14.1,,999,0.000,2257,494,0
2017/3/10,17:20:15,3.10e4,948766,14.1,,999,0.000,2270,493,0
2017/3/10,17:20:30,3.11e4,952934,14.1,,999,0.000,2259,494,0
2017/3/10,17:20:45,3.07e4,941701,14.11,,999,0.000,2227,501,0
2017/3/10,17:21:00,3.07e4,940972,14.11,,999,0.000,2265,483,0
2017/3/10,17:21:15,3.03e4,928000,14.12,,999,0.000,2266,488,0
2017/3/10,17:21:30,3.01e4,923081,14.13,,999,0.000,2275,480,0
2017/3/10,17:21:45,3.03e4,930655,14.12,,999,0.000,2265,493,0
2017/3/10,17:22:00,3.05e4,933682,14.12,,999,0.000,2235,533,0
2017/3/10,17:22:15,2.96e4,908099,14.14,,999,0.000,2283,489,0
2017/3/10,17:22:30,2.87e4,882016,14.17,,999,0.000,2238,538,0
2017/3/10,17:22:45,2.83e4,872437,14.18,,999,0.000,2250,521,0
2017/3/10,17:23:00,2.78e4,857369,14.19,,999,0.000,2293,484,0
2017/3/10,17:23:15,2.88e4,884886,14.16,,999,0.000,2269,500,0
2017/3/10,17:23:30,2.76e4,849622,14.2,,999,0.000,2288,484,0
2017/3/10,17:23:45,2.86e4,880566,14.17,,999,0.000,2303,467,0
2017/3/10,17:24:00,2.81e4,866411,14.18,,999,0.000,2249,518,0
2017/3/10,17:24:15,2.71e4,835585,14.21,,999,0.000,2281,491,0
2017/3/10,17:24:30,2.61e4,806011,14.24,,999,0.000,2293,496,0
2017/3/10,17:24:45,2.67e4,825569,14.22,,999,0.000,2281,483,0
2017/3/10,17:25:00,2.71e4,836869,14.21,,999,0.000,2283,493,0
2017/3/10,17:25:15,2.61e4,808364,14.24,,999,0.000,2308,458,0
2017/3/10,17:25:30,2.56e4,791369,14.25,,999,0.000,2327,461,0
2017/3/10,17:25:45,2.56e4,793424,14.25,,999,0.000,2298,491,0
2017/3/10,17:26:00,2.67e4,823891,14.22,,999,0.000,2292,493,0
2017/3/10,17:26:15,2.57e4,795544,14.25,,999,0.000,2327,485,0
2017/3/10,17:26:30,2.50e4,773531,14.27,,999,0.000,2294,479,0
2017/3/10,17:26:45,2.50e4,773889,14.27,,999,0.000,2326,468,0
2017/3/10,17:27:00,2.43e4,754243,14.28,,999,0.000,2299,488,0
2017/3/10,17:27:15,2.38e4,739285,14.3,,999,0.000,2346,482,0
2017/3/10,17:27:30,2.48e4,769399,14.27,,999,0.000,2308,523,0
2017/3/10,17:27:45,2.39e4,741983,14.3,,999,0.000,2331,504,0
2017/3/10,17:28:00,2.35e4,729496,14.31,,999,0.000,2324,506,0
2017/3/10,17:28:15,2.34e4,726756,14.31,,999,0.000,2333,472,0
2017/3/10,17:28:30,2.31e4,718907,14.32,,999,0.000,2349,467,0
2017/3/10,17:28:45,2.36e4,733834,14.3,,999,0.000,2325,485,0
2017/3/10,17:29:00,2.33e4,725694,14.31,,999,0.000,2326,469,0
2017/3/10,17:29:15,2.27e4,707229,14.33,,999,0.000,2349,458,0
2017/3/10,17:29:30,2.30e4,714946,14.32,,1000,0.000,2331,490,0
2017/3/10,17:29:45,2.30e4,716694,14.32,,999,0.000,2360,461,0
2017/3/10,17:30:00,2.28e4,710844,14.33,,999,0.000,2329,490,0
2017/3/10,17:30:15,2.26e4,705135,14.33,,999,0.000,2335,505,0
2017/3/10,17:30:30,2.21e4,688517,14.35,,999,0.000,2348,504,0
2017/3/10,17:30:45,2.15e4,671152,14.36,,1000,0.000,2320,505,0
2017/3/10,17:31:00,2.12e4,661626,14.37,,999,0.000,2340,480,0
2017/3/10,17:31:15,2.15e4,672540,14.36,,1000,0.000,2326,521,0
2017/3/10,17:31:30,2.13e4,665238,14.37,,999,0.000,2354,480,0
2017/3/10,17:31:45,2.15e4,671535,14.36,,999,0.000,2329,505,0
2017/3/10,17:32:00,2.13e4,663759,14.37,,999,0.000,2325,500,0
2017/3/10,17:32:15,2.08e4,650897,14.38,,999,0.000,2365,480,0
2017/3/10,17:32:30,1.99e4,624632,14.4,,999,0.000,2366,473,0
2017/3/10,17:32:45,2.04e4,637209,14.39,,999,0.000,2340,507,0
2017/3/10,17:33:00,2.05e4,640488,14.39,,999,0.000,2363,487,0
2017/3/10,17:33:15,2.03e4,635329,14.39,,999,0.000,2352,485,0
2017/3/10,17:33:30,2.00e4,625306,14.4,,999,0.000,2347,507,0
2017/3/10,17:33:45,1.99e4,623656,14.41,,999,0.000,2353,501,0
2017/3/10,17:34:00,1.94e4,606974,14.42,,999,0.000,2386,467,0
2017/3/10,17:34:15,1.88e4,589981,14.44,,999,0.000,2409,440,0
2017/3/10,17:34:30,1.95e4,609724,14.42,,999,0.000,2332,515,0
2017/3/10,17:34:45,1.92e4,603641,14.42,,999,0.000,2343,502,0
2017/3/10,17:35:00,1.89e4,592155,14.44,,999,0.000,2340,501,0
2017/3/10,17:35:15,1.89e4,593876,14.43,,999,0.000,2349,524,0
2017/3/10,17:35:30,1.85e4,580537,14.45,,999,0.000,2377,472,0
2017/3/10,17:35:45,1.86e4,585014,14.44,,999,0.000,2369,494,0
2017/3/10,17:36:00,1.80e4,567438,14.46,,999,0.000,2382,471,0
2017/3/10,17:36:15,1.82e4,573013,14.45,,999,0.000,2363,493,0
2017/3/10,17:36:30,1.83e4,574036,14.45,,1000,0.000,2379,496,0
2017/3/10,17:36:45,1.84e4,579418,14.45,,999,0.000,2415,465,0
2017/3/10,17:37:00,1.76e4,552908,14.47,,999,0.000,2386,483,0
2017/3/10,17:37:15,1.77e4,557208,14.47,,999,0.000,2342,520,0
2017/3/10,17:37:30,1.75e4,550577,14.47,,999,0.000,2377,485,0
2017/3/10,17:37:45,1.73e4,544698,14.48,,999,0.000,2377,485,0
2017/3/10,17:38:00,1.73e4,545072,14.48,,999,0.000,2387,490,0
2017/3/10,17:38:15,1.72e4,542417,14.48,,999,0.000,2410,477,0
2017/3/10,17:38:30,1.71e4,539970,14.48,,999,0.000,2380,502,0
2017/3/10,17:38:45,1.70e4,536270,14.49,,999,0.000,2387,482,0
2017/3/10,17:39:00,1.67e4,527095,14.5,,999,0.000,2347,513,0
2017/3/10,17:39:15,1.66e4,522884,14.5,,999,0.000,2362,477,0
2017/3/10,17:39:30,1.66e4,523883,14.5,,999,0.000,2382,494,0
2017/3/10,17:39:45,1.63e4,515309,14.51,,1000,0.000,2369,507,0
2017/3/10,17:40:00,1.61e4,507590,14.51,,999,0.000,2362,487,0
2017/3/10,17:40:15,1.54e4,486562,14.53,,1000,0.000,2429,466,0
2017/3/10,17:40:30,1.56e4,492885,14.53,,1000,0.000,2399,469,0
2017/3/10,17:40:45,1.57e4,495770,14.52,,999,0.000,2399,479,0
2017/3/10,17:41:00,1.56e4,492540,14.53,,999,0.000,2380,484,0
2017/3/10,17:41:15,1.54e4,488138,14.53,,999,0.000,2409,476,0
2017/3/10,17:41:30,1.54e4,488055,14.53,,999,0.000,2409,476,0
2017/3/10,17:41:45,1.54e4,486827,14.53,,999,0.000,2375,479,0
2017/3/10,17:42:00,1.51e4,478632,14.54,,1000,0.000,2412,482,0
2017/3/10,17:42:15,1.50e4,473796,14.54,,999,0.000,2398,483,0
2017/3/10,17:42:30,1.49e4,471075,14.55,,999,0.000,2408,488,0
2017/3/10,17:42:45,1.49e4,471659,14.55,,999,0.000,2377,511,0
2017/3/10,17:43:00,1.47e4,464398,14.55,,999,0.000,2424,473,0
2017/3/10,17:43:15,1.44e4,455066,14.56,,999,0.000,2398,504,0
2017/3/10,17:43:30,1.45e4,460085,14.56,,999,0.000,2434,463,0
2017/3/10,17:43:45,1.42e4,449587,14.57,,999,0.000,2430,477,0
2017/3/10,17:44:00,1.43e4,454429,14.56,,999,0.000,2426,474,0
2017/3/10,17:44:15,1.39e4,439607,14.58,,1000,0.000,2413,485,0
2017/3/10,17:44:30,1.40e4,443586,14.57,,999,0.000,2421,483,0
2017/3/10,17:44:45,1.39e4,440010,14.58,,999,0.000,2423,466,0
2017/3/10,17:45:00,1.38e4,437350,14.58,,999,0.000,2424,458,0
2017/3/10,17:45:15,1.38e4,436748,14.58,,999,0.000,2409,479,0
2017/3/10,17:45:30,1.36e4,433159,14.58,,999,0.000,2404,510,0
2017/3/10,17:45:45,1.34e4,426970,14.59,,999,0.000,2377,513,0
2017/3/10,17:46:00,1.34e4,426691,14.59,,999,0.000,2449,463,0
2017/3/10,17:46:15,1.28e4,407445,14.61,,999,0.000,2443,460,0
2017/3/10,17:46:30,1.28e4,406561,14.61,,999,0.000,2432,482,0
2017/3/10,17:46:45,1.29e4,411251,14.6,,1000,0.000,2413,480,0
2017/3/10,17:47:00,1.29e4,409439,14.6,,999,0.000,2418,493,0
2017/3/10,17:47:15,1.29e4,408763,14.61,,999,0.000,2407,488,0
2017/3/10,17:47:30,1.26e4,400179,14.61,,999,0.000,2471,443,0
2017/3/10,17:47:45,1.26e4,399839,14.61,,999,0.000,2430,483,0
2017/3/10,17:48:00,1.22e4,388167,14.63,,1000,0.000,2438,472,0
2017/3/10,17:48:15,1.23e4,392390,14.62,,999,0.000,2441,462,0
2017/3/10,17:48:30,1.22e4,387259,14.63,,999,0.000,2437,447,0
2017/3/10,17:48:45,1.21e4,386705,14.63,,999,0.000,2430,473,0
2017/3/10,17:49:00,1.21e4,385875,14.63,,999,0.000,2416,488,0
2017/3/10,17:49:15,1.20e4,383027,14.63,,999,0.000,2456,456,0
2017/3/10,17:49:30,1.18e4,376867,14.64,,999,0.000,2416,501,0
2017/3/10,17:49:45,1.19e4,378858,14.63,,999,0.000,2420,477,0
2017/3/10,17:50:00,1.17e4,372522,14.64,,999,0.000,2443,483,0
2017/3/10,17:50:15,1.13e4,360760,14.65,,999,0.000,2437,485,0
2017/3/10,17:50:30,1.12e4,358451,14.65,,999,0.000,2438,482,0
2017/3/10,17:50:45,1.13e4,360977,14.65,,1000,0.000,2421,489,0
2017/3/10,17:51:00,1.13e4,362117,14.65,,1000,0.000,2399,510,0
2017/3/10,17:51:15,1.12e4,357276,14.66,,999,0.000,2426,476,0
2017/3/10,17:51:30,1.12e4,357147,14.66,,999,0.000,2459,458,0
2017/3/10,17:51:45,1.09e4,346994,14.66,,1000,0.000,2462,444,0
2017/3/10,17:52:00,1.07e4,343042,14.67,,999,0.000,2398,513,0
2017/3/10,17:52:15,1.07e4,342812,14.67,,1000,0.000,2414,511,0
2017/3/10,17:52:30,1.08e4,345855,14.67,,999,0.000,2432,476,0
2017/3/10,17:52:45,1.06e4,340472,14.67,,999,0.000,2434,495,0
2017/3/10,17:53:00,1.06e4,340041,14.67,,999,0.000,2436,491,0
2017/3/10,17:53:15,1.06e4,337663,14.67,,999,0.000,2406,510,0
2017/3/10,17:53:30,1.04e4,331834,14.68,,999,0.000,2438,474,0
2017/3/10,17:53:45,1.02e4,325137,14.69,,999,0.000,2465,454,0
2017/3/10,17:54:00,1.02e4,325703,14.69,,999,0.000,2425,466,0
2017/3/10,17:54:15,1.02e4,326443,14.68,,1000,0.000,2456,480,0
2017/3/10,17:54:30,1.01e4,324003,14.69,,999,0.000,2437,494,0
2017/3/10,17:54:45,1.01e4,323047,14.69,,1000,0.000,2441,474,0
2017/3/10,17:55:00,1.00e4,321071,14.69,,999,0.000,2414,511,0
2017/3/10,17:55:15,9.98e3,318402,14.69,,999,0.000,2431,491,0
2017/3/10,17:55:30,9.85e3,314232,14.7,,999,0.000,2440,485,0
2017/3/10,17:55:45,9.77e3,311619,14.7,,999,0.000,2446,501,0
2017/3/10,17:56:00,9.73e3,310485,14.7,,1000,0.000,2464,462,0
2017/3/10,17:56:15,9.78e3,312207,14.7,,999,0.000,2434,495,0
2017/3/10,17:56:30,9.66e3,308335,14.7,,999,0.000,2456,465,0
2017/3/10,17:56:45,9.47e3,302370,14.71,,1000,0.000,2432,488,0
2017/3/10,17:57:00,9.35e3,298712,14.71,,999,0.000,2445,472,0
2017/3/10,17:57:15,9.39e3,299837,14.71,,1000,0.000,2465,466,0
2017/3/10,17:57:30,9.29e3,296708,14.71,,999,0.000,2467,449,0
2017/3/10,17:57:45,9.28e3,296476,14.71,,999,0.000,2465,479,0
2017/3/10,17:58:00,9.13e3,291677,14.72,,1000,0.000,2500,430,0
2017/3/10,17:58:15,9.15e3,292469,14.72,,999,0.000,2452,472,0
2017/3/10,17:58:30,9.03e3,288624,14.72,,999,0.000,2470,446,0
2017/3/10,17:58:45,8.90e3,284590,14.72,,999,0.000,2434,501,0
2017/3/10,17:59:00,8.88e3,284017,14.72,,999,0.000,2449,471,0
2017/3/10,17:59:15,8.84e3,282713,14.73,,999,0.000,2430,494,0
2017/3/10,17:59:30,8.73e3,279316,14.73,,999,0.000,2451,482,0
2017/3/10,17:59:45,8.55e3,273499,14.73,,999,0.000,2476,474,0
2017/3/10,18:00:00,8.53e3,272815,14.74,,999,0.000,2430,496,0
2017/3/10,18:00:15,8.61e3,275570,14.73,,999,0.000,2469,476,0
2017/3/10,18:00:30,8.55e3,273678,14.73,,999,0.000,2442,488,0
2017/3/10,18:00:45,8.38e3,268352,14.74,,999,0.000,2474,456,0
2017/3/10,18:01:00,8.38e3,268338,14.74,,999,0.000,2468,461,0
2017/3/10,18:01:15,8.42e3,269351,14.74,,1000,0.000,2502,427,0
2017/3/10,18:01:30,8.31e3,266121,14.74,,1000,0.000,2487,450,0
2017/3/10,18:01:45,8.14e3,260778,14.75,,1000,0.000,2457,490,0
2017/3/10,18:02:00,8.16e3,261164,14.75,,999,0.000,2453,478,0
2017/3/10,18:02:15,8.11e3,259849,14.75,,1000,0.000,2480,450,0
2017/3/10,18:02:30,7.92e3,253877,14.75,,1000,0.000,2491,449,0
2017/3/10,18:02:45,7.92e3,253618,14.75,,1000,0.000,2474,465,0
2017/3/10,18:03:00,7.95e3,254729,14.75,,999,0.000,2459,484,0
2017/3/10,18:03:15,7.95e3,254627,14.75,,1000,0.000,2469,473,0
2017/3/10,18:03:30,7.90e3,253130,14.75,,999,0.000,2442,499,0
2017/3/10,18:03:45,7.72e3,247299,14.76,,1000,0.000,2493,454,0
2017/3/10,18:04:00,7.68e3,246226,14.76,,999,0.000,2495,462,0
2017/3/10,18:04:15,7.66e3,245428,14.76,,999,0.000,2476,474,0
2017/3/10,18:04:30,7.63e3,244562,14.76,,999,0.000,2473,440,0
2017/3/10,18:04:45,7.57e3,242693,14.76,,1000,0.000,2473,478,0
2017/3/10,18:05:00,7.51e3,240774,14.77,,1000,0.000,2484,454,0
2017/3/10,18:05:15,7.45e3,238992,14.77,,999,0.000,2489,444,0
2017/3/10,18:05:30,7.40e3,237430,14.77,,999,0.000,2441,494,0
2017/3/10,18:05:45,7.30e3,234290,14.77,,1000,0.000,2473,473,0
2017/3/10,18:06:00,7.23e3,232065,14.77,,999,0.000,2448,500,0
2017/3/10,18:06:15,7.12e3,228422,14.78,,999,0.000,2484,465,0
2017/3/10,18:06:30,7.13e3,228828,14.78,,1000,0.000,2508,443,0
2017/3/10,18:06:45,7.03e3,225560,14.78,,999,0.000,2453,512,0
2017/3/10,18:07:00,7.07e3,226885,14.78,,999,0.000,2487,482,0
2017/3/10,18:07:15,6.99e3,224388,14.78,,999,0.000,2460,494,0
2017/3/10,18:07:30,6.95e3,223042,14.78,,999,0.000,2465,483,0
2017/3/10,18:07:45,6.91e3,221886,14.78,,1000,0.000,2493,465,0
2017/3/10,18:08:00,6.84e3,219870,14.79,,1000,0.000,2492,461,0
2017/3/10,18:08:15,6.85e3,219916,14.79,,999,0.000,2484,500,0
2017/3/10,18:08:30,6.65e3,213727,14.79,,999,0.000,2481,463,0
2017/3/10,18:08:45,6.70e3,215297,14.79,,1000,0.000,2459,490,0
2017/3/10,18:09:00,6.69e3,214981,14.79,,1000,0.000,2486,468,0
2017/3/10,18:09:15,6.55e3,210401,14.79,,999,0.000,2487,457,0
2017/3/10,18:09:30,6.61e3,212517,14.79,,1000,0.000,2481,467,0
2017/3/10,18:09:45,6.60e3,212215,14.79,,999,0.000,2470,484,0
2017/3/10,18:10:00,6.52e3,209673,14.79,,999,0.000,2458,489,0
2017/3/10,18:10:15,6.40e3,205893,14.8,,1000,0.000,2521,445,0
2017/3/10,18:10:30,6.42e3,206280,14.8,,999,0.000,2473,484,0
2017/3/10,18:10:45,6.35e3,204340,14.8,,999,0.000,2495,457,0
2017/3/10,18:11:00,6.35e3,204066,14.8,,1000,0.000,2502,435,0
2017/3/10,18:11:15,6.29e3,202232,14.8,,999,0.000,2484,461,0
2017/3/10,18:11:30,6.28e3,202050,14.8,,1000,0.000,2469,489,0
2017/3/10,18:11:45,6.14e3,197678,14.81,,1000,0.000,2480,463,0
2017/3/10,18:12:00,6.15e3,197706,14.81,,999,0.000,2459,488,0
2017/3/10,18:12:15,6.08e3,195645,14.81,,999,0.000,2456,515,0
2017/3/10,18:12:30,6.05e3,194653,14.81,,1000,0.000,2452,507,0
2017/3/10,18:12:45,6.00e3,193088,14.81,,1000,0.000,2484,480,0
2017/3/10,18:13:00,5.93e3,190795,14.81,,999,0.000,2491,456,0
2017/3/10,18:13:15,5.92e3,190544,14.81,,999,0.000,2495,452,0
2017/3/10,18:13:30,5.86e3,188571,14.82,,999,0.000,2487,468,0
2017/3/10,18:13:45,5.86e3,188593,14.81,,1000,0.000,2493,462,0
2017/3/10,18:14:00,5.72e3,184372,14.82,,1000,0.000,2493,491,0
2017/3/10,18:14:15,5.78e3,185995,14.82,,1000,0.000,2474,483,0
2017/3/10,18:14:30,5.80e3,186856,14.82,,1000,0.000,2443,504,0
2017/3/10,18:14:45,5.73e3,184588,14.82,,1000,0.000,2495,479,0
2017/3/10,18:15:00,5.67e3,182608,14.82,,999,0.000,2517,435,0
2017/3/10,18:15:15,5.64e3,181788,14.82,,1000,0.000,2504,478,0
2017/3/10,18:15:30,5.60e3,180278,14.82,,999,0.000,2471,477,0
2017/3/10,18:15:45,5.57e3,179422,14.82,,1000,0.000,2476,500,0
2017/3/10,18:16:00,5.53e3,178051,14.82,,1000,0.000,2506,451,0
2017/3/10,18:16:15,5.36e3,172909,14.83,,1000,0.000,2493,446,0
2017/3/10,18:16:30,5.44e3,175283,14.83,,1000,0.000,2458,490,0
2017/3/10,18:16:45,5.42e3,174661,14.83,,1000,0.000,2503,456,0
2017/3/10,18:17:00,5.39e3,173741,14.83,,1000,0.000,2495,476,0
2017/3/10,18:17:15,5.26e3,169697,14.83,,1000,0.000,2506,451,0
2017/3/10,18:17:30,5.27e3,169927,14.83,,999,0.000,2500,454,0
2017/3/10,18:17:45,5.20e3,167590,14.84,,1000,0.000,2504,451,0
2017/3/10,18:18:00,5.27e3,169840,14.83,,1000,0.000,2453,478,0
2017/3/10,18:18:15,5.24e3,168968,14.83,,999,0.000,2476,495,0
2017/3/10,18:18:30,5.16e3,166286,14.84,,1000,0.000,2473,501,0
2017/3/10,18:18:45,5.14e3,165736,14.84,,1000,0.000,2464,517,0
2017/3/10,18:19:00,5.11e3,164724,14.84,,1000,0.000,2523,465,0
2017/3/10,18:19:15,5.06e3,163192,14.84,,999,0.000,2513,462,0
2017/3/10,18:19:30,4.90e3,158219,14.84,,1000,0.000,2497,487,0
2017/3/10,18:19:45,5.05e3,162802,14.84,,1000,0.000,2519,438,0
2017/3/10,18:20:00,5.02e3,161879,14.84,,1000,0.000,2537,446,0
2017/3/10,18:20:15,4.75e3,153491,14.85,,1000,0.000,2525,457,0
2017/3/10,18:20:30,4.64e3,149766,14.85,,999,0.000,2521,457,0
2017/3/10,18:20:45,4.59e3,148468,14.85,,1000,0.000,2486,471,0
2017/3/10,18:21:00,4.54e3,146679,14.85,,1000,0.000,2512,460,0
2017/3/10,18:21:15,4.55e3,147013,14.85,,1000,0.000,2504,467,0
2017/3/10,18:21:30,4.51e3,145851,14.85,,999,0.000,2503,478,0
2017/3/10,18:21:45,4.55e3,146948,14.85,,1000,0.000,2507,477,0
2017/3/10,18:22:00,4.53e3,146386,14.85,,1000,0.000,2523,449,0
2017/3/10,18:22:15,4.40e3,142326,14.86,,1000,0.000,2546,440,0
TSI CPC DATA VERSION 3
1489171847,2017/3/10,18:50:47
15
1.08,130
Model 3783 Ver 1.27 S/N 3783111302
"Date","Time","Concentration","Count"," Live-Time","Blank","Abs Press"," Analog In","Pulse Height"," Pulse STD","Status Flags"
2017/3/10,18:50:38,3.03e3,98434,14.89,,1000,0.000,2764,250,400
2017/3/10,18:50:54,3.08e3,100051,14.9,,1000,0.000,2623,384,0
2017/3/10,18:51:09,3.06e3,99355,14.9,,1000,0.000,2586,426,0
2017/3/10,18:51:24,3.04e3,98858,14.9,,1000,0.000,2553,450,0
2017/3/10,18:51:39,3.03e3,98512,14.9,,1000,0.000,2574,428,0
2017/3/10,18:51:54,3.02e3,98219,14.9,,1000,0.000,2568,432,0
2017/3/10,18:52:09,3.03e3,98644,14.9,,1000,0.000,2556,428,0
2017/3/10,18:52:24,2.98e3,96888,14.9,,1000,0.000,2551,457,0
2017/3/10,18:52:39,3.07e3,99712,14.9,,1000,0.000,2534,443,0
2017/3/10,18:52:54,3.01e3,97739,14.9,,1000,0.000,2567,427,0
2017/3/10,18:53:09,2.95e3,96068,14.9,,1000,0.000,2532,462,0
2017/3/10,18:53:24,2.96e3,96419,14.9,,1000,0.000,2546,457,0
2017/3/10,18:53:39,2.93e3,95409,14.9,,1000,0.000,2562,427,0
2017/3/10,18:53:54,2.92e3,95036,14.9,,1000,0.000,2570,421,0
2017/3/10,18:54:09,2.91e3,94814,14.9,,1000,0.000,2580,407,0
2017/3/10,18:54:24,2.91e3,94796,14.9,,1000,0.000,2589,421,0
2017/3/10,18:54:39,2.91e3,94520,14.9,,1000,0.000,2591,421,0
2017/3/10,18:54:54,2.91e3,94716,14.9,,1000,0.000,2584,413,0
2017/3/10,18:55:09,3.02e3,98051,14.9,,1000,0.000,2575,432,0
2017/3/10,18:55:24,3.96e3,127523,14.87,,1000,0.000,2593,411,0
2017/3/10,18:55:39,1.68e4,530076,14.49,,1000,0.000,2436,454,0
2017/3/10,18:55:54,1.79e4,563058,14.46,,1000,0.000,2419,463,0
2017/3/10,18:56:09,2.91e4,889813,14.16,,1000,0.000,2297,507,0
2017/3/10,18:56:24,3.01e4,921555,14.13,,1000,0.000,2332,482,0
2017/3/10,18:56:39,3.62e4,1084918,13.98,,1000,0.000,2307,449,0
2017/3/10,18:56:54,9.88e4,2629811,12.48,,1000,0.000,1972,451,0
2017/3/10,18:57:09,1.51e5,3661737,11.35,,1000,0.000,1796,467,0
2017/3/10,18:57:24,1.46e5,3591384,11.44,,1000,0.000,1810,456,0
2017/3/10,18:57:39,1.75e5,4022627,10.89,,1000,0.000,1788,488,0
2017/3/10,18:57:54,2.04e5,4491952,10.31,,1000,0.000,1688,488,0
2017/3/10,18:58:09,1.68e5,4004472,10.97,,1000,0.000,1774,452,0
2017/3/10,18:58:24,1.65e5,3943101,11.04,,1000,0.000,1746,482,0
2017/3/10,18:58:39,2.35e5,4837366,9.792,,1000,0.000,1644,505,0
2017/3/10,18:58:54,2.60e5,5225437,9.306,,1000,0.000,1667,506,0
2017/3/10,18:59:09,2.69e5,5298622,9.158,,1000,0.000,1589,509,0
2017/3/10,18:59:24,2.58e5,5209956,9.333,,1000,0.000,1596,505,0
2017/3/10,18:59:39,3.08e5,5564865,8.609,,1000,0.000,1503,496,0
2017/3/10,18:59:54,2.93e5,5552689,8.762,,1000,0.000,1561,513,0
2017/3/10,19:00:09,3.32e5,5851925,8.176,,1000,0.000,1527,498,0
2017/3/10,19:00:24,3.47e5,5952917,7.947,,1000,0.000,1488,543,0
2017/3/10,19:00:39,3.85e5,6155126,7.433,,1000,0.000,1491,539,0
2017/3/10,19:00:54,4.13e5,6301135,7.053,,1000,0.000,1434,537,0
2017/3/10,19:01:09,4.12e5,6297299,7.081,,1000,0.000,1456,550,0
2017/3/10,19:01:24,4.15e5,6312568,7.034,,1000,0.000,1446,527,0
2017/3/10,19:01:39,3.82e5,6174107,7.461,,1000,0.000,1481,538,0
2017/3/10,19:01:54,3.85e5,6191555,7.419,,1000,0.000,1458,552,0
2017/3/10,19:02:09,3.71e5,6090701,7.65,,1000,0.000,1457,567,0
2017/3/10,19:02:24,3.88e5,6214784,7.381,,1000,0.000,1450,515,0
2017/3/10,19:02:39,4.34e5,6388943,6.801,,1000,0.000,1408,556,0
2017/3/10,19:02:54,4.21e5,6339746,6.959,,1000,0.000,1444,545,0
2017/3/10,19:03:09,3.97e5,6259624,7.263,,1000,0.000,1437,517,0
2017/3/10,19:03:24,4.03e5,6277537,7.186,,1000,0.000,1412,540,0
2017/3/10,19:03:39,3.97e5,6251791,7.258,,1000,0.000,1431,502,0
2017/3/10,19:03:54,3.94e5,6238464,7.3,,1000,0.000,1467,520,0
2017/3/10,19:04:09,4.05e5,6290230,7.166,,1000,0.000,1422,524,0
2017/3/10,19:04:24,4.14e5,6321958,7.05,,1000,0.000,1458,520,0
2017/3/10,19:04:39,3.98e5,6251672,7.244,,1000,0.000,1457,526,0
2017/3/10,19:04:54,3.97e5,6257335,7.262,,1000,0.000,1462,565,0
2017/3/10,19:05:09,3.81e5,6175151,7.48,,1000,0.000,1478,526,0
2017/3/10,19:05:24,3.87e5,6211281,7.391,,1000,0.000,1448,524,0
2017/3/10,19:05:39,3.69e5,6108186,7.634,,1000,0.000,1463,543,0
2017/3/10,19:05:54,3.64e5,6077347,7.706,,1000,0.000,1512,543,0
2017/3/10,19:06:09,3.75e5,6144316,7.552,,1000,0.000,1466,534,0
2017/3/10,19:06:24,3.66e5,6095869,7.681,,1000,0.000,1489,544,0
2017/3/10,19:06:39,3.70e5,6114201,7.623,,1000,0.000,1497,528,0
2017/3/10,19:06:54,3.62e5,6068843,7.738,,1000,0.000,1499,526,0
2017/3/10,19:07:09,3.63e5,6078585,7.711,,1000,0.000,1472,522,0
2017/3/10,19:07:24,3.56e5,6031916,7.818,,1000,0.000,1492,523,0
2017/3/10,19:07:39,3.43e5,5948484,8.005,,1000,0.000,1496,522,0
2017/3/10,19:07:54,3.36e5,5902644,8.104,,1000,0.000,1499,531,0
2017/3/10,19:08:09,3.31e5,5875770,8.173,,1000,0.000,1505,529,0
2017/3/10,19:08:24,3.20e5,5787635,8.332,,1000,0.000,1531,535,0
2017/3/10,19:08:39,3.19e5,5780001,8.359,,1000,0.000,1541,538,0
2017/3/10,19:08:54,3.23e5,5812307,8.289,,1000,0.000,1540,528,0
2017/3/10,19:09:09,3.14e5,5748719,8.433,,1000,0.000,1512,520,0
2017/3/10,19:09:24,3.06e5,5678856,8.554,,1000,0.000,1508,505,0
2017/3/10,19:09:39,3.04e5,5661048,8.586,,1000,0.000,1514,504,0
2017/3/10,19:09:54,2.95e5,5587663,8.718,,1000,0.000,1507,518,0
2017/3/10,19:10:09,2.92e5,5557046,8.783,,1000,0.000,1563,526,0
2017/3/10,19:10:24,2.91e5,5549808,8.793,,1000,0.000,1508,504,0
2017/3/10,19:10:39,2.85e5,5493326,8.886,,1000,0.000,1530,522,0
2017/3/10,19:10:54,2.76e5,5411877,9.02,,1000,0.000,1549,504,0
2017/3/10,19:11:09,2.70e5,5350159,9.126,,1000,0.000,1561,480,0
2017/3/10,19:11:24,2.69e5,5341634,9.14,,1000,0.000,1591,510,0
2017/3/10,19:11:39,2.66e5,5311136,9.184,,1000,0.000,1539,505,0
2017/3/10,19:11:54,2.62e5,5266293,9.248,,1000,0.000,1589,494,0
2017/3/10,19:12:09,2.59e5,5229451,9.305,,1000,0.000,1558,495,0
2017/3/10,19:12:24,2.54e5,5175531,9.394,,1000,0.000,1564,484,0
2017/3/10,19:12:39,2.48e5,5104702,9.499,,1000,0.000,1601,529,0
2017/3/10,19:12:54,2.41e5,5034687,9.605,,1000,0.000,1590,501,0
2017/3/10,19:13:09,2.41e5,5027502,9.621,,1000,0.000,1622,510,0
2017/3/10,19:13:24,2.40e5,5015539,9.642,,1000,0.000,1599,491,0
2017/3/10,19:13:39,2.30e5,4897166,9.813,,1000,0.000,1634,499,0
2017/3/10,19:13:54,2.26e5,4845771,9.885,,1000,0.000,1645,487,0
2017/3/10,19:14:09,2.21e5,4786073,9.969,,1000,0.000,1643,493,0
2017/3/10,19:14:24,2.18e5,4746527,10.01,,1000,0.000,1667,493,0
2017/3/10,19:14:39,2.21e5,4782827,9.977,,1000,0.000,1628,490,0
2017/3/10,19:14:54,2.16e5,4717025,10.06,,1000,0.000,1636,511,0
2017/3/10,19:15:09,2.15e5,4705550,10.08,,1000,0.000,1669,510,0
2017/3/10,19:15:24,2.08e5,4611265,10.2,,1000,0.000,1643,489,0
2017/3/10,19:15:39,2.06e5,4588023,10.23,,1000,0.000,1669,478,0
2017/3/10,19:15:54,2.04e5,4557353,10.27,,1000,0.000,1645,505,0
2017/3/10,19:16:09,2.02e5,4520397,10.33,,1000,0.000,1661,472,0
2017/3/10,19:16:24,1.96e5,4446370,10.42,,1000,0.000,1685,487,0
2017/3/10,19:16:39,1.94e5,4409756,10.47,,1000,0.000,1688,473,0
2017/3/10,19:16:54,1.91e5,4365597,10.53,,1000,0.000,1726,446,0
2017/3/10,19:17:09,1.88e5,4320755,10.58,,1000,0.000,1683,478,0
2017/3/10,19:17:24,1.82e5,4239086,10.69,,1000,0.000,1710,487,0
2017/3/10,19:17:39,1.77e5,4156807,10.79,,1000,0.000,1724,478,0
2017/3/10,19:17:54,1.76e5,4134419,10.82,,1000,0.000,1737,455,0
2017/3/10,19:18:09,1.73e5,4082675,10.88,,1000,0.000,1724,477,0
2017/3/10,19:18:24,1.71e5,4053822,10.91,,1000,0.000,1733,465,0
2017/3/10,19:18:39,1.68e5,4015089,10.96,,1000,0.000,1746,485,0
2017/3/10,19:18:54,1.68e5,4004920,10.97,,1000,0.000,1740,461,0
2017/3/10,19:19:09,1.65e5,3963236,11.03,,1000,0.000,1708,505,0
2017/3/10,19:19:24,1.62e5,3903335,11.1,,1000,0.000,1732,495,0
2017/3/10,19:19:39,1.63e5,3932873,11.06,,1000,0.000,1711,495,0
2017/3/10,19:19:54,1.58e5,3841777,11.17,,1000,0.000,1787,462,0
2017/3/10,19:20:09,1.52e5,3740583,11.29,,1000,0.000,1761,447,0
2017/3/10,19:20:24,1.52e5,3725999,11.31,,1000,0.000,1782,473,0
2017/3/10,19:20:39,1.49e5,3682101,11.36,,1000,0.000,1788,472,0
2017/3/10,19:20:54,1.48e5,3661540,11.39,,1000,0.000,1768,445,0
2017/3/10,19:21:09,1.47e5,3652599,11.4,,1000,0.000,1754,461,0
2017/3/10,19:21:24,1.43e5,3566048,11.49,,1000,0.000,1762,474,0
2017/3/10,19:21:39,1.40e5,3517929,11.55,,1000,0.000,1799,446,0
2017/3/10,19:21:54,1.37e5,3462292,11.61,,1000,0.000,1810,482,0
2017/3/10,19:22:09,1.35e5,3429998,11.64,,1000,0.000,1809,472,0
2017/3/10,19:22:24,1.33e5,3381897,11.7,,1000,0.000,1791,476,0
2017/3/10,19:22:39,1.31e5,3343556,11.74,,1000,0.000,1791,482,0
2017/3/10,19:22:54,1.28e5,3293510,11.8,,1000,0.000,1831,476,0
2017/3/10,19:23:09,1.26e5,3247755,11.85,,1000,0.000,1867,446,0
2017/3/10,19:23:24,1.25e5,3226925,11.87,,1000,0.000,1821,456,0
2017/3/10,19:23:39,1.23e5,3196816,11.9,,1000,0.000,1821,473,0
2017/3/10,19:23:54,1.24e5,3203476,11.9,,1000,0.000,1842,465,0
2017/3/10,19:24:09,1.20e5,3123444,11.99,,1000,0.000,1824,467,0
2017/3/10,19:24:24,1.19e5,3103981,12.01,,1000,0.000,1838,467,0
2017/3/10,19:24:39,1.16e5,3050628,12.06,,1000,0.000,1832,456,0
2017/3/10,19:24:54,1.14e5,3005818,12.11,,1000,0.000,1866,432,0
2017/3/10,19:25:09,1.12e5,2959925,12.16,,1000,0.000,1889,413,0
2017/3/10,19:25:24,1.40e5,3452682,11.6,,1000,0.000,1779,528,0
2017/3/10,19:25:39,1.10e5,2925778,12.2,,1000,0.000,1865,477,0
2017/3/10,19:25:54,1.01e5,2719487,12.41,,1000,0.000,1881,452,0
2017/3/10,19:26:09,9.48e4,2580997,12.56,,1000,0.000,1909,466,0
2017/3/10,19:26:24,8.74e4,2411000,12.73,,1000,0.000,1914,441,0
2017/3/10,19:26:39,8.09e4,2259730,12.88,,1000,0.000,1978,450,0
2017/3/10,19:26:54,7.55e4,2129190,13.0,,1000,0.000,2003,444,0
2017/3/10,19:27:09,7.08e4,2014528,13.12,,1000,0.000,2014,484,0
2017/3/10,19:27:24,6.54e4,1880137,13.24,,1000,0.000,2059,445,0
2017/3/10,19:27:39,6.05e4,1752753,13.36,,1000,0.000,2066,471,0
2017/3/10,19:27:54,5.68e4,1659175,13.45,,1000,0.000,2104,473,0
2017/3/10,19:28:09,5.35e4,1572683,13.54,,1000,0.000,2114,451,0
2017/3/10,19:28:24,5.04e4,1487747,13.61,,1000,0.000,2152,463,0
2017/3/10,19:28:39,4.65e4,1384368,13.71,,1000,0.000,2194,466,0
2017/3/10,19:28:54,4.32e4,1293880,13.79,,1000,0.000,2253,440,0
2017/3/10,19:29:09,4.04e4,1214567,13.87,,1000,0.000,2222,463,0
2017/3/10,19:29:24,3.78e4,1142018,13.93,,1000,0.000,2249,469,0
2017/3/10,19:29:39,3.56e4,1081795,13.99,,1000,0.000,2266,485,0
2017/3/10,19:29:54,3.30e4,1006554,14.05,,1000,0.000,2276,506,0
2017/3/10,19:30:09,3.11e4,952445,14.1,,1000,0.000,2336,460,0
2017/3/10,19:30:24,2.87e4,884184,14.17,,1000,0.000,2355,460,0
2017/3/10,19:30:39,2.68e4,828666,14.22,,1000,0.000,2353,466,0
2017/3/10,19:30:54,2.53e4,782278,14.26,,1000,0.000,2347,489,0
2017/3/10,19:31:09,2.36e4,732689,14.31,,1000,0.000,2385,462,0
2017/3/10,19:31:24,2.19e4,682940,14.35,,1000,0.000,2382,469,0
2017/3/10,19:31:39,2.06e4,642758,14.39,,1000,0.000,2426,435,0
2017/3/10,19:31:54,1.95e4,610728,14.42,,1000,0.000,2445,430,0
2017/3/10,19:32:09,1.82e4,572295,14.45,,1000,0.000,2426,454,0
2017/3/10,19:32:24,1.70e4,534176,14.49,,1000,0.000,2447,438,0
2017/3/10,19:32:39,1.58e4,497837,14.52,,1000,0.000,2475,430,0
2017/3/10,19:32:54,1.50e4,475340,14.54,,1000,0.000,2442,462,0
2017/3/10,19:33:09,1.40e4,442622,14.57,,1000,0.000,2473,437,0
2017/3/10,19:33:24,1.31e4,416507,14.6,,1000,0.000,2508,408,0
2017/3/10,19:33:39,1.21e4,386849,14.63,,1000,0.000,2482,465,0
2017/3/10,19:33:54,1.15e4,366956,14.64,,1000,0.000,2492,424,0
2017/3/10,19:34:09,1.08e4,344851,14.66,,1000,0.000,2514,416,0
2017/3/10,19:34:24,1.00e4,319276,14.69,,1000,0.000,2546,399,0
2017/3/10,19:34:39,9.33e3,297952,14.71,,1000,0.000,2539,411,0
2017/3/10,19:34:54,8.95e3,285902,14.72,,1000,0.000,2526,435,0
2017/3/10,19:35:09,8.33e3,266610,14.74,,1000,0.000,2513,430,0
2017/3/10,19:35:24,7.83e3,250884,14.75,,1000,0.000,2518,445,0
2017/3/10,19:35:39,7.30e3,234083,14.77,,1001,0.000,2503,460,0
2017/3/10,19:35:54,6.92e3,222038,14.78,,1000,0.000,2558,404,0
2017/3/10,19:36:09,6.43e3,206776,14.8,,1000,0.000,2561,390,0
2017/3/10,19:36:24,6.12e3,196734,14.81,,1000,0.000,2563,406,0
2017/3/10,19:36:39,5.71e3,184024,14.82,,1000,0.000,2520,460,0
2017/3/10,19:36:54,5.38e3,173500,14.83,,1000,0.000,2539,446,0
2017/3/10,19:37:09,5.04e3,162480,14.84,,1000,0.000,2575,400,0
2017/3/10,19:37:24,4.74e3,152942,14.85,,1000,0.000,2576,408,0
2017/3/10,19:37:39,4.43e3,143233,14.86,,1000,0.000,2587,388,0
2017/3/10,19:37:54,4.18e3,135335,14.86,,1000,0.000,2593,388,0
2017/3/10,19:38:09,4.00e3,129515,14.87,,1000,0.000,2563,432,0
2017/3/10,19:38:24,3.72e3,120309,14.88,,1000,0.000,2596,384,0
2017/3/10,19:38:39,3.52e3,113838,14.89,,1000,0.000,2598,378,0
2017/3/10,19:38:54,3.31e3,107467,14.89,,1000,0.000,2568,424,0
2017/3/10,19:39:09,3.13e3,101797,14.9,,1000,0.000,2581,417,0
2017/3/10,19:39:24,2.91e3,94697,14.9,,1000,0.000,2578,423,0
2017/3/10,19:39:39,2.78e3,90552,14.91,,1000,0.000,2596,394,0
2017/3/10,19:39:54,2.57e3,83623,14.92,,1000,0.000,2601,391,0
2017/3/10,19:40:09,2.45e3,79931,14.92,,1000,0.000,2596,405,0
2017/3/10,19:40:24,2.33e3,75875,14.92,,1000,0.000,2576,435,0
2017/3/10,19:40:39,2.20e3,71687,14.93,,1000,0.000,2592,407,0
2017/3/10,19:40:54,2.05e3,66716,14.93,,1000,0.000,2617,363,0
2017/3/10,19:41:09,1.95e3,63479,14.94,,1000,0.000,2593,401,0
2017/3/10,19:41:24,1.85e3,60438,14.94,,1000,0.000,2601,393,0
2017/3/10,19:41:39,1.76e3,57240,14.94,,1000,0.000,2585,438,0
2017/3/10,19:41:54,1.65e3,53847,14.94,,1000,0.000,2586,421,0
2017/3/10,19:42:09,1.58e3,51370,14.95,,1000,0.000,2615,375,0
2017/3/10,19:42:24,1.49e3,48428,14.95,,1000,0.000,2613,395,0
2017/3/10,19:42:39,1.41e3,45975,14.95,,1000,0.000,2618,384,0
2017/3/10,19:42:54,1.32e3,43018,14.96,,1000,0.000,2603,400,0
2017/3/10,19:43:09,1.27e3,41485,14.96,,1000,0.000,2593,411,0
2017/3/10,19:43:24,1.20e3,39272,14.96,,1000,0.000,2589,427,0
2017/3/10,19:43:39,1.14e3,37224,14.96,,1000,0.000,2598,417,0
2017/3/10,19:43:54,1.08e3,35371,14.96,,1000,0.000,2604,411,0
2017/3/10,19:44:09,1.05e3,34250,14.96,,1001,0.000,2597,422,0
2017/3/10,19:44:24,997,32422,14.97,,1000,0.000,2606,389,0
2017/3/10,19:44:38,959,31169,14.97,,1000,0.000,2593,418,0
2017/3/10,19:44:53,910,29599,14.97,,1000,0.000,2613,402,0
2017/3/10,19:45:08,853,27733,14.97,,1000,0.000,2622,394,0
2017/3/10,19:45:23,816,26524,14.97,,1000,0.000,2612,415,0
2017/3/10,19:45:38,784,25487,14.97,,1000,0.000,2606,412,0
2017/3/10,19:45:53,761,24733,14.97,,1000,0.000,2591,415,0
2017/3/10,19:46:08,728,23675,14.97,,1000,0.000,2574,432,0
2017/3/10,19:46:23,694,22569,14.98,,1000,0.000,2611,373,0
2017/3/10,19:46:38,672,21871,14.98,,1001,0.000,2609,393,0
2017/3/10,19:46:53,626,20375,14.98,,1000,0.000,2620,380,0
2017/3/10,19:47:08,616,20023,14.98,,1000,0.000,2590,433,0
2017/3/10,19:47:23,582,18919,14.98,,1000,0.000,2597,407,0
2017/3/10,19:47:38,562,18271,14.98,,1000,0.000,2602,397,0
2017/3/10,19:47:53,531,17284,14.98,,1000,0.000,2590,417,0
2017/3/10,19:48:08,519,16895,14.98,,1000,0.000,2595,424,0
2017/3/10,19:48:23,497,16169,14.98,,1000,0.000,2618,410,0
2017/3/10,19:48:38,482,15684,14.98,,1000,0.000,2601,428,0
2017/3/10,19:48:53,481,15637,14.98,,1000,0.000,2597,435,0
2017/3/10,19:49:08,453,14735,14.98,,1000,0.000,2596,426,0
2017/3/10,19:49:23,440,14306,14.98,,1001,0.000,2606,405,0
2017/3/10,19:49:38,421,13698,14.99,,1000,0.000,2609,394,0
2017/3/10,19:49:53,417,13574,14.99,,1001,0.000,2602,429,0
2017/3/10,19:50:08,401,13062,14.99,,1000,0.000,2584,413,0
2017/3/10,19:50:23,382,12447,14.99,,1001,0.000,2595,429,0
2017/3/10,19:50:38,377,12261,14.99,,1000,0.000,2603,419,0
2017/3/10,19:50:53,367,11934,14.99,,1000,0.000,2563,446,0
2017/3/10,19:51:08,353,11495,14.99,,1000,0.000,2606,441,0
2017/3/10,19:51:23,346,11256,14.99,,1000,0.000,2634,384,0
2017/3/10,19:51:38,344,11199,14.99,,1000,0.000,2604,417,0
2017/3/10,19:51:53,339,11041,14.99,,1000,0.000,2578,432,0
2017/3/10,19:52:08,327,10647,14.99,,1000,0.000,2617,390,0
2017/3/10,19:52:23,319,10376,14.99,,1000,0.000,2593,416,0
2017/3/10,19:52:38,313,10173,14.99,,1001,0.000,2579,444,0
2017/3/10,19:52:53,303,9874,14.99,,1000,0.000,2593,430,0
2017/3/10,19:53:08,298,9691,14.99,,1001,0.000,2579,430,0
2017/3/10,19:53:23,293,9545,14.99,,1000,0.000,2607,399,0
2017/3/10,19:53:38,296,9647,14.99,,1000,0.000,2581,438,0
2017/3/10,19:53:53,283,9218,14.99,,1001,0.000,2592,429,0
2017/3/10,19:54:08,282,9169,14.99,,1000,0.000,2580,438,0
2017/3/10,19:54:23,279,9080,14.99,,1001,0.000,2581,423,0
2017/3/10,19:54:38,276,8991,14.99,,1000,0.000,2592,419,0
2017/3/10,19:54:53,263,8573,14.99,,1001,0.000,2591,429,0
2017/3/10,19:55:08,269,8768,14.99,,1001,0.000,2584,441,0
2017/3/10,19:55:23,270,8789,14.99,,1000,0.000,2597,428,0
2017/3/10,19:55:38,260,8464,14.99,,1001,0.000,2579,433,0
2017/3/10,19:55:53,260,8469,14.99,,1001,0.000,2586,427,0
2017/3/10,19:56:08,256,8349,14.99,,1000,0.000,2603,400,0
2017/3/10,19:56:23,241,7836,14.99,,1001,0.000,2581,450,0
2017/3/10,19:56:38,247,8037,14.99,,1000,0.000,2614,379,0
2017/3/10,19:56:53,242,7876,14.99,,1000,0.000,2597,417,0
2017/3/10,19:57:08,240,7819,14.99,,1001,0.000,2592,446,0
2017/3/10,19:57:23,240,7802,14.99,,1000,0.000,2591,434,0
2017/3/10,19:57:38,224,7310,14.99,,1001,0.000,2572,435,0
2017/3/10,19:57:53,229,7453,14.99,,1001,0.000,2584,433,0
2017/3/10,19:58:09,223,7255,14.99,,1001,0.000,2617,415,0
2017/3/10,19:58:23,229,7463,14.99,,1001,0.000,2612,397,0
2017/3/10,19:58:38,229,7445,14.99,,1001,0.000,2608,400,0
2017/3/10,19:58:53,219,7129,14.99,,1001,0.000,2592,429,0
2017/3/10,19:59:08,218,7092,14.99,,1001,0.000,2613,390,0
2017/3/10,19:59:23,213,6943,14.99,,1001,0.000,2613,401,0
2017/3/10,19:59:38,213,6940,14.99,,1001,0.000,2618,396,0
2017/3/10,19:59:53,204,6660,14.99,,1001,0.000,2607,419,0
2017/3/10,20:00:08,208,6778,14.99,,1001,0.000,2602,424,0
2017/3/10,20:00:23,207,6736,14.99,,1001,0.000,2609,418,0
2017/3/10,20:00:38,204,6651,14.99,,1001,0.000,2590,421,0
2017/3/10,20:00:53,201,6541,14.99,,1001,0.000,2598,407,0
2017/3/10,20:01:08,205,6685,14.99,,1001,0.000,2570,451,0
2017/3/10,20:01:23,201,6558,14.99,,1001,0.000,2595,416,0
2017/3/10,20:01:38,202,6587,14.99,,1001,0.000,2617,396,0
2017/3/10,20:01:53,195,6340,14.99,,1001,0.000,2593,415,0
2017/3/10,20:02:08,197,6417,14.99,,1001,0.000,2574,446,0
2017/3/10,20:02:23,194,6325,14.99,,1001,0.000,2579,469,0
2017/3/10,20:02:38,194,6332,14.99,,1001,0.000,2585,434,0
2017/3/10,20:02:53,183,5966,14.99,,1001,0.000,2618,388,0
2017/3/10,20:03:08,191,6238,14.99,,1001,0.000,2622,389,0
2017/3/10,20:03:23,186,6076,14.99,,1001,0.000,2584,410,0
2017/3/10,20:03:38,189,6162,14.99,,1000,0.000,2601,407,0
2017/3/10,20:03:53,190,6190,14.99,,1001,0.000,2580,437,0
2017/3/10,20:04:08,193,6291,14.99,,1001,0.000,2581,427,0
2017/3/10,20:04:23,189,6159,14.99,,1001,0.000,2565,462,0
2017/3/10,20:04:38,189,6172,14.99,,1001,0.000,2587,454,0
2017/3/10,20:04:53,189,6157,14.99,,1001,0.000,2592,408,0
2017/3/10,20:05:08,187,6101,14.99,,1001,0.000,2557,472,0
2017/3/10,20:05:23,189,6163,14.99,,1001,0.000,2567,452,0
2017/3/10,20:05:38,188,6137,14.99,,1001,0.000,2601,417,0
2017/3/10,20:05:53,192,6267,14.99,,1001,0.000,2624,389,0
2017/3/10,20:06:08,187,6109,14.99,,1001,0.000,2574,449,0
2017/3/10,20:06:23,194,6311,14.99,,1001,0.000,2612,391,0
2017/3/10,20:06:38,191,6218,14.99,,1001,0.000,2600,421,0
2017/3/10,20:06:53,186,6071,14.99,,1001,0.000,2569,444,0
2017/3/10,20:07:08,187,6102,14.99,,1001,0.000,2583,450,0
2017/3/10,20:07:23,189,6169,14.99,,1001,0.000,2628,395,0
2017/3/10,20:07:38,187,6089,14.99,,1000,0.000,2598,415,0
2017/3/10,20:07:53,186,6054,14.99,,1001,0.000,2568,454,0
2017/3/10,20:08:08,189,6154,14.99,,1001,0.000,2613,413,0
2017/3/10,20:08:23,190,6191,14.99,,1001,0.000,2569,450,0
2017/3/10,20:08:38,185,6027,14.99,,1001,0.000,2584,432,0
2017/3/10,20:08:53,188,6142,14.99,,1001,0.000,2591,424,0
2017/3/10,20:09:08,186,6047,14.99,,1001,0.000,2608,417,0
2017/3/10,20:09:23,186,6063,14.99,,1001,0.000,2556,466,0
2017/3/10,20:09:38,180,5873,14.99,,1001,0.000,2596,417,0
2017/3/10,20:09:53,187,6107,14.99,,1001,0.000,2592,460,0
2017/3/10,20:10:08,186,6077,14.99,,1001,0.000,2598,429,0
2017/3/10,20:10:23,185,6031,14.99,,1001,0.000,2573,465,0
2017/3/10,20:10:38,184,5996,14.99,,1001,0.000,2612,418,0
2017/3/10,20:10:53,182,5933,14.99,,1001,0.000,2626,382,0
2017/3/10,20:11:08,188,6114,14.99,,1001,0.000,2580,461,0
2017/3/10,20:11:23,178,5809,14.99,,1001,0.000,2585,404,0
2017/3/10,20:11:38,183,5978,14.99,,1001,0.000,2606,433,0
2017/3/10,20:11:53,183,5965,14.99,,1001,0.000,2612,410,0
2017/3/10,20:12:08,177,5763,14.99,,1001,0.000,2601,433,0
2017/3/10,20:12:23,185,6028,14.99,,1001,0.000,2589,426,0
2017/3/10,20:12:38,186,6049,14.99,,1001,0.000,2563,462,0
2017/3/10,20:12:53,179,5833,14.99,,1001,0.000,2581,441,0
2017/3/10,20:13:09,176,5737,14.99,,1001,0.000,2579,430,0
2017/3/10,20:13:23,177,5780,14.99,,1001,0.000,2586,437,0
2017/3/10,20:13:38,179,5832,14.99,,1001,0.000,2569,458,0
2017/3/10,20:13:53,179,5823,14.99,,1001,0.000,2590,440,0
2017/3/10,20:14:08,180,5856,14.99,,1001,0.000,2601,432,0
2017/3/10,20:14:23,175,5717,14.99,,1001,0.000,2573,462,0
2017/3/10,20:14:38,174,5669,14.99,,1001,0.000,2617,394,0
2017/3/10,20:14:53,176,5746,14.99,,1001,0.000,2585,438,0
2017/3/10,20:15:08,177,5772,14.99,,1001,0.000,2601,412,0
2017/3/10,20:15:23,178,5807,14.99,,1001,0.000,2551,474,0
2017/3/10,20:15:38,178,5804,14.99,,1001,0.000,2586,411,0
2017/3/10,20:15:53,179,5832,14.99,,1001,0.000,2585,440,0
2017/3/10,20:16:08,176,5749,14.99,,1001,0.000,2586,435,0
2017/3/10,20:16:23,173,5637,14.99,,1001,0.000,2587,462,0
2017/3/10,20:16:38,172,5608,14.99,,1001,0.000,2584,457,0
2017/3/10,20:16:53,171,5580,14.99,,1001,0.000,2581,452,0
2017/3/10,20:17:08,171,5566,14.99,,1001,0.000,2583,435,0
2017/3/10,20:17:23,172,5621,14.99,,1001,0.000,2569,462,0
2017/3/10,20:17:38,180,5855,14.99,,1001,0.000,2568,456,0
2017/3/10,20:17:53,177,5759,14.99,,1001,0.000,2587,454,0
2017/3/10,20:18:08,173,5628,14.99,,1001,0.000,2592,435,0
2017/3/10,20:18:23,172,5605,14.99,,1001,0.000,2590,457,0
2017/3/10,20:18:38,169,5514,14.99,,1001,0.000,2554,509,0
2017/3/10,20:18:53,174,5664,14.99,,1001,0.000,2593,422,0
2017/3/10,20:19:08,174,5677,14.99,,1001,0.000,2576,428,0
2017/3/10,20:19:23,172,5593,14.99,,1001,0.000,2617,408,0
2017/3/10,20:19:38,170,5548,14.99,,1001,0.000,2586,439,0
2017/3/10,20:19:53,171,5583,14.99,,1001,0.000,2583,467,0
2017/3/10,20:20:08,168,5488,14.99,,1001,0.000,2583,450,0
2017/3/10,20:20:23,170,5552,14.99,,1001,0.000,2600,404,0
2017/3/10,20:20:38,184,5993,14.99,,1001,0.000,2576,463,0
2017/3/10,20:20:53,175,5706,14.99,,1001,0.000,2573,465,0
2017/3/10,20:21:08,175,5717,14.99,,1001,0.000,2589,437,0
2017/3/10,20:21:23,171,5558,14.99,,1001,0.000,2591,430,0
2017/3/10,20:21:38,173,5645,14.99,,1001,0.000,2598,424,0
2017/3/10,20:21:53,169,5494,14.99,,1001,0.000,2584,450,0
2017/3/10,20:22:08,170,5553,14.99,,1001,0.000,2575,460,0
2017/3/10,20:22:23,172,5612,14.99,,1001,0.000,2561,462,0
2017/3/10,20:22:38,170,5542,14.99,,1001,0.000,2576,474,0
2017/3/10,20:22:53,170,5543,14.99,,1001,0.000,2585,450,0
2017/3/10,20:23:08,169,5495,14.99,,1001,0.000,2591,437,0
2017/3/10,20:23:23,171,5558,14.99,,1001,0.000,2600,413,0
2017/3/10,20:23:38,176,5733,14.99,,1001,0.000,2565,460,0
2017/3/10,20:23:53,175,5710,14.99,,1001,0.000,2608,397,0
2017/3/10,20:24:08,175,5688,14.99,,1001,0.000,2593,429,0
2017/3/10,20:24:23,169,5523,14.99,,1001,0.000,2578,429,0
2017/3/10,20:24:38,169,5506,14.99,,1001,0.000,2578,435,0
2017/3/10,20:24:53,174,5676,14.99,,1001,0.000,2604,407,0
2017/3/10,20:25:08,173,5629,14.99,,1001,0.000,2595,413,0
2017/3/10,20:25:23,166,5413,14.99,,1001,0.000,2603,408,0
2017/3/10,20:25:38,167,5430,14.99,,1001,0.000,2579,457,0
2017/3/10,20:25:53,170,5556,14.99,,1001,0.000,2581,447,0
2017/3/10,20:26:08,171,5582,14.99,,1001,0.000,2601,426,0
2017/3/10,20:26:23,173,5623,14.99,,1001,0.000,2569,454,0
2017/3/10,20:26:38,174,5675,14.99,,1001,0.000,2609,411,0
2017/3/10,20:26:53,172,5604,14.99,,1001,0.000,2584,427,0
2017/3/10,20:27:08,168,5462,14.99,,1001,0.000,2604,416,0
2017/3/10,20:27:23,171,5569,14.99,,1001,0.000,2597,415,0
2017/3/10,20:27:38,170,5525,14.99,,1001,0.000,2596,423,0
2017/3/10,20:27:53,171,5566,14.99,,1001,0.000,2585,432,0
2017/3/10,20:28:09,164,5340,14.99,,1001,0.000,2580,450,0
2017/3/10,20:28:23,169,5506,14.99,,1001,0.000,2623,395,0
2017/3/10,20:28:38,166,5402,14.99,,1001,0.000,2587,441,0
2017/3/10,20:28:53,168,5475,14.99,,1001,0.000,2608,407,0
2017/3/10,20:29:08,168,5489,14.99,,1001,0.000,2583,435,0
2017/3/10,20:29:23,168,5469,14.99,,1001,0.000,2568,444,0
2017/3/10,20:29:38,170,5549,14.99,,1001,0.000,2568,439,0
2017/3/10,20:29:53,165,5368,14.99,,1001,0.000,2553,483,0
2017/3/10,20:30:08,169,5495,14.99,,1001,0.000,2580,452,0
2017/3/10,20:30:23,167,5444,14.99,,1001,0.000,2563,465,0
2017/3/10,20:30:38,169,5509,14.99,,1001,0.000,2575,429,0
2017/3/10,20:30:53,170,5534,14.99,,1001,0.000,2572,450,0
2017/3/10,20:31:08,170,5528,14.99,,1001,0.000,2564,462,0
2017/3/10,20:31:23,163,5303,14.99,,1001,0.000,2573,469,0
2017/3/10,20:31:38,164,5355,14.99,,1001,0.000,2584,435,0
2017/3/10,20:31:53,164,5350,14.99,,1001,0.000,2568,446,0
2017/3/10,20:32:08,167,5430,14.99,,1001,0.000,2596,415,0
2017/3/10,20:32:23,168,5468,14.99,,1001,0.000,2584,446,0
2017/3/10,20:32:38,166,5399,14.99,,1001,0.000,2589,450,0
2017/3/10,20:32:53,165,5391,14.99,,1001,0.000,2584,447,0
2017/3/10,20:33:08,166,5420,14.99,,1001,0.000,2568,449,0
2017/3/10,20:33:23,166,5405,14.99,,1001,0.000,2613,406,0
2017/3/10,20:33:38,167,5439,14.99,,1001,0.000,2559,469,0
2017/3/10,20:33:53,165,5376,14.99,,1001,0.000,2591,463,0
2017/3/10,20:34:08,165,5365,14.99,,1001,0.000,2545,482,0
2017/3/10,20:34:23,161,5246,14.99,,1001,0.000,2583,434,0
2017/3/10,20:34:38,167,5440,14.99,,1001,0.000,2573,485,0
2017/3/10,20:34:53,159,5199,14.99,,1001,0.000,2578,461,0
2017/3/10,20:35:08,165,5393,14.99,,1001,0.000,2568,449,0
2017/3/10,20:35:23,162,5267,14.99,,1001,0.000,2550,466,0
2017/3/10,20:35:38,164,5354,14.99,,1001,0.000,2596,417,0
2017/3/10,20:35:53,164,5351,14.99,,1001,0.000,2580,443,0
2017/3/10,20:36:08,162,5274,14.99,,1001,0.000,2554,491,0
2017/3/10,20:36:23,164,5352,14.99,,1001,0.000,2584,418,0
2017/3/10,20:36:38,163,5314,14.99,,1001,0.000,2585,421,0
2017/3/10,20:36:53,164,5336,14.99,,1001,0.000,2578,454,0
2017/3/10,20:37:08,160,5228,14.99,,1001,0.000,2595,413,0
2017/3/10,20:37:23,163,5311,14.99,,1001,0.000,2572,463,0
2017/3/10,20:37:38,164,5345,14.99,,1001,0.000,2580,441,0
2017/3/10,20:37:53,158,5148,14.99,,1001,0.000,2592,434,0
2017/3/10,20:38:08,159,5196,14.99,,1001,0.000,2589,428,0
2017/3/10,20:38:23,165,5367,14.99,,1001,0.000,2581,443,0
2017/3/10,20:38:38,162,5274,14.99,,1001,0.000,2553,478,0
2017/3/10,20:38:53,162,5265,14.99,,1001,0.000,2564,454,0
2017/3/10,20:39:08,169,5498,14.99,,1001,0.000,2576,450,0
2017/3/10,20:39:23,167,5436,14.99,,1001,0.000,2581,439,0
2017/3/10,20:39:38,254,8278,14.99,,1001,0.000,2573,430,0
2017/3/10,20:39:53,325,10568,14.99,,1001,0.000,2569,438,0
2017/3/10,20:40:08,475,15459,14.98,,1001,0.000,2595,435,0
2017/3/10,20:40:23,589,19144,14.98,,1001,0.000,2543,462,0
2017/3/10,20:40:38,675,21954,14.98,,1001,0.000,2579,419,0
2017/3/10,20:40:53,711,23130,14.98,,1001,0.000,2570,454,0
2017/3/10,20:41:08,778,25287,14.97,,1001,0.000,2564,457,0
