TSI CPC DATA VERSION 3
1490446753,2017/3/25,12:59:13
15
1.08,130
Model 3783 Ver 1.27 S/N 3783111302
"Date","Time","Concentration","Count"," Live-Time","Blank","Abs Press"," Analog In","Pulse Height"," Pulse STD","Status Flags"
2017/3/25,12:59:00,7.75e4,2171125,12.96,,1019,0.000,2042,474,0
2017/3/25,12:59:15,7.21e4,2044064,13.08,,1019,0.000,2034,482,0
2017/3/25,12:59:30,6.45e4,1852158,13.27,,1019,0.000,2081,474,0
2017/3/25,12:59:45,6.88e4,1954735,13.16,,1019,0.000,2088,462,0
2017/3/25,13:00:00,7.57e4,2134028,13.0,,1019,0.000,2043,452,0
2017/3/25,13:00:15,6.94e4,1978600,13.15,,1018,0.000,2067,484,0
2017/3/25,13:00:30,5.61e4,1638152,13.47,,1018,0.000,2158,471,0
2017/3/25,13:00:45,6.19e4,1788218,13.33,,1019,0.000,2099,488,0
2017/3/25,13:01:00,5.89e4,1709928,13.4,,1019,0.000,2175,447,0
2017/3/25,13:01:15,5.49e4,1606798,13.5,,1019,0.000,2158,468,0
2017/3/25,13:01:30,5.77e4,1680053,13.43,,1019,0.000,2167,467,0
2017/3/25,13:01:45,5.81e4,1690614,13.42,,1019,0.000,2139,479,0
2017/3/25,13:02:00,5.96e4,1729269,13.38,,1019,0.000,2135,456,0
2017/3/25,13:02:15,5.65e4,1650900,13.46,,1019,0.000,2136,463,0
2017/3/25,13:02:30,5.89e4,1712446,13.4,,1019,0.000,2127,458,0
2017/3/25,13:02:45,5.99e4,1737710,13.38,,1019,0.000,2147,463,0
2017/3/25,13:03:00,5.90e4,1714293,13.4,,1019,0.000,2142,466,0
2017/3/25,13:03:15,5.76e4,1679345,13.43,,1019,0.000,2150,460,0
2017/3/25,13:03:30,5.76e4,1678372,13.43,,1019,0.000,2133,469,0
2017/3/25,13:03:45,5.88e4,1709994,13.4,,1019,0.000,2172,454,0
2017/3/25,13:04:00,5.96e4,1729345,13.38,,1019,0.000,2137,483,0
2017/3/25,13:04:15,5.86e4,1704706,13.41,,1019,0.000,2155,433,0
2017/3/25,13:04:30,6.13e4,1774810,13.34,,1018,0.000,2130,457,0
2017/3/25,13:04:45,8.13e4,2268816,12.87,,1019,0.000,2006,467,0
2017/3/25,13:05:00,7.95e4,2225652,12.91,,1018,0.000,2020,458,0
2017/3/25,13:05:15,1.02e5,2712799,12.41,,1019,0.000,1940,491,0
2017/3/25,13:05:30,1.79e5,4167794,10.78,,1019,0.000,1774,488,0
2017/3/25,13:05:45,1.09e5,2890414,12.23,,1019,0.000,1916,450,0
2017/3/25,13:06:00,1.17e5,3063786,12.05,,1018,0.000,1904,451,0
2017/3/25,13:06:15,1.85e5,4241070,10.66,,1019,0.000,1740,488,0
2017/3/25,13:06:30,1.97e5,4410481,10.43,,1019,0.000,1752,499,0
2017/3/25,13:06:45,3.22e5,5589784,8.413,,1019,0.000,1571,570,0
2017/3/25,13:07:00,3.82e5,6104892,7.48,,1019,0.000,1525,556,0
2017/3/25,13:07:15,3.10e5,5665718,8.514,,1019,0.000,1610,537,0
2017/3/25,13:07:30,3.88e5,6052029,7.485,,1019,0.000,1520,568,0
2017/3/25,13:07:45,3.91e5,6107738,7.41,,1019,0.000,1479,561,0
2017/3/25,13:08:00,3.73e5,6105387,7.58,,1019,0.000,1514,548,0
2017/3/25,13:08:15,3.42e5,5927491,8.023,,1019,0.000,1534,543,0
2017/3/25,13:08:30,3.81e5,6146633,7.48,,1019,0.000,1512,566,0
2017/3/25,13:08:45,4.91e5,6489376,6.151,,1019,0.000,1467,585,0
2017/3/25,13:09:00,4.76e5,6431432,6.358,,1019,0.000,1450,572,0
2017/3/25,13:09:15,4.26e5,6315551,6.914,,1019,0.000,1472,550,0
2017/3/25,13:09:30,4.76e5,6479301,6.302,,1019,0.000,1462,560,0
2017/3/25,13:09:45,5.00e5,6524066,6.044,,1019,0.000,1441,532,0
2017/3/25,13:10:00,5.17e5,6531472,5.881,,1019,0.000,1440,573,0
2017/3/25,13:10:15,5.15e5,6549845,5.882,,1019,0.000,1446,596,0
2017/3/25,13:10:30,4.98e5,6537362,6.055,,1019,0.000,1439,570,0
2017/3/25,13:10:45,5.23e5,6562151,5.808,,1019,0.000,1418,582,0
2017/3/25,13:11:00,5.50e5,6567483,5.55,,1019,0.000,1411,554,0
2017/3/25,13:11:15,5.56e5,6568945,5.486,,1019,0.000,1398,584,0
2017/3/25,13:11:30,5.40e5,6572717,5.641,,1019,0.000,1396,540,0
2017/3/25,13:11:45,5.65e5,6576142,5.396,,1019,0.000,1433,589,0
2017/3/25,13:12:00,5.51e5,6536901,5.582,,1019,0.000,1369,581,0
2017/3/25,13:12:15,5.74e5,6595330,5.308,,1019,0.000,1435,605,0
2017/3/25,13:12:30,6.15e5,6587684,4.958,,1019,0.000,1418,610,0
2017/3/25,13:12:45,5.53e5,6586932,5.496,,1019,0.000,1427,568,0
2017/3/25,13:13:00,5.35e5,6568215,5.667,,1020,0.000,1439,577,0
2017/3/25,13:13:15,5.48e5,6579970,5.542,,1019,0.000,1406,563,0
2017/3/25,13:13:30,5.57e5,6581503,5.46,,1019,0.000,1400,565,0
2017/3/25,13:13:45,5.62e5,6577937,5.406,,1019,0.000,1390,587,0
2017/3/25,13:14:00,5.38e5,6574421,5.634,,1019,0.000,1414,578,0
2017/3/25,13:14:15,5.76e5,6576045,5.279,,1019,0.000,1390,592,0
2017/3/25,13:14:30,5.60e5,6592640,5.43,,1019,0.000,1401,582,0
2017/3/25,13:14:45,5.32e5,6571599,5.698,,1019,0.000,1413,592,0
2017/3/25,13:15:00,5.24e5,6560973,5.776,,1019,0.000,1422,568,0
2017/3/25,13:15:15,5.52e5,6571080,5.504,,1019,0.000,1416,570,0
2017/3/25,13:15:30,5.77e5,6587302,5.279,,1020,0.000,1379,571,0
2017/3/25,13:15:45,5.49e5,6580333,5.53,,1020,0.000,1418,573,0
2017/3/25,13:16:00,5.43e5,6577831,5.591,,1020,0.000,1445,577,0
2017/3/25,13:16:15,5.30e5,6561644,5.717,,1019,0.000,1448,577,0
2017/3/25,13:16:30,5.33e5,6568290,5.689,,1019,0.000,1430,572,0
2017/3/25,13:16:45,5.38e5,6558860,5.641,,1019,0.000,1419,582,0
2017/3/25,13:17:00,5.06e5,6534214,5.96,,1019,0.000,1420,582,0
2017/3/25,13:17:15,5.08e5,6540735,5.937,,1020,0.000,1427,567,0
2017/3/25,13:17:30,5.25e5,6562339,5.772,,1020,0.000,1397,559,0
2017/3/25,13:17:45,5.20e5,6544712,5.822,,1019,0.000,1413,588,0
2017/3/25,13:18:00,4.99e5,6528020,6.033,,1019,0.000,1433,590,0
2017/3/25,13:18:15,4.91e5,6507902,6.115,,1019,0.000,1451,579,0
2017/3/25,13:18:30,5.14e5,6554051,5.887,,1019,0.000,1444,568,0
2017/3/25,13:18:45,4.93e5,6517258,6.099,,1019,0.000,1455,560,0
2017/3/25,13:19:00,4.87e5,6500211,6.156,,1019,0.000,1418,567,0
2017/3/25,13:19:15,5.15e5,6540821,5.876,,1019,0.000,1392,576,0
2017/3/25,13:19:30,4.73e5,6481996,6.315,,1019,0.000,1455,578,0
2017/3/25,13:19:45,4.82e5,6492231,6.215,,1019,0.000,1414,567,0
2017/3/25,13:20:00,5.00e5,6516338,6.029,,1019,0.000,1433,599,0
2017/3/25,13:20:15,4.83e5,6494226,6.199,,1019,0.000,1444,560,0
2017/3/25,13:20:30,4.76e5,6484396,6.286,,1019,0.000,1439,584,0
2017/3/25,13:20:45,4.84e5,6496107,6.195,,1019,0.000,1439,578,0
2017/3/25,13:21:00,4.60e5,6443212,6.456,,1019,0.000,1475,549,0
2017/3/25,13:21:15,4.64e5,6448596,6.409,,1019,0.000,1441,574,0
2017/3/25,13:21:30,4.68e5,6463066,6.375,,1019,0.000,1439,555,0
2017/3/25,13:21:45,4.54e5,6424525,6.527,,1019,0.000,1503,579,0
2017/3/25,13:22:00,4.47e5,6402691,6.603,,1019,0.000,1401,554,0
2017/3/25,13:22:15,4.54e5,6424155,6.53,,1019,0.000,1425,559,0
2017/3/25,13:22:30,4.59e5,6445304,6.475,,1019,0.000,1485,566,0
2017/3/25,13:22:45,4.55e5,6430363,6.522,,1019,0.000,1512,572,0
2017/3/25,13:23:00,4.62e5,6444733,6.434,,1019,0.000,1456,566,0
2017/3/25,13:23:15,4.63e5,6445401,6.427,,1019,0.000,1453,552,0
2017/3/25,13:23:30,4.63e5,6449397,6.43,,1019,0.000,1474,567,0
2017/3/25,13:23:45,4.39e5,6381829,6.701,,1019,0.000,1453,563,0
2017/3/25,13:24:00,4.39e5,6385365,6.708,,1019,0.000,1474,599,0
2017/3/25,13:24:15,4.39e5,6378969,6.706,,1019,0.000,1452,574,0
2017/3/25,13:24:30,4.38e5,6383370,6.721,,1019,0.000,1469,578,0
2017/3/25,13:24:45,4.33e5,6367989,6.777,,1019,0.000,1453,543,0
2017/3/25,13:25:00,4.40e5,6388015,6.698,,1019,0.000,1464,551,0
2017/3/25,13:25:15,4.41e5,6395459,6.683,,1019,0.000,1448,572,0
2017/3/25,13:25:30,4.26e5,6348386,6.871,,1019,0.000,1494,561,0
2017/3/25,13:25:45,4.16e5,6307495,6.992,,1019,0.000,1481,555,0
2017/3/25,13:26:00,4.11e5,6282776,7.048,,1019,0.000,1480,571,0
2017/3/25,13:26:15,4.12e5,6287241,7.033,,1019,0.000,1511,573,0
2017/3/25,13:26:30,4.14e5,6303463,7.026,,1019,0.000,1489,578,0
2017/3/25,13:26:45,4.14e5,6301698,7.015,,1019,0.000,1505,543,0
2017/3/25,13:27:00,4.08e5,6281175,7.092,,1019,0.000,1480,552,0
2017/3/25,13:27:15,4.13e5,6300345,7.031,,1019,0.000,1513,567,0
2017/3/25,13:27:30,4.13e5,6296747,7.039,,1019,0.000,1475,567,0
2017/3/25,13:27:45,4.12e5,6292774,7.042,,1019,0.000,1436,533,0
2017/3/25,13:28:00,3.93e5,6180897,7.32,,1019,0.000,1492,581,0
2017/3/25,13:28:15,3.98e5,6237404,7.229,,1019,0.000,1510,527,0
2017/3/25,13:28:30,4.10e5,6286340,7.085,,1019,0.000,1502,577,0
2017/3/25,13:28:45,4.15e5,6299442,7.01,,1019,0.000,1479,572,0
2017/3/25,13:29:00,4.10e5,6285565,7.075,,1019,0.000,1481,544,0
2017/3/25,13:29:15,4.04e5,6258319,7.148,,1019,0.000,1469,540,0
2017/3/25,13:29:30,4.13e5,6299984,7.038,,1019,0.000,1485,560,0
2017/3/25,13:29:45,4.08e5,6276667,7.094,,1019,0.000,1516,582,0
2017/3/25,13:30:00,4.05e5,6270711,7.137,,1019,0.000,1477,577,0
2017/3/25,13:30:15,4.06e5,6266758,7.135,,1019,0.000,1444,539,0
2017/3/25,13:30:30,3.96e5,6230948,7.254,,1019,0.000,1500,543,0
2017/3/25,13:30:45,3.95e5,6224098,7.272,,1019,0.000,1456,539,0
2017/3/25,13:31:00,4.11e5,6288543,7.064,,1019,0.000,1500,574,0
2017/3/25,13:31:15,3.97e5,6228831,7.237,,1019,0.000,1479,531,0
2017/3/25,13:31:30,3.84e5,6169988,7.41,,1019,0.000,1506,541,0
2017/3/25,13:31:45,3.94e5,6214974,7.279,,1019,0.000,1520,562,0
2017/3/25,13:32:00,4.12e5,6294616,7.05,,1019,0.000,1494,548,0
2017/3/25,13:32:15,4.17e5,6319076,6.992,,1019,0.000,1497,551,0
2017/3/25,13:32:30,3.87e5,6179201,7.372,,1019,0.000,1469,540,0
2017/3/25,13:32:45,4.07e5,6270936,7.12,,1019,0.000,1473,570,0
2017/3/25,13:33:00,3.75e5,6125111,7.53,,1019,0.000,1513,552,0
2017/3/25,13:33:15,3.77e5,6131828,7.502,,1019,0.000,1514,572,0
2017/3/25,13:33:30,4.04e5,6266820,7.156,,1019,0.000,1478,528,0
2017/3/25,13:33:45,3.99e5,6239871,7.216,,1019,0.000,1490,583,0
2017/3/25,13:34:00,3.93e5,6209743,7.29,,1019,0.000,1495,531,0
2017/3/25,13:34:15,3.81e5,6153002,7.455,,1019,0.000,1497,549,0
2017/3/25,13:34:30,3.77e5,6136076,7.507,,1019,0.000,1501,546,0
2017/3/25,13:34:45,3.84e5,6171482,7.416,,1019,0.000,1458,515,0
2017/3/25,13:35:00,3.93e5,6212824,7.3,,1019,0.000,1480,545,0
2017/3/25,13:35:15,3.86e5,6182177,7.383,,1019,0.000,1502,563,0
2017/3/25,13:35:30,3.99e5,6245273,7.223,,1019,0.000,1472,550,0
2017/3/25,13:35:45,3.68e5,6091923,7.636,,1019,0.000,1499,552,0
2017/3/25,13:36:00,3.51e5,5990656,7.868,,1019,0.000,1541,541,0
2017/3/25,13:36:15,3.35e5,5887505,8.103,,1019,0.000,1561,544,0
2017/3/25,13:36:30,3.24e5,5809365,8.268,,1019,0.000,1563,533,0
2017/3/25,13:36:45,3.11e5,5702080,8.463,,1019,0.000,1572,554,0
2017/3/25,13:37:00,2.98e5,5593936,8.656,,1019,0.000,1579,543,0
2017/3/25,13:37:15,2.87e5,5497143,8.819,,1019,0.000,1582,555,0
2017/3/25,13:37:30,2.76e5,5394886,9.002,,1019,0.000,1602,528,0
2017/3/25,13:37:45,2.65e5,5275988,9.187,,1019,0.000,1629,532,0
2017/3/25,13:38:00,2.54e5,5161499,9.364,,1019,0.000,1625,529,0
2017/3/25,13:38:15,2.45e5,5065596,9.519,,1019,0.000,1630,515,0
2017/3/25,13:38:30,2.35e5,4945808,9.697,,1019,0.000,1689,516,0
2017/3/25,13:38:45,2.25e5,4825839,9.867,,1019,0.000,1691,502,0
2017/3/25,13:39:00,2.16e5,4712711,10.02,,1020,0.000,1671,520,0
2017/3/25,13:39:15,2.08e5,4596948,10.18,,1019,0.000,1690,524,0
2017/3/25,13:39:30,2.00e5,4489925,10.33,,1019,0.000,1722,507,0
2017/3/25,13:39:45,1.91e5,4361953,10.49,,1019,0.000,1751,529,0
2017/3/25,13:40:00,1.85e5,4260410,10.62,,1019,0.000,1730,527,0
2017/3/25,13:40:15,1.79e5,4166993,10.73,,1019,0.000,1766,513,0
2017/3/25,13:40:30,1.72e5,4062602,10.87,,1019,0.000,1784,527,0
2017/3/25,13:40:45,1.64e5,3938278,11.02,,1019,0.000,1795,516,0
2017/3/25,13:41:00,1.58e5,3832101,11.15,,1019,0.000,1770,502,0
2017/3/25,13:41:15,1.52e5,3723431,11.28,,1019,0.000,1800,515,0
2017/3/25,13:41:30,1.46e5,3616362,11.4,,1019,0.000,1823,511,0
2017/3/25,13:41:45,1.40e5,3508554,11.53,,1019,0.000,1815,504,0
2017/3/25,13:42:00,1.34e5,3400045,11.65,,1019,0.000,1864,506,0
2017/3/25,13:42:15,1.30e5,3329361,11.73,,1019,0.000,1834,513,0
2017/3/25,13:42:30,1.26e5,3242512,11.83,,1019,0.000,1860,488,0
2017/3/25,13:42:45,1.21e5,3137289,11.95,,1019,0.000,1859,491,0
2017/3/25,13:43:00,1.15e5,3030538,12.07,,1019,0.000,1922,478,0
2017/3/25,13:43:15,1.11e5,2941764,12.16,,1019,0.000,1927,511,0
2017/3/25,13:43:30,1.08e5,2867914,12.24,,1019,0.000,1899,527,0
2017/3/25,13:43:45,1.03e5,2779231,12.33,,1019,0.000,1910,498,0
2017/3/25,13:44:00,9.98e4,2688709,12.43,,1019,0.000,1945,483,0
2017/3/25,13:44:15,9.50e4,2580383,12.54,,1019,0.000,1883,515,0
2017/3/25,13:44:30,9.28e4,2533160,12.59,,1019,0.000,1982,471,0
2017/3/25,13:44:45,8.87e4,2438057,12.68,,1019,0.000,1970,498,0
2017/3/25,13:45:00,8.58e4,2371380,12.75,,1019,0.000,2019,483,0
2017/3/25,13:45:15,8.23e4,2289000,12.83,,1019,0.000,2026,480,0
2017/3/25,13:45:30,7.95e4,2222983,12.89,,1019,0.000,1983,496,0
2017/3/25,13:45:45,7.70e4,2163489,12.95,,1019,0.000,2006,495,0
2017/3/25,13:46:00,7.37e4,2082952,13.03,,1019,0.000,2023,490,0
2017/3/25,13:46:15,7.10e4,2016947,13.09,,1019,0.000,2054,491,0
2017/3/25,13:46:30,6.85e4,1955417,13.15,,1019,0.000,2087,504,0
2017/3/25,13:46:45,6.58e4,1886075,13.22,,1019,0.000,2103,506,0
2017/3/25,13:47:00,6.32e4,1820902,13.28,,1019,0.000,2109,511,0
2017/3/25,13:47:15,6.09e4,1761555,13.34,,1020,0.000,2120,513,0
2017/3/25,13:47:30,5.90e4,1713215,13.38,,1020,0.000,2124,507,0
2017/3/25,13:47:45,5.69e4,1659064,13.44,,1020,0.000,2137,512,0
2017/3/25,13:48:00,5.47e4,1602244,13.49,,1020,0.000,2164,516,0
2017/3/25,13:48:15,5.27e4,1548872,13.54,,1020,0.000,2141,532,0
2017/3/25,13:48:30,5.09e4,1499678,13.59,,1019,0.000,2172,522,0
2017/3/25,13:48:45,4.91e4,1453021,13.63,,1020,0.000,2204,505,0
2017/3/25,13:49:00,4.73e4,1402732,13.67,,1020,0.000,2246,483,0
2017/3/25,13:49:15,4.59e4,1365803,13.71,,1020,0.000,2235,494,0
2017/3/25,13:49:30,4.41e4,1316861,13.76,,1020,0.000,2252,515,0
2017/3/25,13:49:45,4.24e4,1269015,13.8,,1019,0.000,2232,521,0
2017/3/25,13:50:00,4.10e4,1230561,13.83,,1020,0.000,2291,494,0
2017/3/25,13:50:15,3.94e4,1187989,13.87,,1020,0.000,2265,527,0
2017/3/25,13:50:30,3.79e4,1145025,13.91,,1019,0.000,2308,493,0
2017/3/25,13:50:45,3.66e4,1108819,13.95,,1019,0.000,2304,501,0
2017/3/25,13:51:00,3.56e4,1078729,13.97,,1019,0.000,2299,521,0
2017/3/25,13:51:15,3.42e4,1040227,14.01,,1019,0.000,2333,484,0
2017/3/25,13:51:30,3.29e4,1004519,14.05,,1019,0.000,2340,498,0
2017/3/25,13:51:45,3.17e4,969916,14.08,,1019,0.000,2333,531,0
2017/3/25,13:52:00,3.07e4,939590,14.1,,1019,0.000,2375,490,0
2017/3/25,13:52:15,2.97e4,910369,14.13,,1019,0.000,2335,541,0
2017/3/25,13:52:30,2.87e4,881533,14.16,,1019,0.000,2371,532,0
2017/3/25,13:52:45,2.76e4,850279,14.19,,1019,0.000,2407,462,0
2017/3/25,13:53:00,2.66e4,822317,14.21,,1019,0.000,2354,548,0
2017/3/25,13:53:15,2.57e4,794216,14.24,,1019,0.000,2388,506,0
2017/3/25,13:53:30,2.48e4,768126,14.26,,1019,0.000,2392,505,0
2017/3/25,13:53:45,2.38e4,740207,14.29,,1019,0.000,2393,496,0
2017/3/25,13:54:00,2.29e4,711146,14.32,,1019,0.000,2424,489,0
2017/3/25,13:54:15,2.22e4,690264,14.33,,1019,0.000,2462,457,0
2017/3/25,13:54:30,2.15e4,670606,14.35,,1019,0.000,2459,446,0
2017/3/25,13:54:45,2.09e4,652395,14.37,,1020,0.000,2413,521,0
2017/3/25,13:55:00,2.01e4,627675,14.39,,1019,0.000,2457,461,0
2017/3/25,13:55:15,1.93e4,605013,14.41,,1019,0.000,2456,490,0
2017/3/25,13:55:30,1.87e4,585326,14.43,,1020,0.000,2458,474,0
2017/3/25,13:55:45,1.80e4,564622,14.45,,1020,0.000,2491,449,0
2017/3/25,13:56:00,1.75e4,549253,14.47,,1019,0.000,2484,478,0
2017/3/25,13:56:15,1.69e4,532568,14.48,,1019,0.000,2487,474,0
2017/3/25,13:56:30,1.63e4,513032,14.5,,1019,0.000,2462,499,0
2017/3/25,13:56:45,1.56e4,492060,14.52,,1019,0.000,2485,488,0
2017/3/25,13:57:00,1.51e4,476558,14.53,,1019,0.000,2510,437,0
2017/3/25,13:57:15,1.47e4,464174,14.55,,1019,0.000,2462,495,0
2017/3/25,13:57:30,1.41e4,448149,14.56,,1019,0.000,2485,489,0
2017/3/25,13:57:45,1.37e4,434064,14.57,,1019,0.000,2497,469,0
2017/3/25,13:58:00,1.31e4,416991,14.59,,1019,0.000,2524,477,0
2017/3/25,13:58:15,1.28e4,405511,14.6,,1019,0.000,2500,469,0
2017/3/25,13:58:30,1.23e4,390595,14.61,,1019,0.000,2534,449,0
2017/3/25,13:58:45,1.18e4,375058,14.63,,1019,0.000,2523,473,0
2017/3/25,13:59:00,1.15e4,365468,14.64,,1019,0.000,2547,451,0
2017/3/25,13:59:15,1.11e4,354854,14.65,,1019,0.000,2548,422,0
2017/3/25,13:59:30,1.07e4,342302,14.66,,1019,0.000,2564,434,0
2017/3/25,13:59:45,1.04e4,331824,14.67,,1019,0.000,2542,465,0
2017/3/25,14:00:00,1.00e4,320226,14.68,,1019,0.000,2512,504,0
2017/3/25,14:00:15,9.71e3,309723,14.69,,1019,0.000,2540,447,0
2017/3/25,14:00:30,9.28e3,296299,14.71,,1019,0.000,2545,458,0
2017/3/25,14:00:45,9.06e3,289392,14.71,,1019,0.000,2553,439,0
2017/3/25,14:01:00,8.77e3,280232,14.72,,1019,0.000,2561,444,0
2017/3/25,14:01:15,8.48e3,271328,14.73,,1019,0.000,2557,443,0
2017/3/25,14:01:30,8.19e3,262046,14.74,,1019,0.000,2564,460,0
2017/3/25,14:01:45,7.95e3,254626,14.74,,1019,0.000,2562,450,0
2017/3/25,14:02:00,7.70e3,246789,14.75,,1019,0.000,2561,452,0
2017/3/25,14:02:15,7.48e3,239840,14.76,,1019,0.000,2574,454,0
2017/3/25,14:02:30,7.20e3,231031,14.77,,1019,0.000,2583,430,0
2017/3/25,14:02:45,6.94e3,222720,14.78,,1019,0.000,2575,440,0
2017/3/25,14:03:00,6.77e3,217303,14.78,,1019,0.000,2587,427,0
2017/3/25,14:03:15,6.56e3,210739,14.79,,1019,0.000,2558,472,0
2017/3/25,14:03:30,6.36e3,204339,14.79,,1019,0.000,2576,451,0
2017/3/25,14:03:45,6.12e3,196903,14.8,,1019,0.000,2596,422,0
2017/3/25,14:04:00,5.92e3,190606,14.81,,1019,0.000,2609,416,0
2017/3/25,14:04:15,5.75e3,185100,14.81,,1019,0.000,2575,456,0
2017/3/25,14:04:30,5.57e3,179307,14.82,,1019,0.000,2596,434,0
2017/3/25,14:04:45,5.40e3,174053,14.82,,1019,0.000,2615,423,0
2017/3/25,14:05:00,5.24e3,168863,14.83,,1019,0.000,2578,444,0
2017/3/25,14:05:15,5.09e3,164071,14.83,,1019,0.000,2592,432,0
2017/3/25,14:05:30,4.88e3,157570,14.84,,1019,0.000,2579,456,0
2017/3/25,14:05:45,4.77e3,153868,14.84,,1019,0.000,2598,435,0
2017/3/25,14:06:00,4.61e3,148876,14.85,,1019,0.000,2609,410,0
2017/3/25,14:06:15,4.51e3,145801,14.85,,1019,0.000,2602,429,0
2017/3/25,14:06:30,4.35e3,140742,14.86,,1019,0.000,2598,427,0
2017/3/25,14:06:45,4.20e3,135874,14.86,,1019,0.000,2567,465,0
2017/3/25,14:07:00,4.11e3,132906,14.86,,1019,0.000,2591,458,0
2017/3/25,14:07:15,3.97e3,128496,14.87,,1019,0.000,2580,468,0
2017/3/25,14:07:30,3.86e3,124733,14.87,,1019,0.000,2617,411,0
2017/3/25,14:07:45,3.74e3,120921,14.88,,1019,0.000,2603,417,0
2017/3/25,14:08:00,3.62e3,116996,14.88,,1019,0.000,2612,427,0
2017/3/25,14:08:15,3.49e3,112971,14.88,,1019,0.000,2634,386,0
2017/3/25,14:08:30,3.41e3,110573,14.89,,1019,0.000,2609,411,0
2017/3/25,14:08:45,3.33e3,107812,14.89,,1019,0.000,2629,396,0
2017/3/25,14:09:00,3.20e3,103856,14.89,,1019,0.000,2618,418,0
2017/3/25,14:09:15,3.10e3,100703,14.9,,1019,0.000,2618,433,0
2017/3/25,14:09:30,3.04e3,98810,14.9,,1019,0.000,2612,440,0
2017/3/25,14:09:45,2.93e3,95199,14.9,,1019,0.000,2636,390,0
2017/3/25,14:10:00,2.85e3,92651,14.9,,1019,0.000,2614,429,0
2017/3/25,14:10:15,2.75e3,89664,14.91,,1019,0.000,2629,405,0
2017/3/25,14:10:30,2.70e3,87924,14.91,,1019,0.000,2597,463,0
2017/3/25,14:10:45,2.61e3,84832,14.91,,1019,0.000,2615,428,0
2017/3/25,14:11:00,2.54e3,82648,14.91,,1019,0.000,2623,407,0
2017/3/25,14:11:15,2.45e3,79925,14.92,,1019,0.000,2602,445,0
2017/3/25,14:11:30,2.41e3,78643,14.92,,1019,0.000,2609,429,0
2017/3/25,14:11:45,2.32e3,75631,14.92,,1019,0.000,2634,416,0
2017/3/25,14:12:00,2.26e3,73705,14.92,,1019,0.000,2626,410,0
2017/3/25,14:12:15,2.19e3,71386,14.93,,1019,0.000,2612,422,0
2017/3/25,14:12:30,2.14e3,69624,14.93,,1019,0.000,2614,422,0
2017/3/25,14:12:45,2.08e3,67724,14.93,,1019,0.000,2601,457,0
2017/3/25,14:13:00,2.02e3,65766,14.93,,1019,0.000,2589,482,0
2017/3/25,14:13:15,1.96e3,63837,14.93,,1019,0.000,2615,439,0
2017/3/25,14:13:30,1.93e3,62784,14.93,,1019,0.000,2617,428,0
2017/3/25,14:13:45,1.87e3,60945,14.94,,1019,0.000,2609,424,0
2017/3/25,14:14:00,1.81e3,58886,14.94,,1019,0.000,2609,451,0
2017/3/25,14:14:15,1.76e3,57388,14.94,,1019,0.000,2608,452,0
2017/3/25,14:14:30,1.72e3,56195,14.94,,1019,0.000,2601,441,0
2017/3/25,14:14:45,1.67e3,54394,14.94,,1019,0.000,2636,404,0
2017/3/25,14:15:00,1.64e3,53436,14.94,,1019,0.000,2608,458,0
2017/3/25,14:15:15,1.58e3,51596,14.95,,1019,0.000,2607,449,0
2017/3/25,14:15:30,1.55e3,50475,14.95,,1019,0.000,2626,433,0
2017/3/25,14:15:45,1.52e3,49467,14.95,,1019,0.000,2644,424,0
2017/3/25,14:16:00,1.47e3,47812,14.95,,1019,0.000,2641,406,0
2017/3/25,14:16:15,1.44e3,46800,14.95,,1019,0.000,2585,463,0
2017/3/25,14:16:30,1.40e3,45699,14.95,,1019,0.000,2637,406,0
2017/3/25,14:16:45,1.36e3,44402,14.95,,1019,0.000,2609,467,0
2017/3/25,14:17:00,1.34e3,43585,14.95,,1020,0.000,2611,433,0
2017/3/25,14:17:15,1.30e3,42273,14.96,,1019,0.000,2629,419,0
2017/3/25,14:17:30,1.27e3,41583,14.96,,1019,0.000,2631,444,0
2017/3/25,14:17:45,1.23e3,40209,14.96,,1019,0.000,2634,401,0
2017/3/25,14:18:00,1.22e3,39657,14.96,,1019,0.000,2629,423,0
2017/3/25,14:18:15,1.18e3,38499,14.96,,1019,0.000,2592,461,0
2017/3/25,14:18:30,1.14e3,37364,14.96,,1019,0.000,2614,445,0
2017/3/25,14:18:45,1.13e3,36974,14.96,,1019,0.000,2620,430,0
2017/3/25,14:19:00,1.11e3,36120,14.96,,1019,0.000,2651,391,0
2017/3/25,14:19:15,1.07e3,34810,14.96,,1019,0.000,2633,427,0
2017/3/25,14:19:30,1.06e3,34477,14.96,,1019,0.000,2615,454,0
2017/3/25,14:19:45,1.01e3,33037,14.96,,1019,0.000,2615,467,0
2017/3/25,14:20:00,1.01e3,33148,14.96,,1019,0.000,2618,427,0
2017/3/25,14:20:15,983,31953,14.97,,1019,0.000,2623,422,0
2017/3/25,14:20:30,957,31111,14.97,,1019,0.000,2614,440,0
2017/3/25,14:20:45,945,30731,14.97,,1019,0.000,2591,460,0
2017/3/25,14:21:00,922,29995,14.97,,1019,0.000,2618,426,0
2017/3/25,14:21:15,900,29263,14.97,,1019,0.000,2641,407,0
2017/3/25,14:21:30,895,29090,14.97,,1019,0.000,2633,421,0
2017/3/25,14:21:45,861,27997,14.97,,1019,0.000,2614,446,0
2017/3/25,14:22:00,853,27740,14.97,,1019,0.000,2630,426,0
2017/3/25,14:22:15,821,26714,14.97,,1019,0.000,2600,461,0
2017/3/25,14:22:30,819,26628,14.97,,1019,0.000,2617,466,0
2017/3/25,14:22:45,802,26096,14.97,,1019,0.000,2622,423,0
2017/3/25,14:23:00,775,25211,14.97,,1019,0.000,2637,394,0
2017/3/25,14:23:15,767,24930,14.97,,1019,0.000,2642,407,0
2017/3/25,14:23:30,757,24603,14.97,,1019,0.000,2679,347,0
2017/3/25,14:23:45,747,24298,14.97,,1019,0.000,2606,457,0
2017/3/25,14:24:00,731,23770,14.97,,1019,0.000,2645,418,0
2017/3/25,14:24:15,720,23407,14.97,,1019,0.000,2628,432,0
2017/3/25,14:24:30,705,22925,14.97,,1019,0.000,2618,441,0
2017/3/25,14:24:45,684,22254,14.98,,1019,0.000,2596,451,0
2017/3/25,14:25:00,672,21860,14.98,,1020,0.000,2634,415,0
2017/3/25,14:25:15,662,21543,14.98,,1019,0.000,2626,437,0
2017/3/25,14:25:30,651,21168,14.98,,1019,0.000,2617,446,0
2017/3/25,14:25:45,637,20719,14.98,,1019,0.000,2603,465,0
2017/3/25,14:26:00,637,20704,14.98,,1019,0.000,2597,476,0
2017/3/25,14:26:15,612,19909,14.98,,1019,0.000,2619,435,0
2017/3/25,14:26:30,613,19951,14.98,,1019,0.000,2635,418,0
2017/3/25,14:26:45,598,19456,14.98,,1019,0.000,2615,457,0
2017/3/25,14:27:00,593,19274,14.98,,1019,0.000,2624,444,0
2017/3/25,14:27:15,581,18886,14.98,,1019,0.000,2614,428,0
2017/3/25,14:27:30,572,18622,14.98,,1019,0.000,2635,430,0
2017/3/25,14:27:45,552,17967,14.98,,1019,0.000,2607,463,0
2017/3/25,14:28:00,546,17746,14.98,,1019,0.000,2608,458,0
2017/3/25,14:28:15,536,17447,14.98,,1019,0.000,2641,375,0
2017/3/25,14:28:30,538,17501,14.98,,1020,0.000,2607,458,0
2017/3/25,14:28:45,531,17269,14.98,,1020,0.000,2641,430,0
2017/3/25,14:29:00,520,16928,14.98,,1020,0.000,2606,455,0
2017/3/25,14:29:15,515,16761,14.98,,1020,0.000,2633,429,0
2017/3/25,14:29:30,498,16205,14.98,,1020,0.000,2631,423,0
2017/3/25,14:29:45,500,16282,14.98,,1020,0.000,2618,447,0
2017/3/25,14:30:00,491,15971,14.98,,1020,0.000,2626,435,0
2017/3/25,14:30:15,475,15464,14.98,,1020,0.000,2633,429,0
2017/3/25,14:30:30,474,15413,14.98,,1020,0.000,2601,457,0
2017/3/25,14:30:45,465,15113,14.98,,1020,0.000,2609,462,0
2017/3/25,14:31:00,462,15034,14.98,,1020,0.000,2619,451,0
2017/3/25,14:31:15,455,14809,14.98,,1020,0.000,2612,454,0
2017/3/25,14:31:30,449,14614,14.98,,1020,0.000,2611,446,0
2017/3/25,14:31:45,449,14603,14.98,,1020,0.000,2633,429,0
2017/3/25,14:32:00,443,14404,14.98,,1020,0.000,2624,430,0
2017/3/25,14:32:15,433,14080,14.98,,1020,0.000,2631,437,0
2017/3/25,14:32:30,434,14117,14.98,,1020,0.000,2628,428,0
2017/3/25,14:32:45,425,13814,14.98,,1020,0.000,2636,433,0
2017/3/25,14:33:00,426,13873,14.98,,1020,0.000,2600,463,0
2017/3/25,14:33:15,409,13297,14.98,,1020,0.000,2568,500,0
2017/3/25,14:33:30,409,13324,14.99,,1020,0.000,2613,457,0
2017/3/25,14:33:45,405,13167,14.99,,1020,0.000,2636,417,0
2017/3/25,14:34:00,398,12945,14.99,,1020,0.000,2608,462,0
2017/3/25,14:34:15,398,12943,14.99,,1020,0.000,2635,411,0
2017/3/25,14:34:30,388,12641,14.99,,1020,0.000,2655,393,0
2017/3/25,14:34:45,384,12496,14.99,,1020,0.000,2642,406,0
2017/3/25,14:35:00,381,12391,14.99,,1020,0.000,2619,446,0
2017/3/25,14:35:15,376,12231,14.99,,1020,0.000,2624,437,0
2017/3/25,14:35:30,376,12248,14.99,,1020,0.000,2622,432,0
2017/3/25,14:35:45,368,11990,14.99,,1020,0.000,2626,441,0
2017/3/25,14:36:00,366,11908,14.99,,1020,0.000,2620,434,0
2017/3/25,14:36:15,368,11978,14.99,,1020,0.000,2628,432,0
2017/3/25,14:36:30,361,11747,14.99,,1020,0.000,2620,444,0
2017/3/25,14:36:45,361,11742,14.99,,1020,0.000,2635,437,0
2017/3/25,14:37:00,362,11784,14.99,,1020,0.000,2631,422,0
2017/3/25,14:37:15,352,11468,14.99,,1020,0.000,2597,463,0
2017/3/25,14:37:30,347,11304,14.99,,1020,0.000,2620,429,0
2017/3/25,14:37:45,349,11360,14.99,,1020,0.000,2635,424,0
2017/3/25,14:38:00,345,11239,14.99,,1020,0.000,2613,454,0
2017/3/25,14:38:15,338,10998,14.99,,1020,0.000,2644,412,0
2017/3/25,14:38:30,335,10899,14.99,,1020,0.000,2617,438,0
2017/3/25,14:38:45,331,10783,14.99,,1020,0.000,2600,446,0
2017/3/25,14:39:00,329,10713,14.99,,1020,0.000,2620,449,0
2017/3/25,14:39:15,331,10785,14.99,,1020,0.000,2619,455,0
2017/3/25,14:39:30,328,10692,14.99,,1020,0.000,2634,426,0
2017/3/25,14:39:45,329,10694,14.99,,1020,0.000,2626,421,0
2017/3/25,14:40:00,331,10758,14.99,,1020,0.000,2639,428,0
2017/3/25,14:40:15,326,10611,14.99,,1020,0.000,2597,479,0
2017/3/25,14:40:30,316,10272,14.99,,1020,0.000,2628,434,0
2017/3/25,14:40:45,314,10220,14.99,,1020,0.000,2629,441,0
2017/3/25,14:41:00,319,10395,14.99,,1020,0.000,2608,451,0
2017/3/25,14:41:15,311,10111,14.99,,1020,0.000,2604,471,0
2017/3/25,14:41:30,316,10281,14.99,,1020,0.000,2613,444,0
2017/3/25,14:41:45,311,10131,14.99,,1020,0.000,2620,440,0
2017/3/25,14:42:00,314,10207,14.99,,1020,0.000,2633,417,0
2017/3/25,14:42:15,305,9935,14.99,,1020,0.000,2639,440,0
2017/3/25,14:42:30,308,10020,14.99,,1020,0.000,2661,397,0
2017/3/25,14:42:45,300,9766,14.99,,1020,0.000,2630,433,0
2017/3/25,14:43:00,301,9812,14.99,,1020,0.000,2630,451,0
2017/3/25,14:43:15,302,9821,14.99,,1020,0.000,2641,410,0
2017/3/25,14:43:30,296,9651,14.99,,1020,0.000,2629,433,0
2017/3/25,14:43:45,302,9824,14.99,,1020,0.000,2626,444,0
2017/3/25,14:44:00,289,9404,14.99,,1020,0.000,2623,435,0
2017/3/25,14:44:15,293,9538,14.99,,1020,0.000,2637,430,0
2017/3/25,14:44:30,288,9371,14.99,,1020,0.000,2613,466,0
2017/3/25,14:44:45,281,9155,14.99,,1020,0.000,2634,427,0
2017/3/25,14:45:00,278,9042,14.99,,1020,0.000,2619,461,0
2017/3/25,14:45:15,287,9356,14.99,,1020,0.000,2608,477,0
2017/3/25,14:45:30,282,9194,14.99,,1020,0.000,2595,456,0
2017/3/25,14:45:45,278,9043,14.99,,1020,0.000,2630,418,0
2017/3/25,14:46:00,278,9060,14.99,,1020,0.000,2620,444,0
2017/3/25,14:46:15,276,8978,14.99,,1020,0.000,2623,433,0
2017/3/25,14:46:30,274,8913,14.99,,1020,0.000,2626,429,0
2017/3/25,14:46:45,274,8914,14.99,,1020,0.000,2613,465,0
2017/3/25,14:47:00,276,8987,14.99,,1020,0.000,2629,422,0
2017/3/25,14:47:15,267,8700,14.99,,1020,0.000,2593,479,0
2017/3/25,14:47:30,273,8889,14.99,,1020,0.000,2623,437,0
2017/3/25,14:47:45,261,8485,14.99,,1020,0.000,2641,426,0
2017/3/25,14:48:00,266,8655,14.99,,1020,0.000,2613,451,0
2017/3/25,14:48:15,265,8629,14.99,,1020,0.000,2604,479,0
2017/3/25,14:48:30,264,8611,14.99,,1020,0.000,2613,471,0
2017/3/25,14:48:45,260,8476,14.99,,1020,0.000,2602,476,0
2017/3/25,14:49:00,261,8485,14.99,,1020,0.000,2617,449,0
2017/3/25,14:49:15,254,8283,14.99,,1020,0.000,2645,437,0
2017/3/25,14:49:30,256,8346,14.99,,1020,0.000,2612,458,0
2017/3/25,14:49:45,251,8189,14.99,,1020,0.000,2600,472,0
2017/3/25,14:50:00,255,8293,14.99,,1020,0.000,2607,468,0
2017/3/25,14:50:15,255,8299,14.99,,1020,0.000,2608,462,0
2017/3/25,14:50:30,255,8288,14.99,,1020,0.000,2611,450,0
2017/3/25,14:50:45,247,8051,14.99,,1020,0.000,2612,469,0
2017/3/25,14:51:00,260,8462,14.99,,1020,0.000,2647,410,0
2017/3/25,14:51:15,288,9381,14.99,,1020,0.000,2611,443,0
2017/3/25,14:51:30,292,9514,14.99,,1020,0.000,2653,383,0
2017/3/25,14:51:45,294,9578,14.99,,1020,0.000,2657,395,0
2017/3/25,14:52:00,301,9805,14.99,,1020,0.000,2634,446,0
2017/3/25,14:52:15,293,9535,14.99,,1020,0.000,2640,434,0
2017/3/25,14:52:30,293,9532,14.99,,1020,0.000,2675,369,0
2017/3/25,14:52:45,290,9435,14.99,,1020,0.000,2625,438,0
2017/3/25,14:53:00,292,9516,14.99,,1020,0.000,2634,424,0
2017/3/25,14:53:15,295,9596,14.99,,1020,0.000,2662,386,0
2017/3/25,14:53:30,296,9632,14.99,,1020,0.000,2639,429,0
2017/3/25,14:53:45,294,9564,14.99,,1020,0.000,2613,451,0
2017/3/25,14:54:00,295,9608,14.99,,1020,0.000,2658,395,0
2017/3/25,14:54:15,304,9907,14.99,,1020,0.000,2644,413,0
2017/3/25,14:54:30,297,9673,14.99,,1020,0.000,2604,491,0
2017/3/25,14:54:45,299,9720,14.99,,1020,0.000,2652,402,0
2017/3/25,14:55:00,307,9984,14.99,,1020,0.000,2647,426,0
2017/3/25,14:55:15,343,11169,14.99,,1020,0.000,2628,441,0
2017/3/25,14:55:30,383,12474,14.99,,1020,0.000,2636,422,0
2017/3/25,14:55:45,394,12805,14.99,,1020,0.000,2634,446,0
2017/3/25,14:56:00,387,12594,14.99,,1020,0.000,2633,408,0
2017/3/25,14:56:15,352,11470,14.99,,1020,0.000,2626,421,0
2017/3/25,14:56:30,359,11696,14.99,,1020,0.000,2645,407,0
2017/3/25,14:56:45,367,11959,14.99,,1020,0.000,2636,418,0
2017/3/25,14:57:00,412,13414,14.98,,1020,0.000,2639,405,0
2017/3/25,14:57:15,396,12902,14.99,,1020,0.000,2614,468,0
2017/3/25,14:57:30,382,12432,14.99,,1020,0.000,2648,400,0
2017/3/25,14:57:45,433,14102,14.98,,1020,0.000,2622,434,0
2017/3/25,14:58:00,432,14069,14.98,,1020,0.000,2634,435,0
2017/3/25,14:58:15,421,13706,14.98,,1020,0.000,2655,389,0
2017/3/25,14:58:30,445,14490,14.98,,1020,0.000,2637,440,0
2017/3/25,14:58:45,453,14736,14.98,,1020,0.000,2664,389,0
2017/3/25,14:59:00,448,14565,14.98,,1020,0.000,2623,445,0
2017/3/25,14:59:15,439,14294,14.98,,1020,0.000,2651,386,0
2017/3/25,14:59:30,472,15353,14.98,,1020,0.000,2620,429,0
2017/3/25,14:59:45,512,16657,14.98,,1020,0.000,2646,419,0
2017/3/25,15:00:00,492,15995,14.98,,1020,0.000,2626,430,0
2017/3/25,15:00:15,496,16127,14.98,,1020,0.000,2618,441,0
2017/3/25,15:00:30,491,15965,14.98,,1020,0.000,2641,396,0
2017/3/25,15:00:45,513,16689,14.98,,1020,0.000,2628,423,0
2017/3/25,15:01:00,531,17278,14.98,,1020,0.000,2628,411,0
2017/3/25,15:01:15,532,17305,14.98,,1020,0.000,2653,399,0
2017/3/25,15:01:30,500,16250,14.98,,1020,0.000,2626,415,0
2017/3/25,15:01:45,550,17881,14.98,,1020,0.000,2639,399,0
2017/3/25,15:02:00,538,17485,14.98,,1020,0.000,2637,413,0
2017/3/25,15:02:15,4.36e3,137024,14.86,,1020,0.000,2591,417,0
2017/3/25,15:02:30,9.19e3,289064,14.72,,1020,0.000,2556,432,0
2017/3/25,15:02:45,3.23e4,966099,14.09,,1020,0.000,2371,465,0
2017/3/25,15:03:00,2.39e4,730113,14.3,,1020,0.000,2406,451,0
2017/3/25,15:03:15,3.93e4,1176716,13.89,,1020,0.000,2286,491,0
2017/3/25,15:03:30,5.14e4,1506336,13.58,,1020,0.000,2188,498,0
2017/3/25,15:03:45,5.91e4,1715167,13.38,,1020,0.000,2136,495,0
2017/3/25,15:04:00,7.70e4,2157792,12.95,,1020,0.000,2028,461,0
2017/3/25,15:04:15,1.22e5,3083550,11.94,,1020,0.000,1904,485,0
2017/3/25,15:04:30,2.87e5,5309595,8.912,,1020,0.000,1663,561,0
2017/3/25,15:04:45,3.20e5,5692232,8.33,,1020,0.000,1573,538,0
2017/3/25,15:05:00,2.99e5,5563844,8.644,,1020,0.000,1578,546,0
2017/3/25,15:05:15,2.44e5,5026752,9.543,,1020,0.000,1657,515,0
2017/3/25,15:05:30,2.81e5,5443223,8.924,,1020,0.000,1591,518,0
2017/3/25,15:05:45,4.10e5,6147487,7.181,,1020,0.000,1485,546,0
2017/3/25,15:06:00,4.00e5,6239120,7.21,,1020,0.000,1488,545,0
2017/3/25,15:06:15,3.88e5,6142935,7.416,,1020,0.000,1466,540,0
2017/3/25,15:06:30,4.19e5,6295342,6.991,,1020,0.000,1469,571,0
2017/3/25,15:06:45,4.49e5,6372810,6.641,,1020,0.000,1433,561,0
2017/3/25,15:07:00,5.24e5,6471868,5.878,,1020,0.000,1389,578,0
2017/3/25,15:07:15,6.33e5,6529006,4.842,,1020,0.000,1394,590,0
2017/3/25,15:07:30,6.80e5,6511122,4.452,,1020,0.000,1365,572,0
2017/3/25,15:07:45,7.38e5,6412187,4.059,,1020,0.000,1335,574,0
2017/3/25,15:08:00,6.25e5,6559264,4.846,,1020,0.000,1397,599,0
2017/3/25,15:08:15,6.08e5,6568523,4.988,,1020,0.000,1384,583,0
2017/3/25,15:08:30,7.02e5,6453435,4.343,,1020,0.000,1391,589,0
2017/3/25,15:08:45,6.65e5,6487136,4.589,,1020,0.000,1354,574,0
2017/3/25,15:09:00,7.00e5,6450372,4.309,,1020,0.000,1365,579,0
2017/3/25,15:09:15,6.98e5,6460800,4.313,,1020,0.000,1376,577,0
2017/3/25,15:09:30,8.06e5,6266722,3.661,,1020,0.000,1314,585,0
2017/3/25,15:09:45,8.58e5,6177086,3.356,,1020,0.000,1319,617,0
2017/3/25,15:10:00,1.00e6,5876825,2.729,,1020,0.000,1264,593,0
2017/3/25,15:10:15,9.03e5,6094985,3.168,,1020,0.000,1330,585,80
2017/3/25,15:10:30,7.97e5,6307785,3.659,,1020,0.000,1353,610,0
2017/3/25,15:10:45,8.55e5,6183439,3.36,,1020,0.000,1306,578,0
2017/3/25,15:11:00,8.12e5,6264787,3.574,,1020,0.000,1364,600,0
2017/3/25,15:11:15,8.29e5,6234159,3.49,,1020,0.000,1317,611,0
2017/3/25,15:11:30,9.66e5,5967894,2.865,,1020,0.000,1311,607,0
2017/3/25,15:11:45,9.73e5,5934607,2.833,,1020,0.000,1340,582,0
2017/3/25,15:12:00,8.88e5,6118125,3.198,,1020,0.000,1370,614,0
2017/3/25,15:12:15,8.26e5,6235713,3.493,,1020,0.000,1335,589,0
2017/3/25,15:12:30,8.34e5,6220674,3.466,,1020,0.000,1339,571,0
2017/3/25,15:12:45,8.73e5,6135944,3.253,,1020,0.000,1375,606,0
2017/3/25,15:13:00,1.08e6,5720068,2.453,,1020,0.000,1285,614,0
2017/3/25,15:13:15,9.32e5,6014371,2.991,,1020,0.000,1333,577,80
2017/3/25,15:13:30,9.00e5,6091310,3.137,,1020,0.000,1319,589,0
2017/3/25,15:13:45,8.74e5,6142186,3.255,,1020,0.000,1329,616,0
2017/3/25,15:14:00,9.85e5,5917466,2.822,,1020,0.000,1274,582,0
2017/3/25,15:14:15,1.02e6,5820346,2.63,,1020,0.000,1313,604,0
2017/3/25,15:14:30,8.54e5,6178261,3.354,,1020,0.000,1357,622,80
2017/3/25,15:14:45,9.19e5,6035936,3.041,,1020,0.000,1335,607,0
2017/3/25,15:15:00,8.92e5,6096045,3.163,,1020,0.000,1313,600,0
2017/3/25,15:15:15,1.05e6,5772387,2.553,,1020,0.000,1340,593,0
2017/3/25,15:15:30,1.04e6,5789691,2.619,,1020,0.000,1285,579,80
2017/3/25,15:15:45,1.00e6,5872563,2.742,,1020,0.000,1309,590,80
2017/3/25,15:16:00,1.10e6,5682561,2.441,,1020,0.000,1276,593,80
2017/3/25,15:16:15,8.88e5,6100640,3.179,,1020,0.000,1389,640,80
2017/3/25,15:16:30,1.06e6,5753321,2.521,,1020,0.000,1285,600,0
2017/3/25,15:16:45,9.41e5,5991473,2.948,,1020,0.000,1339,587,80
2017/3/25,15:17:00,9.50e5,5977999,2.912,,1020,0.000,1290,589,0
2017/3/25,15:17:15,9.13e5,6047337,3.066,,1020,0.000,1329,614,0
2017/3/25,15:17:30,9.38e5,6015420,3.015,,1020,0.000,1334,618,0
2017/3/25,15:17:45,1.03e6,5812001,2.607,,1020,0.000,1268,589,0
2017/3/25,15:18:00,9.09e5,6053636,3.081,,1020,0.000,1293,584,80
2017/3/25,15:18:15,8.69e5,6129615,3.259,,1020,0.000,1318,589,0
2017/3/25,15:18:30,8.60e5,6166858,3.324,,1020,0.000,1343,614,0
2017/3/25,15:18:45,9.97e5,5879268,2.735,,1020,0.000,1275,573,0
2017/3/25,15:19:00,9.15e5,6046212,3.061,,1020,0.000,1308,599,0
2017/3/25,15:19:15,9.57e5,5965306,2.894,,1020,0.000,1347,606,0
2017/3/25,15:19:30,9.42e5,5999609,2.947,,1020,0.000,1290,593,0
2017/3/25,15:19:45,8.47e5,6180241,3.369,,1020,0.000,1314,577,0
2017/3/25,15:20:00,8.16e5,6243858,3.54,,1020,0.000,1342,622,0
2017/3/25,15:20:15,8.29e5,6222963,3.466,,1020,0.000,1346,585,0
2017/3/25,15:20:30,7.81e5,6320628,3.738,,1020,0.000,1329,595,0
2017/3/25,15:20:45,7.68e5,6337033,3.815,,1020,0.000,1331,612,0
2017/3/25,15:21:00,8.23e5,6239735,3.508,,1020,0.000,1334,584,0
2017/3/25,15:21:15,8.61e5,6155206,3.348,,1020,0.000,1340,601,0
2017/3/25,15:21:30,7.53e5,6365954,3.91,,1020,0.000,1330,606,0
2017/3/25,15:21:45,7.46e5,6370786,3.951,,1020,0.000,1361,604,0
2017/3/25,15:22:00,7.21e5,6417612,4.108,,1020,0.000,1337,593,0
2017/3/25,15:22:15,7.21e5,6378063,4.198,,1020,0.000,1334,611,0
2017/3/25,15:22:30,7.67e5,6353543,3.83,,1020,0.000,1361,587,0
2017/3/25,15:22:45,7.44e5,6384122,3.966,,1020,0.000,1380,603,0
2017/3/25,15:23:00,7.29e5,6409592,4.059,,1020,0.000,1370,605,0
2017/3/25,15:23:15,7.07e5,6435880,4.202,,1020,0.000,1341,604,0
2017/3/25,15:23:30,7.28e5,6407498,4.072,,1020,0.000,1381,605,0
2017/3/25,15:23:45,7.03e5,6450098,4.237,,1020,0.000,1389,582,0
2017/3/25,15:24:00,7.64e5,6340280,3.859,,1020,0.000,1313,600,0
2017/3/25,15:24:15,8.00e5,6284407,3.649,,1020,0.000,1318,578,0
2017/3/25,15:24:30,7.43e5,6380492,3.983,,1020,0.000,1362,614,0
2017/3/25,15:24:45,6.85e5,6462115,4.362,,1020,0.000,1348,585,0
2017/3/25,15:25:00,7.27e5,6405580,4.077,,1020,0.000,1365,598,0
2017/3/25,15:25:15,7.39e5,6369541,4.03,,1020,0.000,1331,592,0
2017/3/25,15:25:30,7.21e5,6412248,4.117,,1020,0.000,1374,615,0
2017/3/25,15:25:45,7.58e5,6356573,3.884,,1020,0.000,1324,565,0
2017/3/25,15:26:00,7.22e5,6410057,4.103,,1020,0.000,1398,598,0
2017/3/25,15:26:15,7.23e5,6408759,4.096,,1020,0.000,1390,595,0
2017/3/25,15:26:30,8.23e5,6254178,3.512,,1020,0.000,1340,584,0
2017/3/25,15:26:45,7.47e5,6363453,3.962,,1020,0.000,1333,584,0
2017/3/25,15:27:00,6.87e5,6462337,4.347,,1020,0.000,1403,605,0
2017/3/25,15:27:15,7.18e5,6422785,4.137,,1020,0.000,1394,599,0
2017/3/25,15:27:30,7.64e5,6354322,3.846,,1020,0.000,1372,593,0
2017/3/25,15:27:45,7.14e5,6419787,4.164,,1020,0.000,1341,567,0
2017/3/25,15:28:00,7.05e5,6436224,4.218,,1020,0.000,1387,599,0
2017/3/25,15:28:15,6.85e5,6458968,4.366,,1020,0.000,1372,579,0
2017/3/25,15:28:30,6.82e5,6475983,4.381,,1020,0.000,1370,607,0
2017/3/25,15:28:45,6.96e5,6447827,4.279,,1020,0.000,1375,585,0
2017/3/25,15:29:00,6.83e5,6470469,4.379,,1020,0.000,1384,599,0
2017/3/25,15:29:15,6.56e5,6505815,4.575,,1020,0.000,1402,593,0
2017/3/25,15:29:30,6.16e5,6540089,4.897,,1020,0.000,1348,579,0
2017/3/25,15:29:45,6.25e5,6525572,4.82,,1020,0.000,1385,599,0
2017/3/25,15:30:00,5.93e5,6536185,5.086,,1020,0.000,1389,610,0
2017/3/25,15:30:15,6.11e5,6540133,4.944,,1020,0.000,1416,600,0
2017/3/25,15:30:30,6.01e5,6544274,5.028,,1020,0.000,1424,579,0
2017/3/25,15:30:45,5.92e5,6539706,5.1,,1020,0.000,1436,593,0
2017/3/25,15:31:00,5.80e5,6554500,5.215,,1020,0.000,1380,599,0
2017/3/25,15:31:15,5.52e5,6547159,5.472,,1020,0.000,1470,598,0
2017/3/25,15:31:30,5.45e5,6540165,5.538,,1020,0.000,1407,589,0
2017/3/25,15:31:45,5.30e5,6526031,5.683,,1020,0.000,1418,555,0
2017/3/25,15:32:00,5.40e5,6533899,5.58,,1020,0.000,1424,587,0
2017/3/25,15:32:15,6.07e5,6541849,4.98,,1020,0.000,1401,572,0
2017/3/25,15:32:30,5.87e5,6549288,5.157,,1020,0.000,1425,590,0
2017/3/25,15:32:45,5.48e5,6545357,5.516,,1020,0.000,1427,585,0
2017/3/25,15:33:00,5.51e5,6552815,5.492,,1020,0.000,1447,584,0
2017/3/25,15:33:15,6.55e5,6495525,4.651,,1020,0.000,1335,552,0
2017/3/25,15:33:30,5.42e5,6538540,5.594,,1020,0.000,1479,573,0
2017/3/25,15:33:45,5.21e5,6534123,5.78,,1020,0.000,1418,598,0
2017/3/25,15:34:00,4.91e5,6490264,6.096,,1020,0.000,1440,560,0
2017/3/25,15:34:15,4.65e5,6437538,6.395,,1020,0.000,1409,573,0
2017/3/25,15:34:30,4.45e5,6389782,6.63,,1020,0.000,1439,576,0
2017/3/25,15:34:45,4.18e5,6294743,6.951,,1020,0.000,1488,578,0
2017/3/25,15:35:00,3.90e5,6179692,7.316,,1020,0.000,1530,566,0
2017/3/25,15:35:15,3.69e5,6075797,7.586,,1020,0.000,1519,557,0
2017/3/25,15:35:30,3.40e5,5908204,8.005,,1020,0.000,1549,555,0
2017/3/25,15:35:45,3.27e5,5809744,8.193,,1020,0.000,1513,541,0
2017/3/25,15:36:00,3.10e5,5679515,8.456,,1020,0.000,1584,532,0
2017/3/25,15:36:15,2.93e5,5538641,8.717,,1020,0.000,1574,539,0
2017/3/25,15:36:30,2.75e5,5379472,9.003,,1020,0.000,1610,559,0
2017/3/25,15:36:45,2.64e5,5261171,9.195,,1020,0.000,1608,539,0
2017/3/25,15:37:00,2.51e5,5121275,9.41,,1020,0.000,1674,540,0
2017/3/25,15:37:15,2.36e5,4955096,9.663,,1020,0.000,1646,523,0
2017/3/25,15:37:30,2.31e5,4893415,9.765,,1020,0.000,1656,517,0
2017/3/25,15:37:45,2.19e5,4746125,9.969,,1020,0.000,1707,529,0
2017/3/25,15:38:00,2.10e5,4625648,10.13,,1020,0.000,1685,515,0
2017/3/25,15:38:15,1.92e5,4367559,10.49,,1020,0.000,1710,557,0
2017/3/25,15:38:30,1.90e5,4337728,10.52,,1020,0.000,1727,496,0
2017/3/25,15:38:45,1.80e5,4194800,10.7,,1020,0.000,1762,510,0
2017/3/25,15:39:00,1.74e5,4100661,10.82,,1020,0.000,1754,517,0
2017/3/25,15:39:15,1.65e5,3941782,11.02,,1020,0.000,1782,511,0
2017/3/25,15:39:30,1.58e5,3834104,11.15,,1020,0.000,1765,495,0
2017/3/25,15:39:45,1.48e5,3656997,11.35,,1020,0.000,1806,496,0
2017/3/25,15:40:00,1.43e5,3556087,11.47,,1020,0.000,1832,496,0
2017/3/25,15:40:15,1.35e5,3419725,11.63,,1020,0.000,1846,485,0
2017/3/25,15:40:30,1.28e5,3291342,11.78,,1020,0.000,1860,488,0
2017/3/25,15:40:45,1.23e5,3188456,11.89,,1020,0.000,1844,513,0
2017/3/25,15:41:00,1.17e5,3060185,12.04,,1020,0.000,1912,495,0
2017/3/25,15:41:15,1.12e5,2951123,12.15,,1020,0.000,1905,476,0
2017/3/25,15:41:30,1.13e5,2965112,12.13,,1020,0.000,1911,487,0
2017/3/25,15:41:45,1.28e5,3224265,11.83,,1020,0.000,1855,487,0
2017/3/25,15:42:00,1.01e5,2733764,12.39,,1020,0.000,1926,461,0
2017/3/25,15:42:15,1.00e5,2715253,12.41,,1020,0.000,1943,482,0
2017/3/25,15:42:30,9.77e4,2643952,12.48,,1020,0.000,1947,467,0
2017/3/25,15:42:45,9.44e4,2572351,12.56,,1020,0.000,1929,487,0
2017/3/25,15:43:00,9.14e4,2503996,12.63,,1020,0.000,1967,472,0
2017/3/25,15:43:15,9.02e4,2477132,12.66,,1020,0.000,1992,469,0
2017/3/25,15:43:30,8.64e4,2389209,12.74,,1020,0.000,1984,444,0
2017/3/25,15:43:45,8.30e4,2308421,12.83,,1020,0.000,2017,471,0
2017/3/25,15:44:00,7.98e4,2233570,12.9,,1020,0.000,2014,427,0
2017/3/25,15:44:15,7.85e4,2202494,12.93,,1020,0.000,2033,447,0
2017/3/25,15:44:30,7.45e4,2105279,13.03,,1020,0.000,2042,447,0
2017/3/25,15:44:45,7.17e4,2036336,13.1,,1020,0.000,2070,418,0
2017/3/25,15:45:00,6.93e4,1977506,13.15,,1020,0.000,2089,444,0
2017/3/25,15:45:15,6.64e4,1905244,13.22,,1020,0.000,2117,429,0
2017/3/25,15:45:30,6.16e4,1782803,13.34,,1020,0.000,2133,427,0
2017/3/25,15:45:45,6.05e4,1753280,13.37,,1020,0.000,2144,416,0
2017/3/25,15:46:00,6.43e4,1845643,13.28,,1020,0.000,2115,434,0
2017/3/25,15:46:15,6.02e4,1746688,13.38,,1020,0.000,2121,454,0
2017/3/25,15:46:30,6.67e4,1910931,13.22,,1020,0.000,2114,421,0
2017/3/25,15:46:45,6.83e4,1953846,13.18,,1020,0.000,2100,405,0
2017/3/25,15:47:00,8.28e4,2294911,12.85,,1020,0.000,2027,406,0
2017/3/25,15:47:15,6.95e4,1984506,13.16,,1020,0.000,2078,429,0
2017/3/25,15:47:30,7.06e4,2011093,13.13,,1020,0.000,2066,408,0
2017/3/25,15:47:45,7.04e4,2006650,13.14,,1020,0.000,2066,395,0
2017/3/25,15:48:00,6.92e4,1976377,13.17,,1020,0.000,2102,385,0
2017/3/25,15:48:15,6.80e4,1947068,13.2,,1020,0.000,2091,389,0
2017/3/25,15:48:30,6.47e4,1863520,13.28,,1020,0.000,2125,410,0
2017/3/25,15:48:45,6.36e4,1834834,13.31,,1019,0.000,2106,415,0
2017/3/25,15:49:00,6.37e4,1837762,13.3,,1020,0.000,2099,419,0
2017/3/25,15:49:15,6.05e4,1756628,13.38,,1020,0.000,2117,419,0
2017/3/25,15:49:30,7.50e4,2114654,13.04,,1020,0.000,2091,371,0
2017/3/25,15:49:45,6.11e4,1770809,13.37,,1020,0.000,2138,405,0
2017/3/25,15:50:00,5.97e4,1734611,13.4,,1019,0.000,2143,375,0
2017/3/25,15:50:15,5.96e4,1733755,13.4,,1019,0.000,2117,402,0
2017/3/25,15:50:30,6.04e4,1752733,13.39,,1019,0.000,2133,395,0
2017/3/25,15:50:45,5.76e4,1681194,13.45,,1019,0.000,2132,413,0
2017/3/25,15:51:00,5.74e4,1675451,13.46,,1020,0.000,2149,383,0
2017/3/25,15:51:15,5.58e4,1633404,13.5,,1019,0.000,2150,404,0
2017/3/25,15:51:30,5.33e4,1567602,13.56,,1019,0.000,2193,405,0
2017/3/25,15:51:45,5.19e4,1529460,13.59,,1019,0.000,2194,400,0
2017/3/25,15:52:00,5.05e4,1493273,13.63,,1019,0.000,2215,395,0
2017/3/25,15:52:15,4.81e4,1427878,13.69,,1019,0.000,2242,372,0
2017/3/25,15:52:30,4.66e4,1388767,13.72,,1019,0.000,2232,407,0
2017/3/25,15:52:45,4.76e4,1413512,13.7,,1019,0.000,2237,390,0
2017/3/25,15:53:00,4.50e4,1344290,13.76,,1019,0.000,2255,390,0
2017/3/25,15:53:15,4.49e4,1342150,13.77,,1019,0.000,2260,371,0
2017/3/25,15:53:30,4.48e4,1338431,13.77,,1019,0.000,2258,396,0
2017/3/25,15:53:45,4.40e4,1318061,13.79,,1020,0.000,2265,391,0
2017/3/25,15:54:00,4.48e4,1338547,13.77,,1019,0.000,2265,373,0
2017/3/25,15:54:15,4.43e4,1324855,13.78,,1019,0.000,2299,362,0
2017/3/25,15:54:30,4.19e4,1258399,13.85,,1019,0.000,2297,364,0
2017/3/25,15:54:45,4.24e4,1273791,13.83,,1019,0.000,2261,399,0
2017/3/25,15:55:00,4.11e4,1236562,13.86,,1019,0.000,2315,372,0
2017/3/25,15:55:15,4.05e4,1219919,13.88,,1019,0.000,2327,344,0
2017/3/25,15:55:30,3.87e4,1170205,13.92,,1019,0.000,2303,384,0
2017/3/25,15:55:45,3.78e4,1143435,13.95,,1019,0.000,2335,373,0
2017/3/25,15:56:00,4.07e4,1224151,13.88,,1019,0.000,2314,358,0
2017/3/25,15:56:15,3.94e4,1189066,13.91,,1019,0.000,2303,379,0
2017/3/25,15:56:30,3.78e4,1145541,13.95,,1019,0.000,2320,369,0
2017/3/25,15:56:45,3.82e4,1156915,13.94,,1019,0.000,2344,346,0
2017/3/25,15:57:00,3.79e4,1146212,13.95,,1019,0.000,2326,366,0
2017/3/25,15:57:15,3.81e4,1153489,13.94,,1019,0.000,2347,373,0
2017/3/25,15:57:30,3.66e4,1109600,13.98,,1019,0.000,2347,373,0
2017/3/25,15:57:45,3.57e4,1084061,14.0,,1019,0.000,2382,343,0
2017/3/25,15:58:00,3.41e4,1038886,14.04,,1019,0.000,2377,347,0
2017/3/25,15:58:15,3.38e4,1031801,14.05,,1019,0.000,2353,383,0
2017/3/25,15:58:30,3.29e4,1006498,14.07,,1019,0.000,2391,350,0
2017/3/25,15:58:45,3.17e4,970050,14.11,,1019,0.000,2401,363,0
2017/3/25,15:59:00,3.11e4,952563,14.12,,1019,0.000,2406,346,0
2017/3/25,15:59:15,2.99e4,918717,14.15,,1019,0.000,2420,354,0
2017/3/25,15:59:30,2.93e4,900989,14.17,,1019,0.000,2441,335,0
2017/3/25,15:59:45,2.86e4,882047,14.19,,1019,0.000,2427,332,0
2017/3/25,16:00:00,2.83e4,871094,14.2,,1019,0.000,2435,355,0
2017/3/25,16:00:15,2.74e4,845779,14.22,,1018,0.000,2454,330,0
2017/3/25,16:00:30,2.74e4,846473,14.22,,1018,0.000,2456,344,0
2017/3/25,16:00:45,2.68e4,830100,14.23,,1018,0.000,2430,369,0
2017/3/25,16:01:00,2.63e4,813318,14.25,,1019,0.000,2437,357,0
2017/3/25,16:01:15,2.60e4,805271,14.26,,1018,0.000,2454,336,0
2017/3/25,16:01:30,2.72e4,840731,14.23,,1019,0.000,2440,346,0
2017/3/25,16:01:45,2.84e4,875917,14.19,,1019,0.000,2436,339,0
2017/3/25,16:02:00,2.89e4,889346,14.18,,1018,0.000,2443,329,0
2017/3/25,16:02:15,3.30e4,1007991,14.08,,1019,0.000,2384,354,0
2017/3/25,16:02:30,3.16e4,968486,14.11,,1018,0.000,2403,336,0
2017/3/25,16:02:45,3.26e4,996680,14.09,,1018,0.000,2404,329,0
2017/3/25,16:03:00,3.17e4,970732,14.11,,1018,0.000,2398,356,0
2017/3/25,16:03:15,3.24e4,992572,14.09,,1018,0.000,2406,318,0
2017/3/25,16:03:30,3.20e4,980147,14.1,,1018,0.000,2387,350,0
2017/3/25,16:03:45,3.15e4,966096,14.11,,1018,0.000,2415,334,0
2017/3/25,16:04:00,3.06e4,938462,14.14,,1018,0.000,2416,333,0
2017/3/25,16:04:15,3.03e4,931117,14.14,,1018,0.000,2420,329,0
2017/3/25,16:04:30,3.07e4,941561,14.14,,1018,0.000,2406,335,0
2017/3/25,16:04:45,3.10e4,949424,14.13,,1018,0.000,2418,343,0
2017/3/25,16:05:00,3.16e4,968753,14.11,,1018,0.000,2381,371,0
2017/3/25,16:05:15,3.36e4,1024174,14.06,,1018,0.000,2391,345,0
2017/3/25,16:05:30,4.20e4,1259258,13.85,,1018,0.000,2279,375,0
2017/3/25,16:05:45,4.11e4,1238033,13.87,,1018,0.000,2281,374,0
2017/3/25,16:06:00,4.26e4,1278829,13.83,,1018,0.000,2274,343,0
2017/3/25,16:06:15,4.46e4,1333284,13.78,,1018,0.000,2272,362,0
2017/3/25,16:06:30,4.57e4,1364501,13.76,,1019,0.000,2243,363,0
2017/3/25,16:06:45,4.79e4,1423347,13.7,,1018,0.000,2254,335,0
2017/3/25,16:07:00,4.60e4,1373543,13.75,,1019,0.000,2258,361,0
2017/3/25,16:07:15,4.84e4,1436083,13.69,,1019,0.000,2238,346,0
2017/3/25,16:07:30,4.89e4,1450337,13.68,,1019,0.000,2232,363,0
2017/3/25,16:07:45,5.17e4,1526819,13.61,,1019,0.000,2177,358,0
2017/3/25,16:08:00,5.33e4,1565263,13.57,,1019,0.000,2207,352,0
2017/3/25,16:08:15,7.94e4,2204566,12.95,,1019,0.000,2061,404,0
2017/3/25,16:08:30,8.54e4,2351151,12.81,,1019,0.000,2059,382,0
2017/3/25,16:08:45,1.24e5,3130295,11.97,,1019,0.000,1899,419,0
2017/3/25,16:09:00,8.88e4,2432639,12.73,,1019,0.000,2025,371,0
2017/3/25,16:09:15,8.58e4,2373289,12.79,,1019,0.000,1995,382,0
2017/3/25,16:09:30,9.46e4,2559065,12.6,,1019,0.000,1999,389,0
2017/3/25,16:09:45,8.83e4,2437176,12.73,,1019,0.000,2049,379,0
2017/3/25,16:10:00,9.37e4,2560313,12.61,,1019,0.000,2005,383,0
2017/3/25,16:10:15,9.73e4,2639345,12.53,,1019,0.000,2001,375,0
2017/3/25,16:10:30,9.07e4,2493426,12.68,,1019,0.000,2022,371,0
2017/3/25,16:10:45,9.66e4,2626827,12.54,,1019,0.000,1971,379,0
2017/3/25,16:11:00,1.10e5,2901636,12.25,,1019,0.000,1925,423,0
2017/3/25,16:11:15,1.10e5,2922107,12.24,,1019,0.000,1928,389,0
2017/3/25,16:11:30,1.06e5,2828399,12.34,,1019,0.000,1966,399,0
2017/3/25,16:11:45,1.15e5,3018447,12.13,,1019,0.000,1942,404,0
2017/3/25,16:12:00,1.15e5,3028292,12.12,,1019,0.000,1939,397,0
2017/3/25,16:12:15,1.20e5,3128394,12.01,,1019,0.000,1898,396,0
2017/3/25,16:12:30,1.17e5,3071821,12.08,,1019,0.000,1951,397,0
2017/3/25,16:12:45,1.52e5,3720790,11.35,,1019,0.000,1839,424,0
2017/3/25,16:13:00,1.83e5,4106023,10.79,,1019,0.000,1809,449,0
2017/3/25,16:13:15,1.40e5,3518023,11.58,,1019,0.000,1859,418,0
2017/3/25,16:13:30,1.41e5,3536649,11.56,,1019,0.000,1862,428,0
2017/3/25,16:13:45,1.41e5,3540290,11.55,,1019,0.000,1833,437,0
2017/3/25,16:14:00,1.40e5,3524078,11.57,,1019,0.000,1833,454,0
2017/3/25,16:14:15,1.53e5,3748426,11.32,,1019,0.000,1823,427,0
2017/3/25,16:14:30,1.48e5,3672298,11.41,,1019,0.000,1831,440,0
2017/3/25,16:14:45,1.47e5,3652567,11.43,,1019,0.000,1820,447,0
2017/3/25,16:15:00,1.45e5,3618929,11.47,,1019,0.000,1832,427,0
2017/3/25,16:15:15,1.64e5,3923912,11.1,,1019,0.000,1834,418,0
2017/3/25,16:15:30,1.63e5,3898308,11.12,,1019,0.000,1813,428,0
2017/3/25,16:15:45,1.70e5,4017243,10.98,,1019,0.000,1771,438,0
2017/3/25,16:16:00,1.52e5,3740217,11.33,,1019,0.000,1835,415,0
2017/3/25,16:16:15,1.55e5,3801932,11.25,,1019,0.000,1815,455,0
2017/3/25,16:16:30,1.56e5,3812460,11.24,,1019,0.000,1879,455,0
2017/3/25,16:16:45,1.64e5,3950188,11.08,,1019,0.000,1773,445,0
2017/3/25,16:17:00,1.63e5,3933187,11.1,,1019,0.000,1777,456,0
2017/3/25,16:17:15,1.61e5,3892320,11.15,,1019,0.000,1779,472,0
2017/3/25,16:17:30,1.68e5,4009382,11.01,,1019,0.000,1801,440,0
2017/3/25,16:17:45,1.72e5,4072350,10.93,,1019,0.000,1818,458,0
2017/3/25,16:18:00,1.76e5,4148318,10.84,,1019,0.000,1757,435,0
2017/3/25,16:18:15,1.77e5,4166251,10.82,,1019,0.000,1717,447,0
2017/3/25,16:18:30,2.04e5,4553379,10.33,,1019,0.000,1700,468,0
2017/3/25,16:18:45,1.78e5,4184848,10.79,,1019,0.000,1777,469,0
2017/3/25,16:19:00,1.79e5,4191412,10.78,,1019,0.000,1765,474,0
2017/3/25,16:19:15,1.74e5,4109596,10.88,,1019,0.000,1783,452,0
2017/3/25,16:19:30,1.75e5,4123574,10.87,,1019,0.000,1748,469,0
2017/3/25,16:19:45,1.85e5,4279674,10.67,,1019,0.000,1738,455,0
2017/3/25,16:20:00,1.91e5,4359740,10.55,,1019,0.000,1745,483,0
2017/3/25,16:20:15,1.87e5,4309249,10.63,,1019,0.000,1734,476,0
2017/3/25,16:20:30,1.81e5,4221109,10.75,,1019,0.000,1761,462,0
2017/3/25,16:20:45,1.94e5,4416716,10.5,,1019,0.000,1702,465,0
2017/3/25,16:21:00,2.08e5,4613405,10.23,,1019,0.000,1704,476,0
2017/3/25,16:21:15,2.21e5,4776514,10.0,,1019,0.000,1663,496,0
2017/3/25,16:21:30,2.49e5,5069761,9.546,,1019,0.000,1640,488,0
2017/3/25,16:21:45,2.32e5,4830740,9.854,,1019,0.000,1650,469,0
2017/3/25,16:22:00,2.17e5,4730497,10.06,,1019,0.000,1701,511,0
2017/3/25,16:22:15,2.45e5,5055496,9.58,,1019,0.000,1672,506,0
2017/3/25,16:22:30,2.32e5,4908454,9.806,,1019,0.000,1666,477,0
2017/3/25,16:22:45,2.28e5,4874902,9.869,,1019,0.000,1680,484,0
2017/3/25,16:23:00,2.23e5,4815541,9.962,,1019,0.000,1677,479,0
2017/3/25,16:23:15,2.20e5,4784664,10.0,,1019,0.000,1679,483,0
2017/3/25,16:23:30,2.37e5,4969812,9.718,,1019,0.000,1634,489,0
2017/3/25,16:23:45,2.35e5,4947550,9.75,,1019,0.000,1643,496,0
2017/3/25,16:24:00,2.20e5,4776552,10.0,,1019,0.000,1704,487,0
2017/3/25,16:24:15,2.23e5,4818714,9.951,,1019,0.000,1663,472,0
2017/3/25,16:24:30,2.16e5,4725315,10.08,,1019,0.000,1672,469,0
2017/3/25,16:24:45,2.12e5,4678006,10.14,,1019,0.000,1711,449,0
2017/3/25,16:25:00,2.19e5,4766028,10.02,,1019,0.000,1656,456,0
2017/3/25,16:25:15,2.25e5,4827547,9.931,,1019,0.000,1676,482,0
2017/3/25,16:25:30,2.27e5,4864000,9.889,,1020,0.000,1669,484,0
2017/3/25,16:25:45,2.09e5,4630899,10.2,,1019,0.000,1713,460,0
2017/3/25,16:26:00,2.05e5,4581233,10.26,,1019,0.000,1691,493,0
2017/3/25,16:26:15,2.15e5,4710229,10.09,,1019,0.000,1679,484,0
2017/3/25,16:26:30,2.09e5,4638136,10.2,,1020,0.000,1716,506,0
2017/3/25,16:26:45,2.07e5,4601139,10.24,,1019,0.000,1713,479,0
2017/3/25,16:27:00,2.05e5,4574711,10.28,,1019,0.000,1708,484,0
2017/3/25,16:27:15,2.11e5,4644363,10.18,,1020,0.000,1680,498,0
2017/3/25,16:27:30,2.14e5,4705282,10.1,,1020,0.000,1683,490,0
2017/3/25,16:27:45,2.17e5,4736313,10.05,,1020,0.000,1647,478,0
2017/3/25,16:28:00,2.08e5,4616672,10.22,,1020,0.000,1699,482,0
2017/3/25,16:28:15,2.22e5,4785951,9.985,,1020,0.000,1671,479,0
2017/3/25,16:28:30,2.09e5,4626848,10.21,,1020,0.000,1699,471,0
2017/3/25,16:28:45,1.90e5,4362015,10.54,,1020,0.000,1757,494,0
2017/3/25,16:29:00,1.86e5,4302684,10.62,,1020,0.000,1754,488,0
2017/3/25,16:29:15,2.14e5,4677597,10.12,,1020,0.000,1652,498,0
2017/3/25,16:29:30,2.00e5,4493783,10.38,,1020,0.000,1689,502,0
2017/3/25,16:29:45,1.79e5,4188184,10.77,,1020,0.000,1738,460,0
2017/3/25,16:30:00,1.86e5,4283435,10.63,,1020,0.000,1782,449,0
2017/3/25,16:30:15,1.80e5,4192616,10.75,,1020,0.000,1752,461,0
2017/3/25,16:30:30,1.78e5,4163455,10.8,,1020,0.000,1774,477,0
2017/3/25,16:30:45,1.74e5,4111614,10.86,,1020,0.000,1771,462,0
2017/3/25,16:31:00,1.76e5,4137389,10.83,,1020,0.000,1763,488,0
2017/3/25,16:31:15,1.76e5,4136511,10.83,,1020,0.000,1790,477,0
2017/3/25,16:31:30,1.73e5,4101094,10.88,,1020,0.000,1752,476,0
2017/3/25,16:31:45,1.92e5,4370788,10.52,,1020,0.000,1763,507,0
2017/3/25,16:32:00,1.81e5,4217651,10.73,,1020,0.000,1767,483,0
2017/3/25,16:32:15,1.82e5,4236507,10.71,,1020,0.000,1745,474,0
2017/3/25,16:32:30,1.82e5,4232947,10.72,,1020,0.000,1765,473,0
2017/3/25,16:32:45,1.75e5,4118677,10.85,,1020,0.000,1774,449,0
2017/3/25,16:33:00,1.76e5,4136330,10.82,,1020,0.000,1785,445,0
2017/3/25,16:33:15,1.66e5,3981663,11.02,,1020,0.000,1793,467,0
2017/3/25,16:33:30,1.64e5,3939004,11.07,,1020,0.000,1765,465,0
2017/3/25,16:33:45,1.70e5,4044927,10.94,,1020,0.000,1794,460,0
2017/3/25,16:34:00,1.97e5,4444542,10.45,,1020,0.000,1735,456,0
2017/3/25,16:34:15,1.77e5,4157417,10.81,,1020,0.000,1763,451,0
2017/3/25,16:34:30,1.63e5,3917983,11.1,,1019,0.000,1783,456,0
2017/3/25,16:34:45,1.56e5,3805993,11.23,,1019,0.000,1837,456,0
2017/3/25,16:35:00,1.55e5,3789641,11.25,,1020,0.000,1805,458,0
2017/3/25,16:35:15,1.47e5,3655278,11.41,,1019,0.000,1816,446,0
2017/3/25,16:35:30,1.43e5,3584587,11.49,,1019,0.000,1843,449,0
2017/3/25,16:35:45,1.41e5,3538995,11.54,,1019,0.000,1833,435,0
2017/3/25,16:36:00,1.49e5,3687020,11.37,,1020,0.000,1843,457,0
2017/3/25,16:36:15,1.59e5,3849457,11.18,,1019,0.000,1804,449,0
2017/3/25,16:36:30,1.50e5,3709296,11.35,,1020,0.000,1824,451,0
2017/3/25,16:36:45,1.69e5,4013063,10.98,,1020,0.000,1799,445,0
2017/3/25,16:37:00,1.60e5,3880007,11.14,,1020,0.000,1793,468,0
2017/3/25,16:37:15,1.70e5,4046915,10.95,,1020,0.000,1762,468,0
2017/3/25,16:37:30,1.68e5,4005212,11.0,,1020,0.000,1783,454,0
2017/3/25,16:37:45,2.00e5,4436240,10.41,,1020,0.000,1713,469,0
2017/3/25,16:38:00,2.02e5,4503760,10.36,,1020,0.000,1702,458,0
2017/3/25,16:38:15,1.89e5,4348635,10.58,,1019,0.000,1744,469,0
2017/3/25,16:38:30,1.92e5,4396252,10.51,,1019,0.000,1743,498,0
2017/3/25,16:38:45,1.92e5,4392044,10.51,,1020,0.000,1728,483,0
2017/3/25,16:39:00,1.87e5,4310363,10.62,,1020,0.000,1743,478,0
2017/3/25,16:39:15,1.89e5,4338556,10.58,,1020,0.000,1783,474,0
2017/3/25,16:39:30,1.89e5,4348505,10.57,,1019,0.000,1741,421,0
2017/3/25,16:39:45,1.86e5,4293223,10.64,,1020,0.000,1782,438,0
2017/3/25,16:40:00,1.80e5,4207440,10.74,,1019,0.000,1745,440,0
2017/3/25,16:40:15,1.80e5,4208993,10.74,,1019,0.000,1794,454,0
2017/3/25,16:40:30,1.77e5,4162454,10.8,,1019,0.000,1791,478,0
2017/3/25,16:40:45,1.72e5,4073715,10.91,,1020,0.000,1779,476,0
2017/3/25,16:41:00,1.67e5,3999524,11.0,,1019,0.000,1815,458,0
2017/3/25,16:41:15,1.66e5,3976950,11.03,,1019,0.000,1771,469,0
2017/3/25,16:41:30,1.66e5,3973213,11.04,,1019,0.000,1790,469,0
2017/3/25,16:41:45,1.62e5,3908224,11.11,,1019,0.000,1799,451,0
2017/3/25,16:42:00,1.62e5,3903057,11.12,,1019,0.000,1809,463,0
2017/3/25,16:42:15,1.59e5,3856437,11.17,,1019,0.000,1817,455,0
2017/3/25,16:42:30,1.53e5,3753382,11.3,,1019,0.000,1832,443,0
2017/3/25,16:42:45,1.59e5,3860366,11.17,,1019,0.000,1816,458,0
2017/3/25,16:43:00,1.52e5,3739797,11.31,,1019,0.000,1799,493,0
2017/3/25,16:43:15,1.44e5,3599545,11.47,,1019,0.000,1844,457,0
2017/3/25,16:43:30,1.57e5,3817416,11.22,,1020,0.000,1778,500,0
2017/3/25,16:43:45,1.63e5,3929701,11.09,,1020,0.000,1822,454,0
2017/3/25,16:44:00,1.39e5,3500348,11.59,,1020,0.000,1854,427,0
2017/3/25,16:44:15,1.38e5,3477535,11.61,,1020,0.000,1861,462,0
2017/3/25,16:44:30,1.31e5,3356316,11.75,,1020,0.000,1867,439,0
2017/3/25,16:44:45,1.26e5,3244857,11.87,,1020,0.000,1867,478,0
2017/3/25,16:45:00,1.25e5,3222194,11.89,,1019,0.000,1894,430,0
2017/3/25,16:45:15,1.19e5,3108183,12.02,,1020,0.000,1903,438,0
2017/3/25,16:45:30,1.24e5,3215707,11.9,,1020,0.000,1911,419,0
2017/3/25,16:45:45,1.17e5,3078356,12.05,,1020,0.000,1903,433,0
2017/3/25,16:46:00,1.18e5,3087988,12.04,,1020,0.000,1931,401,0
2017/3/25,16:46:15,1.09e5,2913722,12.23,,1020,0.000,1939,428,0
2017/3/25,16:46:30,1.11e5,2930068,12.21,,1020,0.000,1939,415,0
2017/3/25,16:46:45,1.01e5,2723949,12.43,,1020,0.000,1943,443,0
