TSI CPC DATA VERSION 3
1490534152,2017/3/26,13:15:52
15
1.08,130
Model 3783 Ver 1.27 S/N 3783111302
"Date","Time","Concentration","Count"," Live-Time","Blank","Abs Press"," Analog In","Pulse Height"," Pulse STD","Status Flags"
2017/3/26,13:15:46,2.14e5,4126350,8.871,,1028,0.000,1735,515,0
2017/3/26,13:16:00,2.15e5,4670348,10.0,,1028,0.000,1708,546,0
2017/3/26,13:16:15,2.10e5,4601896,10.11,,1028,0.000,1757,538,0
2017/3/26,13:16:30,2.01e5,4482236,10.28,,1028,0.000,1750,513,0
2017/3/26,13:16:45,1.99e5,4455650,10.32,,1028,0.000,1732,556,0
2017/3/26,13:17:00,1.94e5,4383330,10.41,,1028,0.000,1779,526,0
2017/3/26,13:17:15,1.84e5,4240480,10.59,,1028,0.000,1756,529,0
2017/3/26,13:17:30,1.79e5,4156860,10.7,,1028,0.000,1774,549,0
2017/3/26,13:17:45,1.80e5,4174701,10.68,,1028,0.000,1768,559,0
2017/3/26,13:18:00,1.78e5,4149382,10.71,,1028,0.000,1794,517,0
2017/3/26,13:18:15,1.76e5,4106775,10.76,,1028,0.000,1784,554,0
2017/3/26,13:18:30,1.78e5,4141775,10.72,,1028,0.000,1821,522,0
2017/3/26,13:18:45,1.77e5,4122603,10.73,,1028,0.000,1789,535,0
2017/3/26,13:19:00,1.72e5,4055704,10.82,,1028,0.000,1782,532,0
2017/3/26,13:19:15,1.71e5,4029829,10.86,,1028,0.000,1790,540,0
2017/3/26,13:19:30,1.68e5,3982914,10.92,,1028,0.000,1779,534,0
2017/3/26,13:19:45,1.65e5,3941194,10.97,,1028,0.000,1845,541,0
2017/3/26,13:20:00,1.61e5,3863330,11.06,,1028,0.000,1823,513,0
2017/3/26,13:20:15,1.57e5,3794620,11.15,,1028,0.000,1807,549,0
2017/3/26,13:20:30,1.58e5,3814650,11.13,,1028,0.000,1793,543,0
2017/3/26,13:20:45,1.57e5,3809989,11.14,,1028,0.000,1807,521,0
2017/3/26,13:21:00,1.54e5,3753121,11.2,,1028,0.000,1820,524,0
2017/3/26,13:21:15,1.46e5,3618281,11.36,,1028,0.000,1835,535,0
2017/3/26,13:21:30,1.43e5,3560214,11.43,,1028,0.000,1848,538,0
2017/3/26,13:21:45,1.43e5,3562293,11.42,,1028,0.000,1829,529,0
2017/3/26,13:22:00,1.45e5,3585042,11.4,,1028,0.000,1829,552,0
2017/3/26,13:22:15,1.49e5,3664924,11.3,,1028,0.000,1823,559,0
2017/3/26,13:22:30,2.32e5,4864809,9.737,,1028,0.000,1711,538,0
2017/3/26,13:22:45,1.82e5,4209695,10.64,,1028,0.000,1750,529,0
2017/3/26,13:23:00,2.30e5,4854676,9.766,,1028,0.000,1699,533,0
2017/3/26,13:23:15,2.56e5,5144361,9.326,,1028,0.000,1666,537,0
2017/3/26,13:23:30,3.57e5,5915089,7.807,,1028,0.000,1564,556,0
2017/3/26,13:23:45,4.77e5,6378648,6.31,,1028,0.000,1447,577,0
2017/3/26,13:24:00,4.52e5,6384639,6.536,,1028,0.000,1481,563,0
2017/3/26,13:24:15,4.28e5,6246218,6.881,,1028,0.000,1516,555,0
2017/3/26,13:24:30,5.04e5,6446045,6.019,,1028,0.000,1461,598,0
2017/3/26,13:24:45,5.77e5,6506889,5.296,,1028,0.000,1409,590,0
2017/3/26,13:25:00,5.54e5,6509563,5.499,,1028,0.000,1419,568,0
2017/3/26,13:25:15,5.63e5,6487398,5.445,,1028,0.000,1441,577,0
2017/3/26,13:25:30,6.23e5,6537552,4.858,,1028,0.000,1402,581,0
2017/3/26,13:25:45,5.59e5,6542148,5.428,,1028,0.000,1437,612,0
2017/3/26,13:26:00,6.47e5,6493672,4.683,,1028,0.000,1402,587,0
2017/3/26,13:26:15,6.13e5,6526209,4.93,,1028,0.000,1451,584,0
2017/3/26,13:26:30,5.72e5,6549001,5.293,,1028,0.000,1416,581,0
2017/3/26,13:26:45,5.86e5,6547747,5.17,,1028,0.000,1467,587,0
2017/3/26,13:27:00,5.96e5,6534325,5.07,,1028,0.000,1407,607,0
2017/3/26,13:27:15,6.33e5,6511842,4.76,,1028,0.000,1396,583,0
2017/3/26,13:27:30,6.05e5,6541222,4.995,,1028,0.000,1430,595,0
2017/3/26,13:27:45,6.70e5,6478218,4.478,,1028,0.000,1397,577,0
2017/3/26,13:28:00,6.79e5,6472386,4.412,,1028,0.000,1406,610,0
2017/3/26,13:28:15,6.87e5,6464948,4.353,,1028,0.000,1381,582,0
2017/3/26,13:28:30,6.47e5,6517550,4.653,,1028,0.000,1396,594,0
2017/3/26,13:28:45,6.73e5,6488097,4.457,,1028,0.000,1422,594,0
2017/3/26,13:29:00,6.96e5,6460985,4.296,,1028,0.000,1352,603,0
2017/3/26,13:29:15,6.46e5,6509402,4.659,,1028,0.000,1435,598,0
2017/3/26,13:29:30,6.52e5,6514465,4.615,,1028,0.000,1435,585,0
2017/3/26,13:29:45,6.50e5,6499667,4.625,,1028,0.000,1396,599,0
2017/3/26,13:30:00,6.53e5,6502234,4.598,,1028,0.000,1407,590,0
2017/3/26,13:30:15,6.71e5,6476183,4.461,,1028,0.000,1386,615,0
2017/3/26,13:30:30,6.73e5,6481996,4.455,,1028,0.000,1384,587,0
2017/3/26,13:30:45,6.55e5,6487089,4.587,,1028,0.000,1362,570,0
2017/3/26,13:31:00,6.39e5,6507555,4.707,,1028,0.000,1402,604,0
2017/3/26,13:31:15,5.94e5,6527119,5.074,,1028,0.000,1440,607,0
2017/3/26,13:31:30,5.89e5,6540142,5.124,,1028,0.000,1450,600,0
2017/3/26,13:31:45,6.24e5,6519163,4.825,,1028,0.000,1411,604,0
2017/3/26,13:32:00,5.83e5,6532860,5.173,,1028,0.000,1416,588,0
2017/3/26,13:32:15,5.96e5,6525387,5.071,,1028,0.000,1433,614,0
2017/3/26,13:32:30,5.94e5,6533277,5.075,,1028,0.000,1419,593,0
2017/3/26,13:32:45,6.09e5,6522016,4.952,,1028,0.000,1437,592,0
2017/3/26,13:33:00,6.00e5,6527260,5.018,,1028,0.000,1422,578,0
2017/3/26,13:33:15,5.77e5,6529455,5.227,,1028,0.000,1430,598,0
2017/3/26,13:33:30,5.97e5,6535523,5.061,,1028,0.000,1436,573,0
2017/3/26,13:33:45,5.55e5,6525989,5.425,,1028,0.000,1457,562,0
2017/3/26,13:34:00,5.59e5,6527796,5.388,,1028,0.000,1450,607,0
2017/3/26,13:34:15,5.45e5,6516451,5.52,,1028,0.000,1456,605,0
2017/3/26,13:34:30,5.40e5,6525547,5.582,,1028,0.000,1445,590,0
2017/3/26,13:34:45,5.33e5,6516270,5.636,,1028,0.000,1455,579,0
2017/3/26,13:35:00,5.23e5,6508188,5.745,,1028,0.000,1444,592,0
2017/3/26,13:35:15,5.33e5,6526898,5.651,,1028,0.000,1441,576,0
2017/3/26,13:35:30,5.29e5,6517586,5.68,,1028,0.000,1440,573,0
2017/3/26,13:35:45,5.10e5,6486882,5.881,,1028,0.000,1446,576,0
2017/3/26,13:36:00,5.13e5,6496472,5.847,,1028,0.000,1466,573,0
2017/3/26,13:36:15,5.22e5,6506837,5.754,,1028,0.000,1430,560,0
2017/3/26,13:36:30,5.00e5,6479806,5.981,,1028,0.000,1485,585,0
2017/3/26,13:36:45,5.00e5,6471259,5.967,,1028,0.000,1485,571,0
2017/3/26,13:37:00,4.78e5,6439396,6.217,,1027,0.000,1457,559,0
2017/3/26,13:37:15,4.68e5,6388399,6.371,,1028,0.000,1446,554,0
2017/3/26,13:37:30,4.83e5,6457349,6.173,,1028,0.000,1407,562,0
2017/3/26,13:37:45,4.74e5,6434344,6.263,,1028,0.000,1470,596,0
2017/3/26,13:38:00,4.59e5,6401068,6.431,,1028,0.000,1439,570,0
2017/3/26,13:38:15,4.54e5,6384837,6.482,,1027,0.000,1489,574,0
2017/3/26,13:38:30,4.44e5,6365105,6.613,,1028,0.000,1533,600,0
2017/3/26,13:38:45,4.34e5,6334823,6.724,,1028,0.000,1499,567,0
2017/3/26,13:39:00,4.28e5,6311131,6.793,,1028,0.000,1458,603,0
2017/3/26,13:39:15,4.28e5,6309723,6.791,,1027,0.000,1483,557,0
2017/3/26,13:39:30,4.20e5,6287329,6.895,,1028,0.000,1529,584,0
2017/3/26,13:39:45,4.31e5,6316863,6.757,,1027,0.000,1486,567,0
2017/3/26,13:40:00,4.14e5,6259693,6.968,,1028,0.000,1506,563,0
2017/3/26,13:40:15,4.03e5,6215616,7.109,,1028,0.000,1489,539,0
2017/3/26,13:40:30,3.97e5,6194163,7.189,,1028,0.000,1546,570,0
2017/3/26,13:40:45,3.90e5,6158533,7.28,,1028,0.000,1547,577,0
2017/3/26,13:41:00,3.90e5,6158950,7.279,,1028,0.000,1473,582,0
2017/3/26,13:41:15,3.86e5,6139885,7.337,,1028,0.000,1524,577,0
2017/3/26,13:41:30,3.81e5,6121383,7.41,,1028,0.000,1514,555,0
2017/3/26,13:41:45,3.75e5,6085894,7.492,,1028,0.000,1508,545,0
2017/3/26,13:42:00,3.75e5,6080441,7.484,,1028,0.000,1560,573,0
2017/3/26,13:42:15,3.68e5,6045433,7.578,,1028,0.000,1568,567,0
2017/3/26,13:42:30,3.64e5,6025392,7.634,,1028,0.000,1523,544,0
2017/3/26,13:42:45,3.69e5,6048317,7.561,,1028,0.000,1573,554,0
2017/3/26,13:43:00,3.53e5,5962263,7.782,,1028,0.000,1563,559,0
2017/3/26,13:43:15,3.59e5,5999359,7.699,,1028,0.000,1523,540,0
2017/3/26,13:43:30,3.49e5,5939678,7.853,,1027,0.000,1561,529,0
2017/3/26,13:43:45,3.41e5,5886674,7.961,,1028,0.000,1579,538,0
2017/3/26,13:44:00,3.43e5,5898302,7.922,,1027,0.000,1573,554,0
2017/3/26,13:44:15,3.40e5,5884042,7.972,,1028,0.000,1540,572,0
2017/3/26,13:44:30,3.30e5,5814222,8.126,,1028,0.000,1584,545,0
2017/3/26,13:44:45,3.26e5,5783571,8.178,,1028,0.000,1572,566,0
2017/3/26,13:45:00,3.20e5,5738268,8.266,,1028,0.000,1618,552,0
2017/3/26,13:45:15,3.24e5,5769282,8.206,,1027,0.000,1540,527,0
2017/3/26,13:45:30,3.15e5,5703517,8.355,,1028,0.000,1560,554,0
2017/3/26,13:45:45,3.11e5,5669582,8.413,,1027,0.000,1541,546,0
2017/3/26,13:46:00,3.11e5,5670219,8.411,,1027,0.000,1556,549,0
2017/3/26,13:46:15,2.98e5,5566008,8.597,,1027,0.000,1577,556,0
2017/3/26,13:46:30,3.05e5,5626257,8.499,,1027,0.000,1596,570,0
2017/3/26,13:46:45,2.97e5,5550356,8.621,,1027,0.000,1585,570,0
2017/3/26,13:47:00,2.92e5,5510701,8.704,,1027,0.000,1608,561,0
2017/3/26,13:47:15,2.84e5,5444269,8.825,,1028,0.000,1641,540,0
2017/3/26,13:47:30,2.90e5,5495559,8.733,,1027,0.000,1599,535,0
2017/3/26,13:47:45,2.86e5,5458290,8.795,,1028,0.000,1611,548,0
2017/3/26,13:48:00,2.88e5,5478986,8.76,,1027,0.000,1611,526,0
2017/3/26,13:48:15,2.80e5,5401149,8.889,,1027,0.000,1611,557,0
2017/3/26,13:48:30,2.75e5,5360665,8.971,,1028,0.000,1610,549,0
2017/3/26,13:48:45,2.67e5,5273633,9.105,,1027,0.000,1633,537,0
2017/3/26,13:49:00,2.76e5,5365502,8.952,,1027,0.000,1636,524,0
2017/3/26,13:49:15,2.69e5,5293263,9.08,,1027,0.000,1643,550,0
2017/3/26,13:49:30,2.60e5,5206957,9.227,,1028,0.000,1652,541,0
2017/3/26,13:49:45,2.53e5,5135031,9.337,,1027,0.000,1661,510,0
2017/3/26,13:50:00,2.50e5,5099439,9.391,,1027,0.000,1699,534,0
2017/3/26,13:50:15,2.54e5,5148277,9.323,,1027,0.000,1638,539,0
2017/3/26,13:50:30,2.51e5,5111357,9.38,,1027,0.000,1657,548,0
2017/3/26,13:50:45,2.43e5,5024553,9.506,,1028,0.000,1677,502,0
2017/3/26,13:51:00,2.41e5,4993746,9.549,,1027,0.000,1658,544,0
2017/3/26,13:51:15,2.40e5,4982704,9.571,,1027,0.000,1687,517,0
2017/3/26,13:51:30,2.54e5,5125392,9.355,,1028,0.000,1639,511,0
2017/3/26,13:51:45,2.32e5,4889100,9.724,,1027,0.000,1700,539,0
2017/3/26,13:52:00,2.22e5,4771402,9.885,,1027,0.000,1730,518,0
2017/3/26,13:52:15,2.25e5,4812550,9.833,,1027,0.000,1726,528,0
2017/3/26,13:52:30,2.33e5,4908880,9.695,,1027,0.000,1730,501,0
2017/3/26,13:52:45,3.07e5,5555974,8.537,,1027,0.000,1582,561,0
2017/3/26,13:53:00,2.73e5,5324991,9.05,,1027,0.000,1578,555,0
2017/3/26,13:53:15,2.97e5,5562013,8.644,,1027,0.000,1604,549,0
2017/3/26,13:53:30,3.06e5,5634008,8.507,,1027,0.000,1608,539,0
2017/3/26,13:53:45,3.20e5,5750356,8.282,,1027,0.000,1585,535,0
2017/3/26,13:54:00,3.66e5,6011407,7.64,,1027,0.000,1552,565,0
2017/3/26,13:54:15,3.30e5,5818047,8.134,,1027,0.000,1553,556,0
2017/3/26,13:54:30,3.81e5,6063618,7.471,,1027,0.000,1523,552,0
2017/3/26,13:54:45,3.71e5,6052201,7.564,,1027,0.000,1497,544,0
2017/3/26,13:55:00,3.35e5,5853432,8.064,,1027,0.000,1517,544,0
2017/3/26,13:55:15,3.46e5,5924997,7.902,,1027,0.000,1542,539,0
2017/3/26,13:55:30,3.84e5,6122661,7.393,,1027,0.000,1535,582,0
2017/3/26,13:55:45,3.58e5,5979271,7.745,,1027,0.000,1511,561,0
2017/3/26,13:56:00,3.89e5,6145815,7.312,,1027,0.000,1539,544,0
2017/3/26,13:56:15,3.75e5,6075976,7.497,,1027,0.000,1575,584,0
2017/3/26,13:56:30,3.78e5,6090617,7.468,,1027,0.000,1531,549,0
2017/3/26,13:56:45,3.44e5,5911014,7.928,,1027,0.000,1529,556,0
2017/3/26,13:57:00,3.80e5,6088458,7.45,,1027,0.000,1562,557,0
2017/3/26,13:57:15,3.42e5,5903373,7.955,,1027,0.000,1553,534,0
2017/3/26,13:57:30,3.38e5,5882379,8.011,,1027,0.000,1563,570,0
2017/3/26,13:57:45,3.30e5,5817889,8.137,,1027,0.000,1553,531,0
2017/3/26,13:58:00,3.20e5,5747816,8.283,,1027,0.000,1586,533,0
2017/3/26,13:58:15,3.28e5,5792923,8.17,,1027,0.000,1572,526,0
2017/3/26,13:58:30,3.34e5,5842399,8.091,,1027,0.000,1573,543,0
2017/3/26,13:58:45,3.01e5,5596640,8.582,,1027,0.000,1564,548,0
2017/3/26,13:59:00,2.99e5,5579326,8.599,,1027,0.000,1558,538,0
2017/3/26,13:59:15,3.07e5,5636533,8.488,,1027,0.000,1616,541,0
2017/3/26,13:59:30,4.13e5,6133163,7.104,,1027,0.000,1527,552,0
2017/3/26,13:59:45,3.34e5,5841360,8.079,,1027,0.000,1563,560,0
2017/3/26,14:00:00,3.20e5,5747781,8.284,,1027,0.000,1595,539,0
2017/3/26,14:00:15,3.10e5,5673685,8.432,,1027,0.000,1583,540,0
2017/3/26,14:00:30,3.07e5,5649067,8.489,,1027,0.000,1575,559,0
2017/3/26,14:00:45,3.05e5,5629374,8.509,,1027,0.000,1549,540,0
2017/3/26,14:01:00,2.92e5,5518941,8.708,,1027,0.000,1607,513,0
2017/3/26,14:01:15,2.94e5,5535217,8.694,,1027,0.000,1601,549,0
2017/3/26,14:01:30,2.83e5,5444078,8.864,,1027,0.000,1650,539,0
2017/3/26,14:01:45,3.00e5,5588843,8.603,,1027,0.000,1612,516,0
2017/3/26,14:02:00,2.99e5,5579871,8.595,,1027,0.000,1590,545,0
2017/3/26,14:02:15,2.85e5,5462581,8.82,,1027,0.000,1616,563,0
2017/3/26,14:02:30,3.40e5,5790466,8.068,,1027,0.000,1601,537,0
2017/3/26,14:02:45,2.94e5,5536028,8.693,,1027,0.000,1591,540,0
2017/3/26,14:03:00,2.90e5,5499576,8.753,,1027,0.000,1606,522,0
2017/3/26,14:03:15,2.78e5,5399194,8.934,,1027,0.000,1622,524,0
2017/3/26,14:03:30,3.08e5,5637930,8.487,,1027,0.000,1595,534,0
2017/3/26,14:03:45,3.76e5,5946505,7.599,,1027,0.000,1551,550,0
2017/3/26,14:04:00,3.77e5,5967164,7.579,,1027,0.000,1541,565,0
2017/3/26,14:04:15,2.98e5,5552501,8.641,,1027,0.000,1580,535,0
2017/3/26,14:04:30,3.51e5,5932121,7.871,,1027,0.000,1545,545,0
2017/3/26,14:04:45,2.87e5,5476673,8.804,,1027,0.000,1612,531,0
2017/3/26,14:05:00,2.92e5,5521079,8.727,,1027,0.000,1566,544,0
2017/3/26,14:05:15,2.84e5,5451917,8.855,,1027,0.000,1625,521,0
2017/3/26,14:05:30,2.88e5,5478945,8.791,,1027,0.000,1614,517,0
2017/3/26,14:05:45,2.68e5,5302123,9.11,,1027,0.000,1623,509,0
2017/3/26,14:06:00,2.61e5,5225521,9.241,,1027,0.000,1678,541,0
2017/3/26,14:06:15,2.63e5,5245381,9.201,,1027,0.000,1646,524,0
2017/3/26,14:06:30,2.60e5,5226700,9.244,,1027,0.000,1627,515,0
2017/3/26,14:06:45,2.60e5,5215054,9.242,,1027,0.000,1655,498,0
2017/3/26,14:07:00,2.55e5,5167706,9.325,,1027,0.000,1647,538,0
2017/3/26,14:07:15,2.47e5,5070584,9.472,,1027,0.000,1647,533,0
2017/3/26,14:07:30,2.39e5,4981690,9.617,,1027,0.000,1647,528,0
2017/3/26,14:07:45,2.36e5,4948297,9.669,,1027,0.000,1655,523,0
2017/3/26,14:08:00,2.37e5,4945701,9.655,,1027,0.000,1634,506,0
2017/3/26,14:08:15,2.68e5,5272564,9.134,,1027,0.000,1638,513,0
2017/3/26,14:08:30,2.64e5,5229471,9.207,,1027,0.000,1649,545,0
2017/3/26,14:08:45,2.23e5,4782547,9.902,,1027,0.000,1682,545,0
2017/3/26,14:09:00,2.34e5,4929383,9.7,,1027,0.000,1658,524,0
2017/3/26,14:09:15,2.40e5,4994677,9.6,,1027,0.000,1701,517,0
2017/3/26,14:09:30,2.44e5,5043722,9.536,,1027,0.000,1688,512,0
2017/3/26,14:09:45,2.37e5,4965777,9.644,,1027,0.000,1683,540,0
2017/3/26,14:10:00,2.30e5,4876850,9.777,,1027,0.000,1722,521,0
2017/3/26,14:10:15,2.38e5,4960213,9.637,,1027,0.000,1700,540,0
2017/3/26,14:10:30,2.31e5,4895651,9.751,,1027,0.000,1723,512,0
2017/3/26,14:10:45,2.53e5,5130596,9.378,,1027,0.000,1666,551,0
2017/3/26,14:11:00,2.28e5,4859262,9.804,,1027,0.000,1706,518,0
2017/3/26,14:11:15,2.58e5,5194499,9.295,,1027,0.000,1651,526,0
2017/3/26,14:11:30,3.32e5,5768597,8.184,,1027,0.000,1564,535,0
2017/3/26,14:11:45,2.69e5,5290795,9.129,,1027,0.000,1627,529,0
2017/3/26,14:12:00,2.52e5,5134511,9.392,,1027,0.000,1639,490,0
2017/3/26,14:12:15,2.57e5,5192778,9.307,,1027,0.000,1669,534,0
2017/3/26,14:12:30,2.60e5,5227229,9.259,,1027,0.000,1663,500,0
2017/3/26,14:12:45,2.62e5,5240965,9.227,,1027,0.000,1652,552,0
2017/3/26,14:13:00,2.60e5,5220357,9.264,,1027,0.000,1604,513,0
2017/3/26,14:13:15,2.61e5,5236284,9.245,,1027,0.000,1634,531,0
2017/3/26,14:13:30,3.19e5,5628168,8.408,,1027,0.000,1563,532,0
2017/3/26,14:13:45,3.68e5,6031057,7.636,,1027,0.000,1505,556,0
2017/3/26,14:14:00,3.04e5,5639551,8.545,,1027,0.000,1558,540,0
2017/3/26,14:14:15,2.97e5,5578568,8.66,,1027,0.000,1567,527,0
2017/3/26,14:14:30,3.15e5,5719172,8.393,,1027,0.000,1593,534,0
2017/3/26,14:14:45,4.01e5,6178695,7.212,,1027,0.000,1505,565,0
2017/3/26,14:15:00,3.46e5,5935864,7.924,,1027,0.000,1546,556,0
2017/3/26,14:15:15,3.47e5,5940514,7.914,,1027,0.000,1527,523,0
2017/3/26,14:15:30,3.39e5,5900533,8.017,,1027,0.000,1578,532,0
2017/3/26,14:15:45,3.42e5,5919299,7.973,,1027,0.000,1551,538,0
2017/3/26,14:16:00,3.42e5,5922234,7.971,,1027,0.000,1558,552,0
2017/3/26,14:16:15,3.48e5,5947924,7.887,,1027,0.000,1573,556,0
2017/3/26,14:16:30,3.37e5,5880606,8.053,,1027,0.000,1601,565,0
2017/3/26,14:16:45,3.48e5,5955243,7.881,,1027,0.000,1555,548,0
2017/3/26,14:17:00,3.44e5,5931544,7.953,,1027,0.000,1558,550,0
2017/3/26,14:17:15,3.84e5,6027397,7.487,,1027,0.000,1508,534,0
2017/3/26,14:17:30,3.94e5,6120687,7.319,,1027,0.000,1519,526,0
2017/3/26,14:17:45,3.52e5,5970750,7.83,,1027,0.000,1557,556,0
2017/3/26,14:18:00,3.35e5,5871125,8.067,,1027,0.000,1562,565,0
2017/3/26,14:18:15,3.60e5,6014602,7.716,,1027,0.000,1534,531,0
2017/3/26,14:18:30,3.56e5,5985384,7.799,,1027,0.000,1528,556,0
2017/3/26,14:18:45,3.31e5,5842580,8.132,,1027,0.000,1594,551,0
2017/3/26,14:19:00,3.40e5,5879103,8.018,,1027,0.000,1534,540,0
2017/3/26,14:19:15,3.50e5,5935852,7.872,,1027,0.000,1551,545,0
2017/3/26,14:19:30,3.49e5,5957586,7.876,,1027,0.000,1541,565,0
2017/3/26,14:19:45,4.16e5,6254279,7.0,,1027,0.000,1508,546,0
2017/3/26,14:20:00,3.93e5,6168657,7.276,,1027,0.000,1502,538,0
2017/3/26,14:20:15,3.66e5,6048093,7.65,,1027,0.000,1560,540,0
2017/3/26,14:20:30,3.68e5,6055584,7.614,,1027,0.000,1538,579,0
2017/3/26,14:20:45,3.52e5,5952782,7.836,,1027,0.000,1569,551,0
2017/3/26,14:21:00,3.33e5,5846662,8.097,,1027,0.000,1555,554,0
2017/3/26,14:21:15,3.24e5,5790801,8.231,,1027,0.000,1578,549,0
2017/3/26,14:21:30,3.28e5,5818551,8.177,,1027,0.000,1546,529,0
2017/3/26,14:21:45,3.36e5,5853013,8.068,,1027,0.000,1550,561,0
2017/3/26,14:22:00,3.74e5,6020348,7.575,,1027,0.000,1566,554,0
2017/3/26,14:22:15,3.27e5,5806470,8.188,,1027,0.000,1621,537,0
2017/3/26,14:22:30,3.64e5,6012263,7.68,,1027,0.000,1500,523,0
2017/3/26,14:22:45,3.52e5,5945228,7.833,,1027,0.000,1552,567,0
2017/3/26,14:23:00,3.31e5,5818692,8.129,,1027,0.000,1577,546,0
2017/3/26,14:23:15,3.15e5,5714439,8.364,,1027,0.000,1568,529,0
2017/3/26,14:23:30,3.08e5,5665698,8.472,,1027,0.000,1556,560,0
2017/3/26,14:23:45,3.02e5,5612726,8.557,,1027,0.000,1571,524,0
2017/3/26,14:24:00,3.17e5,5687292,8.354,,1027,0.000,1588,570,0
2017/3/26,14:24:15,2.82e5,5441084,8.876,,1027,0.000,1614,537,0
2017/3/26,14:24:30,2.79e5,5408264,8.932,,1027,0.000,1579,504,0
2017/3/26,14:24:45,2.63e5,5234039,9.216,,1027,0.000,1624,541,0
2017/3/26,14:25:00,2.81e5,5420836,8.901,,1027,0.000,1595,545,0
2017/3/26,14:25:15,2.95e5,5497721,8.719,,1027,0.000,1604,546,0
2017/3/26,14:25:30,2.60e5,5200814,9.263,,1027,0.000,1646,518,0
2017/3/26,14:25:45,2.81e5,5400364,8.926,,1027,0.000,1636,544,0
2017/3/26,14:26:00,2.55e5,5165631,9.318,,1027,0.000,1662,551,0
2017/3/26,14:26:15,2.69e5,5285118,9.109,,1027,0.000,1616,532,0
2017/3/26,14:26:30,2.54e5,5149026,9.352,,1027,0.000,1645,522,0
2017/3/26,14:26:45,2.68e5,5294098,9.119,,1027,0.000,1634,513,0
2017/3/26,14:27:00,2.74e5,5337869,9.023,,1027,0.000,1605,537,0
2017/3/26,14:27:15,2.53e5,5134334,9.373,,1027,0.000,1657,541,0
2017/3/26,14:27:30,2.66e5,5247545,9.169,,1027,0.000,1644,541,0
2017/3/26,14:27:45,2.48e5,5088930,9.442,,1027,0.000,1632,507,0
2017/3/26,14:28:00,2.45e5,5049703,9.509,,1027,0.000,1646,524,0
2017/3/26,14:28:15,2.50e5,5086896,9.427,,1027,0.000,1677,513,0
2017/3/26,14:28:30,2.35e5,4941694,9.672,,1027,0.000,1707,532,0
2017/3/26,14:28:45,2.30e5,4875982,9.772,,1027,0.000,1699,541,0
2017/3/26,14:29:00,2.34e5,4924140,9.696,,1027,0.000,1662,510,0
2017/3/26,14:29:15,2.42e5,5013775,9.552,,1027,0.000,1678,505,0
2017/3/26,14:29:30,2.23e5,4784968,9.902,,1027,0.000,1694,533,0
2017/3/26,14:29:45,2.19e5,4740387,9.961,,1027,0.000,1711,534,0
2017/3/26,14:30:00,2.21e5,4758256,9.937,,1027,0.000,1711,533,0
2017/3/26,14:30:15,2.16e5,4690941,10.03,,1027,0.000,1693,493,0
2017/3/26,14:30:30,2.11e5,4629796,10.12,,1027,0.000,1716,500,0
2017/3/26,14:30:45,2.26e5,4809313,9.859,,1027,0.000,1676,515,0
2017/3/26,14:31:00,2.10e5,4616929,10.13,,1027,0.000,1689,507,0
2017/3/26,14:31:15,2.56e5,5131525,9.339,,1027,0.000,1658,524,0
2017/3/26,14:31:30,2.32e5,4879395,9.745,,1027,0.000,1693,522,0
2017/3/26,14:31:45,2.16e5,4700744,10.01,,1027,0.000,1734,522,0
2017/3/26,14:32:00,2.32e5,4888919,9.745,,1027,0.000,1694,510,0
2017/3/26,14:32:15,2.74e5,5333986,9.034,,1027,0.000,1640,511,0
2017/3/26,14:32:30,2.15e5,4682587,10.04,,1027,0.000,1723,496,0
2017/3/26,14:32:45,2.16e5,4698646,10.02,,1027,0.000,1746,522,0
2017/3/26,14:33:00,2.19e5,4741197,9.971,,1027,0.000,1704,472,0
2017/3/26,14:33:15,2.16e5,4690352,10.03,,1027,0.000,1723,512,0
2017/3/26,14:33:30,2.17e5,4710686,10.01,,1027,0.000,1706,507,0
2017/3/26,14:33:45,2.07e5,4583055,10.19,,1027,0.000,1734,498,0
2017/3/26,14:34:00,2.07e5,4574548,10.19,,1027,0.000,1757,495,0
2017/3/26,14:34:15,2.39e5,4938997,9.646,,1027,0.000,1667,501,0
2017/3/26,14:34:30,2.03e5,4534154,10.26,,1027,0.000,1704,507,0
2017/3/26,14:34:45,2.13e5,4639846,10.1,,1027,0.000,1711,512,0
2017/3/26,14:35:00,2.18e5,4721501,9.998,,1027,0.000,1713,507,0
2017/3/26,14:35:15,2.02e5,4518079,10.28,,1027,0.000,1735,513,0
2017/3/26,14:35:30,2.08e5,4598321,10.18,,1027,0.000,1755,524,0
2017/3/26,14:35:45,2.17e5,4711033,10.01,,1027,0.000,1715,511,0
2017/3/26,14:36:00,2.06e5,4560695,10.22,,1027,0.000,1733,529,0
2017/3/26,14:36:15,1.97e5,4435859,10.38,,1027,0.000,1748,488,0
2017/3/26,14:36:30,2.08e5,4592793,10.18,,1027,0.000,1732,520,0
2017/3/26,14:36:45,2.02e5,4508062,10.29,,1027,0.000,1740,499,0
2017/3/26,14:37:00,1.94e5,4392026,10.45,,1027,0.000,1787,516,0
2017/3/26,14:37:15,1.92e5,4366766,10.48,,1027,0.000,1739,498,0
2017/3/26,14:37:30,1.97e5,4446090,10.38,,1027,0.000,1726,488,0
2017/3/26,14:37:45,1.90e5,4337681,10.51,,1027,0.000,1781,528,0
2017/3/26,14:38:00,1.99e5,4455660,10.35,,1027,0.000,1737,517,0
2017/3/26,14:38:15,1.88e5,4312966,10.55,,1028,0.000,1746,521,0
2017/3/26,14:38:30,1.92e5,4367417,10.48,,1027,0.000,1757,513,0
2017/3/26,14:38:45,1.85e5,4267146,10.61,,1027,0.000,1772,502,0
2017/3/26,14:39:00,1.79e5,4174017,10.73,,1027,0.000,1823,485,0
2017/3/26,14:39:15,1.88e5,4288353,10.56,,1027,0.000,1765,521,0
2017/3/26,14:39:30,1.75e5,4109744,10.81,,1027,0.000,1778,496,0
2017/3/26,14:39:45,1.68e5,4000399,10.94,,1027,0.000,1796,494,0
2017/3/26,14:40:00,1.66e5,3971860,10.98,,1027,0.000,1784,471,0
2017/3/26,14:40:15,1.66e5,3972444,10.98,,1027,0.000,1807,477,0
2017/3/26,14:40:30,1.83e5,4200218,10.69,,1027,0.000,1750,495,0
2017/3/26,14:40:45,1.60e5,3874391,11.1,,1027,0.000,1842,474,0
2017/3/26,14:41:00,1.59e5,3853307,11.12,,1027,0.000,1828,473,0
2017/3/26,14:41:15,1.58e5,3838475,11.14,,1027,0.000,1842,499,0
2017/3/26,14:41:30,1.55e5,3773147,11.23,,1028,0.000,1861,478,0
2017/3/26,14:41:45,1.50e5,3700306,11.31,,1027,0.000,1827,498,0
2017/3/26,14:42:00,1.48e5,3646977,11.36,,1028,0.000,1840,505,0
2017/3/26,14:42:15,1.44e5,3584267,11.44,,1027,0.000,1872,482,0
2017/3/26,14:42:30,1.39e5,3500725,11.54,,1027,0.000,1868,477,0
2017/3/26,14:42:45,1.42e5,3548127,11.48,,1027,0.000,1877,463,0
2017/3/26,14:43:00,1.33e5,3376256,11.68,,1027,0.000,1904,468,0
2017/3/26,14:43:15,1.44e5,3566057,11.46,,1027,0.000,1868,463,0
2017/3/26,14:43:30,1.30e5,3329995,11.73,,1027,0.000,1912,476,0
2017/3/26,14:43:45,1.27e5,3269268,11.81,,1027,0.000,1889,452,0
2017/3/26,14:44:00,1.27e5,3271887,11.8,,1028,0.000,1922,439,0
2017/3/26,14:44:15,1.27e5,3257654,11.82,,1027,0.000,1900,445,0
2017/3/26,14:44:30,1.22e5,3170791,11.92,,1027,0.000,1906,462,0
2017/3/26,14:44:45,1.25e5,3216202,11.87,,1027,0.000,1936,452,0
2017/3/26,14:45:00,1.23e5,3179086,11.91,,1027,0.000,1875,473,0
2017/3/26,14:45:15,1.23e5,3179732,11.91,,1028,0.000,1904,472,0
2017/3/26,14:45:30,1.30e5,3303927,11.77,,1027,0.000,1917,473,0
2017/3/26,14:45:45,1.20e5,3131523,11.96,,1027,0.000,1914,444,0
2017/3/26,14:46:00,1.19e5,3105805,11.99,,1027,0.000,1929,452,0
2017/3/26,14:46:15,1.17e5,3071795,12.03,,1027,0.000,1907,456,0
2017/3/26,14:46:30,1.16e5,3047618,12.06,,1027,0.000,1955,430,0
2017/3/26,14:46:45,1.17e5,3057782,12.04,,1027,0.000,1927,471,0
2017/3/26,14:47:00,1.12e5,2953456,12.16,,1027,0.000,1970,434,0
2017/3/26,14:47:15,1.14e5,3006777,12.1,,1027,0.000,1970,444,0
2017/3/26,14:47:30,1.15e5,3031738,12.08,,1027,0.000,1933,447,0
2017/3/26,14:47:45,1.10e5,2924789,12.19,,1027,0.000,1931,460,0
2017/3/26,14:48:00,1.14e5,3000253,12.11,,1027,0.000,1937,457,0
2017/3/26,14:48:15,1.13e5,2987122,12.12,,1027,0.000,1966,456,0
2017/3/26,14:48:30,1.10e5,2913545,12.2,,1027,0.000,1951,452,0
2017/3/26,14:48:45,1.13e5,2972612,12.14,,1027,0.000,1979,423,0
2017/3/26,14:49:00,1.16e5,3036927,12.07,,1027,0.000,1947,429,0
2017/3/26,14:49:15,1.19e5,3104770,11.99,,1027,0.000,1933,451,0
2017/3/26,14:49:30,1.07e5,2854860,12.27,,1027,0.000,1962,433,0
2017/3/26,14:49:45,1.10e5,2923843,12.19,,1027,0.000,1965,456,0
2017/3/26,14:50:00,1.09e5,2889482,12.23,,1027,0.000,1956,444,0
2017/3/26,14:50:15,1.04e5,2796452,12.33,,1027,0.000,1999,444,0
2017/3/26,14:50:30,1.14e5,3004393,12.11,,1027,0.000,1922,427,0
2017/3/26,14:50:45,1.06e5,2827878,12.3,,1027,0.000,1939,424,0
2017/3/26,14:51:00,1.08e5,2887140,12.23,,1027,0.000,1944,462,0
2017/3/26,14:51:15,1.13e5,2980440,12.13,,1027,0.000,1968,434,0
2017/3/26,14:51:30,1.45e5,3554268,11.47,,1027,0.000,1883,465,0
2017/3/26,14:51:45,1.13e5,2989752,12.12,,1027,0.000,1951,441,0
2017/3/26,14:52:00,1.14e5,3001338,12.11,,1027,0.000,1961,445,0
2017/3/26,14:52:15,1.22e5,3165130,11.94,,1027,0.000,1905,441,0
2017/3/26,14:52:30,1.25e5,3229494,11.87,,1027,0.000,1922,454,0
2017/3/26,14:52:45,1.22e5,3155277,11.95,,1027,0.000,1922,447,0
2017/3/26,14:53:00,1.15e5,3024940,12.09,,1027,0.000,1937,435,0
2017/3/26,14:53:15,1.15e5,3035396,12.08,,1027,0.000,1906,426,0
2017/3/26,14:53:30,1.14e5,3006646,12.11,,1027,0.000,1955,441,0
2017/3/26,14:53:45,1.10e5,2927778,12.19,,1027,0.000,1950,423,0
2017/3/26,14:54:00,1.13e5,2974533,12.15,,1027,0.000,1943,437,0
2017/3/26,14:54:15,1.11e5,2943884,12.18,,1027,0.000,1966,439,0
2017/3/26,14:54:30,1.11e5,2933583,12.19,,1027,0.000,1961,421,0
2017/3/26,14:54:45,1.12e5,2957532,12.16,,1027,0.000,1949,413,0
2017/3/26,14:55:00,1.10e5,2918135,12.21,,1027,0.000,1972,421,0
2017/3/26,14:55:15,1.08e5,2883766,12.24,,1027,0.000,1962,429,0
2017/3/26,14:55:30,1.05e5,2817973,12.31,,1027,0.000,1964,429,0
2017/3/26,14:55:45,1.06e5,2836251,12.29,,1027,0.000,1966,416,0
2017/3/26,14:56:00,1.04e5,2789508,12.34,,1027,0.000,1997,417,0
2017/3/26,14:56:15,1.01e5,2723437,12.41,,1027,0.000,1988,424,0
2017/3/26,14:56:30,9.86e4,2662712,12.47,,1027,0.000,1988,447,0
2017/3/26,14:56:45,9.82e4,2658240,12.48,,1027,0.000,1983,416,0
2017/3/26,14:57:00,9.76e4,2643306,12.49,,1027,0.000,2023,405,0
2017/3/26,14:57:15,9.63e4,2613910,12.52,,1027,0.000,1988,412,0
2017/3/26,14:57:30,9.49e4,2582923,12.55,,1027,0.000,2020,418,0
2017/3/26,14:57:45,9.58e4,2603306,12.53,,1027,0.000,1994,438,0
2017/3/26,14:58:00,9.27e4,2535557,12.61,,1027,0.000,2016,402,0
2017/3/26,14:58:15,9.17e4,2512097,12.63,,1027,0.000,2036,411,0
2017/3/26,14:58:30,9.15e4,2507817,12.63,,1027,0.000,2003,419,0
2017/3/26,14:58:45,9.05e4,2485439,12.66,,1027,0.000,2043,383,0
2017/3/26,14:59:00,1.07e5,2858044,12.27,,1027,0.000,1987,422,0
2017/3/26,14:59:15,9.51e4,2589503,12.55,,1027,0.000,2011,400,0
2017/3/26,14:59:30,9.54e4,2596615,12.55,,1027,0.000,2003,411,0
2017/3/26,14:59:45,9.30e4,2541078,12.6,,1027,0.000,2023,411,0
2017/3/26,15:00:00,9.35e4,2551312,12.59,,1027,0.000,1975,418,0
2017/3/26,15:00:15,9.30e4,2542083,12.6,,1027,0.000,2011,430,0
2017/3/26,15:00:30,9.08e4,2490589,12.65,,1027,0.000,2015,413,0
2017/3/26,15:00:45,9.01e4,2475479,12.67,,1027,0.000,2049,419,0
2017/3/26,15:01:00,8.96e4,2464876,12.68,,1027,0.000,2008,413,0
2017/3/26,15:01:15,9.15e4,2506754,12.64,,1027,0.000,2044,406,0
2017/3/26,15:01:30,8.83e4,2434962,12.71,,1027,0.000,2028,407,0
2017/3/26,15:01:45,8.56e4,2370213,12.77,,1027,0.000,2020,421,0
2017/3/26,15:02:00,8.32e4,2314516,12.83,,1027,0.000,2025,417,0
2017/3/26,15:02:15,8.29e4,2309003,12.83,,1027,0.000,2041,410,0
2017/3/26,15:02:30,8.27e4,2303376,12.84,,1027,0.000,2038,415,0
2017/3/26,15:02:45,7.98e4,2234612,12.91,,1027,0.000,2075,401,0
2017/3/26,15:03:00,7.86e4,2205120,12.94,,1027,0.000,2049,408,0
2017/3/26,15:03:15,7.74e4,2177542,12.97,,1027,0.000,2066,429,0
2017/3/26,15:03:30,7.65e4,2154791,12.99,,1027,0.000,2099,378,0
2017/3/26,15:03:45,7.61e4,2144484,13.0,,1027,0.000,2075,400,0
2017/3/26,15:04:00,7.53e4,2125406,13.02,,1027,0.000,2082,415,0
2017/3/26,15:04:15,7.75e4,2175989,12.97,,1027,0.000,2060,416,0
2017/3/26,15:04:30,7.01e4,1998187,13.14,,1027,0.000,2098,389,0
2017/3/26,15:04:45,7.15e4,2033429,13.11,,1027,0.000,2093,413,0
2017/3/26,15:05:00,7.45e4,2105319,13.04,,1027,0.000,2065,399,0
2017/3/26,15:05:15,8.38e4,2325578,12.82,,1027,0.000,2066,406,0
2017/3/26,15:05:30,7.53e4,2125017,13.02,,1027,0.000,2099,388,0
2017/3/26,15:05:45,7.56e4,2132473,13.01,,1027,0.000,2098,384,0
2017/3/26,15:06:00,8.15e4,2276176,12.87,,1027,0.000,2064,393,0
2017/3/26,15:06:15,8.24e4,2298352,12.85,,1027,0.000,2027,413,0
2017/3/26,15:06:30,8.34e4,2320814,12.83,,1027,0.000,2066,399,0
2017/3/26,15:06:45,8.38e4,2331004,12.82,,1027,0.000,2039,380,0
2017/3/26,15:07:00,8.82e4,2431915,12.72,,1027,0.000,2027,393,0
