TSI CPC DATA VERSION 3
1490362412,2017/3/24,13:33:32
15
1.08,130
Model 3783 Ver 1.27 S/N 3783111302
"Date","Time","Concentration","Count"," Live-Time","Blank","Abs Press"," Analog In","Pulse Height"," Pulse STD","Status Flags"
2017/3/24,13:33:30,2.49e3,80964,14.91,,1019,0.000,2562,493,0
2017/3/24,13:33:45,2.52e3,82159,14.91,,1019,0.000,2561,460,0
2017/3/24,13:34:00,2.41e3,78564,14.92,,1019,0.000,2569,446,0
2017/3/24,13:34:15,2.34e3,76199,14.92,,1019,0.000,2532,490,0
2017/3/24,13:34:30,2.40e3,78014,14.92,,1019,0.000,2579,466,0
2017/3/24,13:34:45,2.35e3,76471,14.92,,1018,0.000,2572,454,0
2017/3/24,13:35:00,2.33e3,75848,14.92,,1019,0.000,2590,430,0
2017/3/24,13:35:15,2.32e3,75719,14.92,,1019,0.000,2581,446,0
2017/3/24,13:35:30,2.31e3,75275,14.92,,1018,0.000,2548,471,0
2017/3/24,13:35:45,2.29e3,74744,14.92,,1018,0.000,2562,462,0
2017/3/24,13:36:00,2.29e3,74522,14.92,,1019,0.000,2587,462,0
2017/3/24,13:36:15,2.62e3,85175,14.91,,1018,0.000,2612,394,0
2017/3/24,13:36:30,2.45e3,79845,14.92,,1018,0.000,2580,439,0
2017/3/24,13:36:45,2.30e3,74812,14.92,,1018,0.000,2612,422,0
2017/3/24,13:37:00,2.32e3,75533,14.92,,1018,0.000,2583,452,0
2017/3/24,13:37:15,2.55e3,82873,14.91,,1018,0.000,2559,477,0
2017/3/24,13:37:30,2.53e3,82249,14.91,,1018,0.000,2578,451,0
2017/3/24,13:37:45,2.60e3,84569,14.91,,1018,0.000,2570,467,0
2017/3/24,13:38:00,2.52e3,81908,14.91,,1018,0.000,2562,467,0
2017/3/24,13:38:15,2.53e3,82228,14.91,,1018,0.000,2570,457,0
2017/3/24,13:38:30,2.52e3,82012,14.91,,1018,0.000,2553,479,0
2017/3/24,13:38:45,2.57e3,83796,14.91,,1018,0.000,2554,440,0
2017/3/24,13:39:00,2.61e3,84945,14.91,,1018,0.000,2545,505,0
2017/3/24,13:39:15,3.83e3,123480,14.87,,1018,0.000,2578,441,0
2017/3/24,13:39:30,4.03e3,130427,14.86,,1018,0.000,2602,386,0
2017/3/24,13:39:45,1.03e4,327790,14.67,,1018,0.000,2513,438,0
2017/3/24,13:40:00,9.79e3,311988,14.69,,1018,0.000,2537,401,0
2017/3/24,13:40:15,1.26e4,399922,14.61,,1018,0.000,2512,386,0
2017/3/24,13:40:30,1.12e4,355836,14.65,,1018,0.000,2545,389,0
2017/3/24,13:40:45,1.36e4,431769,14.58,,1018,0.000,2500,408,0
2017/3/24,13:41:00,1.82e4,571257,14.45,,1018,0.000,2495,377,0
2017/3/24,13:41:15,1.92e4,601327,14.42,,1018,0.000,2456,385,0
2017/3/24,13:41:30,2.20e4,685012,14.34,,1018,0.000,2418,419,0
2017/3/24,13:41:45,2.43e4,752288,14.28,,1018,0.000,2413,384,0
2017/3/24,13:42:00,3.08e4,941333,14.11,,1018,0.000,2318,422,0
2017/3/24,13:42:15,3.49e4,1058602,14.0,,1018,0.000,2307,391,0
2017/3/24,13:42:30,3.99e4,1201879,13.87,,1018,0.000,2249,375,0
2017/3/24,13:42:45,3.97e4,1196127,13.88,,1018,0.000,2243,371,0
2017/3/24,13:43:00,3.95e4,1190465,13.88,,1018,0.000,2238,410,0
2017/3/24,13:43:15,3.97e4,1196752,13.88,,1018,0.000,2249,374,0
2017/3/24,13:43:30,4.07e4,1224390,13.85,,1018,0.000,2238,368,0
2017/3/24,13:43:45,4.20e4,1260359,13.82,,1018,0.000,2210,386,0
2017/3/24,13:44:00,4.43e4,1322000,13.76,,1018,0.000,2205,393,0
2017/3/24,13:44:15,4.97e4,1468390,13.63,,1018,0.000,2169,372,0
2017/3/24,13:44:30,5.56e4,1624151,13.48,,1018,0.000,2119,372,0
2017/3/24,13:44:45,5.88e4,1709575,13.4,,1018,0.000,2086,394,0
2017/3/24,13:45:00,6.11e4,1767800,13.35,,1018,0.000,2071,378,0
2017/3/24,13:45:15,6.17e4,1782270,13.33,,1018,0.000,2036,412,0
2017/3/24,13:45:30,6.68e4,1912551,13.21,,1018,0.000,2065,386,0
2017/3/24,13:45:45,7.06e4,2004980,13.11,,1018,0.000,2016,378,0
2017/3/24,13:46:00,6.98e4,1987471,13.13,,1018,0.000,2017,386,0
2017/3/24,13:46:15,7.16e4,2030812,13.09,,1018,0.000,2034,378,0
2017/3/24,13:46:30,7.63e4,2147702,12.97,,1018,0.000,2019,391,0
2017/3/24,13:46:45,7.94e4,2221699,12.9,,1018,0.000,1993,384,0
2017/3/24,13:47:00,8.21e4,2285144,12.84,,1018,0.000,1998,383,0
2017/3/24,13:47:15,8.27e4,2300383,12.82,,1018,0.000,1984,375,0
2017/3/24,13:47:30,8.44e4,2339431,12.78,,1018,0.000,1954,400,0
2017/3/24,13:47:45,9.11e4,2493007,12.62,,1018,0.000,1943,397,0
2017/3/24,13:48:00,1.00e5,2709383,12.4,,1018,0.000,1914,444,0
2017/3/24,13:48:15,9.91e4,2672573,12.44,,1018,0.000,1945,391,0
2017/3/24,13:48:30,9.70e4,2623435,12.48,,1018,0.000,1934,401,0
2017/3/24,13:48:45,1.11e5,2937772,12.15,,1018,0.000,1890,393,0
2017/3/24,13:49:00,1.15e5,3019461,12.06,,1018,0.000,1876,408,0
2017/3/24,13:49:15,1.06e5,2837331,12.26,,1018,0.000,1918,404,0
2017/3/24,13:49:30,1.09e5,2890865,12.2,,1018,0.000,1917,418,0
2017/3/24,13:49:45,1.20e5,3111513,11.96,,1018,0.000,1867,413,0
2017/3/24,13:50:00,1.34e5,3402699,11.64,,1018,0.000,1822,422,0
2017/3/24,13:50:15,1.38e5,3460122,11.57,,1018,0.000,1805,443,0
2017/3/24,13:50:30,1.49e5,3673164,11.32,,1018,0.000,1799,407,0
2017/3/24,13:50:45,1.49e5,3676926,11.32,,1018,0.000,1783,426,0
2017/3/24,13:51:00,1.45e5,3596482,11.41,,1018,0.000,1816,430,0
2017/3/24,13:51:15,1.39e5,3492532,11.54,,1018,0.000,1820,411,0
2017/3/24,13:51:30,1.38e5,3477164,11.55,,1018,0.000,1800,429,0
2017/3/24,13:51:45,1.41e5,3531169,11.49,,1018,0.000,1804,460,0
2017/3/24,13:52:00,1.51e5,3701784,11.29,,1018,0.000,1782,443,0
2017/3/24,13:52:15,1.56e5,3786336,11.19,,1018,0.000,1739,462,0
2017/3/24,13:52:30,1.58e5,3825221,11.14,,1018,0.000,1776,485,0
2017/3/24,13:52:45,1.61e5,3869525,11.09,,1018,0.000,1755,446,0
2017/3/24,13:53:00,1.64e5,3930260,11.01,,1018,0.000,1761,458,0
2017/3/24,13:53:15,1.65e5,3949768,10.99,,1018,0.000,1756,455,0
2017/3/24,13:53:30,1.67e5,3984161,10.95,,1018,0.000,1778,469,0
2017/3/24,13:53:45,1.67e5,3976262,10.95,,1018,0.000,1773,452,0
2017/3/24,13:54:00,1.70e5,4017466,10.9,,1018,0.000,1746,447,0
2017/3/24,13:54:15,1.72e5,4055112,10.86,,1018,0.000,1745,473,0
2017/3/24,13:54:30,1.75e5,4101249,10.79,,1017,0.000,1737,474,0
2017/3/24,13:54:45,1.77e5,4129541,10.76,,1018,0.000,1719,456,0
2017/3/24,13:55:00,1.78e5,4156598,10.72,,1018,0.000,1724,474,0
2017/3/24,13:55:15,1.76e5,4121628,10.77,,1018,0.000,1717,457,0
2017/3/24,13:55:30,1.76e5,4125281,10.76,,1018,0.000,1727,435,0
2017/3/24,13:55:45,1.79e5,4162978,10.71,,1018,0.000,1715,485,0
2017/3/24,13:56:00,1.81e5,4195048,10.67,,1017,0.000,1713,450,0
2017/3/24,13:56:15,1.85e5,4251436,10.6,,1017,0.000,1705,461,0
2017/3/24,13:56:30,1.83e5,4227301,10.63,,1017,0.000,1721,447,0
2017/3/24,13:56:45,1.82e5,4216559,10.63,,1017,0.000,1728,468,0
2017/3/24,13:57:00,1.81e5,4198470,10.66,,1017,0.000,1691,487,0
2017/3/24,13:57:15,1.89e5,4314479,10.52,,1017,0.000,1691,482,0
2017/3/24,13:57:30,1.84e5,4238091,10.61,,1017,0.000,1699,480,0
2017/3/24,13:57:45,1.84e5,4246983,10.59,,1017,0.000,1695,473,0
2017/3/24,13:58:00,1.86e5,4273660,10.56,,1017,0.000,1727,473,0
2017/3/24,13:58:15,1.90e5,4323536,10.5,,1017,0.000,1679,496,0
2017/3/24,13:58:30,1.91e5,4338130,10.48,,1017,0.000,1667,463,0
2017/3/24,13:58:45,1.89e5,4310216,10.51,,1017,0.000,1699,478,0
2017/3/24,13:59:00,1.92e5,4355350,10.45,,1017,0.000,1695,485,0
2017/3/24,13:59:15,1.91e5,4339559,10.47,,1017,0.000,1683,496,0
2017/3/24,13:59:30,1.89e5,4319726,10.5,,1017,0.000,1701,466,0
2017/3/24,13:59:45,1.88e5,4304805,10.51,,1017,0.000,1663,484,0
2017/3/24,14:00:00,1.92e5,4356210,10.45,,1017,0.000,1684,491,0
2017/3/24,14:00:15,1.97e5,4433927,10.35,,1017,0.000,1699,489,0
2017/3/24,14:00:30,1.93e5,4370921,10.43,,1017,0.000,1735,485,0
2017/3/24,14:00:45,1.90e5,4323261,10.49,,1017,0.000,1689,490,0
2017/3/24,14:01:00,1.94e5,4388711,10.41,,1017,0.000,1668,483,0
2017/3/24,14:01:15,1.94e5,4389855,10.4,,1017,0.000,1678,499,0
2017/3/24,14:01:30,2.01e5,4491378,10.26,,1017,0.000,1672,484,0
2017/3/24,14:01:45,1.96e5,4417388,10.36,,1017,0.000,1712,490,0
2017/3/24,14:02:00,1.94e5,4373184,10.43,,1017,0.000,1676,480,0
2017/3/24,14:02:15,1.93e5,4378608,10.42,,1017,0.000,1676,472,0
2017/3/24,14:02:30,1.94e5,4382596,10.41,,1017,0.000,1687,517,0
2017/3/24,14:02:45,1.97e5,4422903,10.35,,1017,0.000,1689,474,0
2017/3/24,14:03:00,1.92e5,4357913,10.43,,1017,0.000,1687,491,0
2017/3/24,14:03:15,1.93e5,4375405,10.41,,1017,0.000,1680,487,0
2017/3/24,14:03:30,1.94e5,4387923,10.4,,1017,0.000,1636,499,0
2017/3/24,14:03:45,1.87e5,4286529,10.53,,1017,0.000,1683,518,0
2017/3/24,14:04:00,1.89e5,4314455,10.49,,1017,0.000,1716,499,0
2017/3/24,14:04:15,1.92e5,4359819,10.43,,1017,0.000,1649,513,0
2017/3/24,14:04:30,1.93e5,4364995,10.42,,1017,0.000,1663,520,0
2017/3/24,14:04:45,1.90e5,4323290,10.48,,1017,0.000,1710,476,0
2017/3/24,14:05:00,1.91e5,4334263,10.46,,1017,0.000,1706,493,0
2017/3/24,14:05:15,1.90e5,4322628,10.47,,1017,0.000,1696,531,0
2017/3/24,14:05:30,1.90e5,4326956,10.47,,1017,0.000,1679,489,0
2017/3/24,14:05:45,1.90e5,4328582,10.47,,1017,0.000,1699,511,0
2017/3/24,14:06:00,1.91e5,4344797,10.45,,1017,0.000,1735,495,0
2017/3/24,14:06:15,1.91e5,4337143,10.46,,1017,0.000,1683,490,0
2017/3/24,14:06:30,1.96e5,4405056,10.36,,1017,0.000,1660,476,0
2017/3/24,14:06:45,1.90e5,4326429,10.47,,1017,0.000,1676,479,0
2017/3/24,14:07:00,1.88e5,4300183,10.5,,1017,0.000,1701,495,0
2017/3/24,14:07:15,1.89e5,4305022,10.5,,1017,0.000,1666,513,0
2017/3/24,14:07:30,1.87e5,4283305,10.52,,1017,0.000,1702,501,0
2017/3/24,14:07:45,1.87e5,4272971,10.54,,1017,0.000,1706,509,0
2017/3/24,14:08:00,1.87e5,4279001,10.53,,1017,0.000,1678,501,0
2017/3/24,14:08:15,1.88e5,4295424,10.51,,1017,0.000,1684,505,0
2017/3/24,14:08:30,1.85e5,4244796,10.57,,1017,0.000,1717,500,0
2017/3/24,14:08:45,1.86e5,4258097,10.56,,1017,0.000,1712,504,0
2017/3/24,14:09:00,1.82e5,4206867,10.62,,1017,0.000,1706,484,0
2017/3/24,14:09:15,1.84e5,4228692,10.59,,1017,0.000,1704,510,0
2017/3/24,14:09:30,1.85e5,4246176,10.57,,1017,0.000,1707,487,0
2017/3/24,14:09:45,1.90e5,4329117,10.46,,1017,0.000,1691,493,0
2017/3/24,14:10:00,1.83e5,4220215,10.6,,1017,0.000,1693,474,0
2017/3/24,14:10:15,1.82e5,4210834,10.62,,1017,0.000,1715,477,0
2017/3/24,14:10:30,1.79e5,4163527,10.68,,1017,0.000,1724,509,0
2017/3/24,14:10:45,1.80e5,4172521,10.66,,1017,0.000,1704,499,0
2017/3/24,14:11:00,1.81e5,4186738,10.65,,1017,0.000,1708,504,0
2017/3/24,14:11:15,1.87e5,4284715,10.53,,1017,0.000,1680,491,0
2017/3/24,14:11:30,1.85e5,4241520,10.58,,1017,0.000,1697,489,0
2017/3/24,14:11:45,1.82e5,4197465,10.63,,1017,0.000,1694,506,0
2017/3/24,14:12:00,1.83e5,4221565,10.6,,1017,0.000,1677,522,0
2017/3/24,14:12:15,1.83e5,4222777,10.6,,1017,0.000,1728,507,0
2017/3/24,14:12:30,1.80e5,4168296,10.67,,1017,0.000,1685,502,0
2017/3/24,14:12:45,1.80e5,4177919,10.66,,1017,0.000,1689,478,0
2017/3/24,14:13:00,1.79e5,4149487,10.69,,1017,0.000,1706,523,0
2017/3/24,14:13:15,1.78e5,4142756,10.71,,1017,0.000,1688,500,0
2017/3/24,14:13:30,1.77e5,4131469,10.72,,1017,0.000,1693,513,0
2017/3/24,14:13:45,1.79e5,4162487,10.68,,1017,0.000,1730,495,0
2017/3/24,14:14:00,1.78e5,4139162,10.71,,1017,0.000,1735,506,0
2017/3/24,14:14:15,1.81e5,4193161,10.64,,1017,0.000,1699,507,0
2017/3/24,14:14:30,1.77e5,4120636,10.73,,1017,0.000,1722,474,0
2017/3/24,14:14:45,1.76e5,4113224,10.74,,1017,0.000,1713,506,0
2017/3/24,14:15:00,1.78e5,4133162,10.71,,1017,0.000,1688,545,0
2017/3/24,14:15:15,1.80e5,4168531,10.67,,1017,0.000,1715,495,0
2017/3/24,14:15:30,1.76e5,4105194,10.75,,1017,0.000,1722,495,0
2017/3/24,14:15:45,1.74e5,4073589,10.79,,1017,0.000,1701,491,0
2017/3/24,14:16:00,1.73e5,4067510,10.8,,1017,0.000,1730,504,0
2017/3/24,14:16:15,1.76e5,4103561,10.76,,1017,0.000,1719,463,0
2017/3/24,14:16:30,1.73e5,4065712,10.8,,1017,0.000,1728,500,0
2017/3/24,14:16:45,1.73e5,4068911,10.79,,1017,0.000,1701,515,0
2017/3/24,14:17:00,1.79e5,4149849,10.7,,1017,0.000,1729,499,0
2017/3/24,14:17:15,1.72e5,4048561,10.82,,1017,0.000,1718,506,0
2017/3/24,14:17:30,1.73e5,4057826,10.81,,1017,0.000,1727,499,0
2017/3/24,14:17:45,1.72e5,4040332,10.83,,1017,0.000,1746,489,0
2017/3/24,14:18:00,1.71e5,4037880,10.83,,1017,0.000,1713,521,0
2017/3/24,14:18:15,1.73e5,4063134,10.81,,1017,0.000,1682,487,0
2017/3/24,14:18:30,1.66e5,3945550,10.95,,1017,0.000,1732,520,0
2017/3/24,14:18:45,1.70e5,4017619,10.86,,1017,0.000,1741,494,0
2017/3/24,14:19:00,1.70e5,4010828,10.87,,1017,0.000,1748,490,0
2017/3/24,14:19:15,1.71e5,4024867,10.85,,1017,0.000,1729,526,0
2017/3/24,14:19:30,1.69e5,4002822,10.87,,1017,0.000,1750,488,0
2017/3/24,14:19:45,1.72e5,4050786,10.82,,1017,0.000,1719,499,0
2017/3/24,14:20:00,1.74e5,4072837,10.79,,1017,0.000,1716,504,0
2017/3/24,14:20:15,1.71e5,4030927,10.84,,1017,0.000,1752,507,0
2017/3/24,14:20:30,1.70e5,4014454,10.86,,1017,0.000,1716,501,0
2017/3/24,14:20:45,1.72e5,4048783,10.82,,1017,0.000,1707,502,0
2017/3/24,14:21:00,1.69e5,4003842,10.87,,1017,0.000,1732,512,0
2017/3/24,14:21:15,1.66e5,3957460,10.93,,1017,0.000,1750,493,0
2017/3/24,14:21:30,1.70e5,4006856,10.87,,1017,0.000,1724,509,0
2017/3/24,14:21:45,1.74e5,4084602,10.77,,1017,0.000,1740,515,0
2017/3/24,14:22:00,1.70e5,4016856,10.85,,1017,0.000,1715,482,0
2017/3/24,14:22:15,1.69e5,4004400,10.87,,1017,0.000,1737,520,0
2017/3/24,14:22:30,1.68e5,3985213,10.89,,1017,0.000,1761,482,0
2017/3/24,14:22:45,1.66e5,3949451,10.94,,1017,0.000,1734,516,0
2017/3/24,14:23:00,1.68e5,3979190,10.9,,1017,0.000,1715,502,0
2017/3/24,14:23:15,1.70e5,4014169,10.86,,1017,0.000,1728,496,0
2017/3/24,14:23:30,1.69e5,4004500,10.87,,1017,0.000,1726,501,0
2017/3/24,14:23:45,1.70e5,4008475,10.87,,1017,0.000,1756,502,0
2017/3/24,14:24:00,1.67e5,3968791,10.92,,1017,0.000,1761,506,0
2017/3/24,14:24:15,1.66e5,3948165,10.94,,1017,0.000,1748,479,0
2017/3/24,14:24:30,1.63e5,3895409,11.0,,1017,0.000,1760,504,0
2017/3/24,14:24:45,1.66e5,3942514,10.94,,1017,0.000,1765,461,0
2017/3/24,14:25:00,1.67e5,3967206,10.92,,1017,0.000,1759,491,0
2017/3/24,14:25:15,1.71e5,4036680,10.83,,1017,0.000,1760,507,0
2017/3/24,14:25:30,1.64e5,3913734,10.98,,1017,0.000,1749,480,0
2017/3/24,14:25:45,1.64e5,3909786,10.98,,1017,0.000,1706,473,0
2017/3/24,14:26:00,1.61e5,3865866,11.04,,1017,0.000,1740,504,0
2017/3/24,14:26:15,1.63e5,3891283,11.01,,1017,0.000,1740,473,0
2017/3/24,14:26:30,1.66e5,3941833,10.95,,1017,0.000,1740,531,0
2017/3/24,14:26:45,1.63e5,3907465,10.99,,1017,0.000,1718,495,0
2017/3/24,14:27:00,1.63e5,3903932,10.99,,1017,0.000,1766,490,0
2017/3/24,14:27:15,1.66e5,3953360,10.93,,1017,0.000,1759,488,0
2017/3/24,14:27:30,1.63e5,3905797,10.99,,1017,0.000,1763,507,0
2017/3/24,14:27:45,1.55e5,3760715,11.16,,1017,0.000,1761,485,0
2017/3/24,14:28:00,1.51e5,3702523,11.24,,1017,0.000,1791,489,0
2017/3/24,14:28:15,1.51e5,3687159,11.26,,1017,0.000,1778,484,0
2017/3/24,14:28:30,1.52e5,3710638,11.23,,1017,0.000,1745,498,0
2017/3/24,14:28:45,1.56e5,3788267,11.13,,1017,0.000,1748,491,0
2017/3/24,14:29:00,1.58e5,3812909,11.11,,1017,0.000,1740,507,0
2017/3/24,14:29:15,1.59e5,3833799,11.08,,1017,0.000,1788,494,0
2017/3/24,14:29:30,1.60e5,3851574,11.06,,1016,0.000,1723,477,0
2017/3/24,14:29:45,1.60e5,3846324,11.06,,1017,0.000,1779,467,0
2017/3/24,14:30:00,1.58e5,3814388,11.1,,1016,0.000,1762,479,0
2017/3/24,14:30:15,1.59e5,3824533,11.09,,1016,0.000,1724,516,0
2017/3/24,14:30:30,1.59e5,3830333,11.09,,1016,0.000,1751,484,0
2017/3/24,14:30:45,1.59e5,3833995,11.08,,1017,0.000,1752,504,0
2017/3/24,14:31:00,1.58e5,3818207,11.1,,1016,0.000,1752,515,0
2017/3/24,14:31:15,1.58e5,3816495,11.11,,1016,0.000,1776,502,0
2017/3/24,14:31:30,1.61e5,3859701,11.06,,1016,0.000,1763,509,0
2017/3/24,14:31:45,1.59e5,3834312,11.09,,1016,0.000,1752,491,0
2017/3/24,14:32:00,1.57e5,3800585,11.13,,1017,0.000,1748,491,0
2017/3/24,14:32:15,1.61e5,3870946,11.05,,1016,0.000,1724,488,0
2017/3/24,14:32:30,1.58e5,3811277,11.11,,1016,0.000,1771,472,0
2017/3/24,14:32:45,1.57e5,3795741,11.13,,1016,0.000,1735,511,0
2017/3/24,14:33:00,1.58e5,3810132,11.11,,1016,0.000,1724,476,0
2017/3/24,14:33:15,1.56e5,3783011,11.15,,1016,0.000,1776,494,0
2017/3/24,14:33:30,1.57e5,3802432,11.12,,1016,0.000,1778,476,0
2017/3/24,14:33:45,1.60e5,3852270,11.06,,1016,0.000,1751,498,0
2017/3/24,14:34:00,1.56e5,3773257,11.15,,1016,0.000,1760,490,0
2017/3/24,14:34:15,1.54e5,3754513,11.18,,1016,0.000,1767,491,0
2017/3/24,14:34:30,1.55e5,3765288,11.17,,1016,0.000,1772,491,0
2017/3/24,14:34:45,1.55e5,3766103,11.16,,1016,0.000,1789,468,0
2017/3/24,14:35:00,1.53e5,3717102,11.23,,1016,0.000,1772,511,0
2017/3/24,14:35:15,1.55e5,3770707,11.17,,1016,0.000,1749,501,0
2017/3/24,14:35:30,1.56e5,3786650,11.14,,1016,0.000,1756,465,0
2017/3/24,14:35:45,1.56e5,3783150,11.14,,1017,0.000,1759,507,0
2017/3/24,14:36:00,1.56e5,3781688,11.15,,1016,0.000,1741,489,0
2017/3/24,14:36:15,1.58e5,3818573,11.1,,1016,0.000,1748,489,0
2017/3/24,14:36:30,1.54e5,3754880,11.18,,1016,0.000,1749,501,0
2017/3/24,14:36:45,1.55e5,3770658,11.16,,1016,0.000,1746,513,0
2017/3/24,14:37:00,1.54e5,3755596,11.18,,1016,0.000,1740,509,0
2017/3/24,14:37:15,1.54e5,3738580,11.2,,1016,0.000,1767,487,0
2017/3/24,14:37:30,1.53e5,3733574,11.21,,1016,0.000,1754,449,0
2017/3/24,14:37:45,1.52e5,3716140,11.22,,1016,0.000,1765,466,0
2017/3/24,14:38:00,1.53e5,3729417,11.21,,1016,0.000,1748,485,0
2017/3/24,14:38:15,1.55e5,3763185,11.17,,1017,0.000,1735,483,0
2017/3/24,14:38:30,1.55e5,3766213,11.17,,1016,0.000,1754,500,0
2017/3/24,14:38:45,1.53e5,3731904,11.21,,1017,0.000,1765,493,0
2017/3/24,14:39:00,1.43e5,3548752,11.42,,1016,0.000,1790,505,0
2017/3/24,14:39:15,1.40e5,3500590,11.48,,1016,0.000,1795,477,0
2017/3/24,14:39:30,1.33e5,3360584,11.63,,1016,0.000,1844,454,0
2017/3/24,14:39:45,1.34e5,3379676,11.61,,1016,0.000,1837,474,0
2017/3/24,14:40:00,1.39e5,3469612,11.51,,1016,0.000,1794,473,0
2017/3/24,14:40:15,1.43e5,3543506,11.43,,1016,0.000,1789,487,0
2017/3/24,14:40:30,1.38e5,3458075,11.53,,1016,0.000,1790,504,0
2017/3/24,14:40:45,1.35e5,3402677,11.59,,1016,0.000,1854,483,0
2017/3/24,14:41:00,1.35e5,3409787,11.58,,1016,0.000,1834,473,0
2017/3/24,14:41:15,1.33e5,3371630,11.63,,1016,0.000,1789,501,0
2017/3/24,14:41:30,1.28e5,3280703,11.73,,1016,0.000,1823,478,0
2017/3/24,14:41:45,1.26e5,3237023,11.78,,1016,0.000,1829,480,0
2017/3/24,14:42:00,1.26e5,3238138,11.78,,1016,0.000,1855,490,0
2017/3/24,14:42:15,1.26e5,3238972,11.78,,1016,0.000,1817,473,0
2017/3/24,14:42:30,1.26e5,3225964,11.79,,1016,0.000,1834,494,0
2017/3/24,14:42:45,1.24e5,3190677,11.83,,1016,0.000,1833,489,0
2017/3/24,14:43:00,1.24e5,3191805,11.83,,1016,0.000,1851,476,0
2017/3/24,14:43:15,1.22e5,3156909,11.87,,1016,0.000,1822,484,0
2017/3/24,14:43:30,1.19e5,3098839,11.93,,1016,0.000,1818,490,0
2017/3/24,14:43:45,1.18e5,3068426,11.97,,1016,0.000,1823,490,0
2017/3/24,14:44:00,1.16e5,3041968,12.0,,1016,0.000,1844,499,0
2017/3/24,14:44:15,1.16e5,3039737,12.01,,1016,0.000,1896,449,0
2017/3/24,14:44:30,1.15e5,3010139,12.04,,1016,0.000,1844,473,0
2017/3/24,14:44:45,1.15e5,3010699,12.04,,1016,0.000,1828,479,0
2017/3/24,14:45:00,1.14e5,2988991,12.06,,1016,0.000,1849,469,0
2017/3/24,14:45:15,1.13e5,2965696,12.09,,1016,0.000,1839,476,0
2017/3/24,14:45:30,1.11e5,2928366,12.13,,1016,0.000,1861,468,0
2017/3/24,14:45:45,1.09e5,2881858,12.18,,1016,0.000,1851,489,0
2017/3/24,14:46:00,1.07e5,2842220,12.22,,1016,0.000,1879,474,0
2017/3/24,14:46:15,1.06e5,2822014,12.24,,1016,0.000,1915,482,0
2017/3/24,14:46:30,1.06e5,2826456,12.24,,1016,0.000,1846,496,0
2017/3/24,14:46:45,1.05e5,2803400,12.26,,1016,0.000,1884,499,0
2017/3/24,14:47:00,1.02e5,2749137,12.32,,1016,0.000,1888,469,0
2017/3/24,14:47:15,1.02e5,2745693,12.32,,1016,0.000,1879,478,0
2017/3/24,14:47:30,1.00e5,2691182,12.38,,1016,0.000,1889,471,0
2017/3/24,14:47:45,1.00e5,2694619,12.38,,1016,0.000,1884,507,0
2017/3/24,14:48:00,9.94e4,2672301,12.4,,1016,0.000,1892,490,0
2017/3/24,14:48:15,9.93e4,2670057,12.4,,1016,0.000,1888,468,0
2017/3/24,14:48:30,9.75e4,2630702,12.44,,1016,0.000,1849,484,0
2017/3/24,14:48:45,9.40e4,2553713,12.52,,1016,0.000,1903,452,0
2017/3/24,14:49:00,9.41e4,2555841,12.52,,1016,0.000,1856,501,0
2017/3/24,14:49:15,9.37e4,2546508,12.53,,1016,0.000,1901,462,0
2017/3/24,14:49:30,9.01e4,2465066,12.62,,1016,0.000,1939,488,0
2017/3/24,14:49:45,9.03e4,2469723,12.61,,1016,0.000,1940,468,0
2017/3/24,14:50:00,9.02e4,2466867,12.62,,1016,0.000,1923,473,0
2017/3/24,14:50:15,8.88e4,2436013,12.65,,1016,0.000,1910,483,0
2017/3/24,14:50:30,8.82e4,2422190,12.66,,1016,0.000,1917,507,0
2017/3/24,14:50:45,8.75e4,2405278,12.68,,1016,0.000,1959,479,0
2017/3/24,14:51:00,8.61e4,2373839,12.71,,1016,0.000,1909,496,0
2017/3/24,14:51:15,8.40e4,2323822,12.76,,1016,0.000,1937,473,0
2017/3/24,14:51:30,8.25e4,2286921,12.8,,1016,0.000,1918,465,0
2017/3/24,14:51:45,8.32e4,2306899,12.78,,1016,0.000,1949,507,0
2017/3/24,14:52:00,8.28e4,2295687,12.79,,1016,0.000,1934,495,0
2017/3/24,14:52:15,8.19e4,2274645,12.81,,1016,0.000,1932,523,0
2017/3/24,14:52:30,8.11e4,2256073,12.83,,1016,0.000,1979,468,0
2017/3/24,14:52:45,8.04e4,2239550,12.84,,1016,0.000,1954,500,0
2017/3/24,14:53:00,7.88e4,2201972,12.88,,1016,0.000,1964,495,0
2017/3/24,14:53:15,7.69e4,2156958,12.93,,1016,0.000,1966,490,0
2017/3/24,14:53:30,7.64e4,2144219,12.94,,1016,0.000,2000,496,0
2017/3/24,14:53:45,7.64e4,2144870,12.94,,1016,0.000,1975,487,0
2017/3/24,14:54:00,7.62e4,2140128,12.94,,1016,0.000,1977,485,0
2017/3/24,14:54:15,7.45e4,2097187,12.98,,1016,0.000,1979,487,0
2017/3/24,14:54:30,7.33e4,2067627,13.01,,1016,0.000,1950,504,0
2017/3/24,14:54:45,7.29e4,2058160,13.02,,1016,0.000,1981,483,0
2017/3/24,14:55:00,7.20e4,2036726,13.04,,1016,0.000,1981,489,0
2017/3/24,14:55:15,7.06e4,2003226,13.08,,1016,0.000,1990,522,0
2017/3/24,14:55:30,6.95e4,1975541,13.1,,1016,0.000,2003,494,0
2017/3/24,14:55:45,6.97e4,1980609,13.1,,1016,0.000,1989,504,0
2017/3/24,14:56:00,6.86e4,1953682,13.13,,1016,0.000,1982,463,0
2017/3/24,14:56:15,6.81e4,1941757,13.14,,1016,0.000,2005,505,0
2017/3/24,14:56:30,6.73e4,1920292,13.16,,1016,0.000,1999,501,0
2017/3/24,14:56:45,6.63e4,1896072,13.18,,1016,0.000,2026,498,0
2017/3/24,14:57:00,6.52e4,1868394,13.21,,1016,0.000,2036,479,0
2017/3/24,14:57:15,6.44e4,1847201,13.23,,1016,0.000,2027,482,0
2017/3/24,14:57:30,6.36e4,1828533,13.24,,1016,0.000,2039,485,0
2017/3/24,14:57:45,6.28e4,1806873,13.27,,1016,0.000,2052,502,0
2017/3/24,14:58:00,6.32e4,1818983,13.26,,1016,0.000,2017,501,0
2017/3/24,14:58:15,6.27e4,1805944,13.27,,1016,0.000,2032,511,0
2017/3/24,14:58:30,6.14e4,1771581,13.3,,1016,0.000,2058,505,0
2017/3/24,14:58:45,6.11e4,1765163,13.31,,1016,0.000,2062,494,0
2017/3/24,14:59:00,6.01e4,1739068,13.33,,1016,0.000,2077,513,0
2017/3/24,14:59:15,5.92e4,1715941,13.36,,1016,0.000,2104,487,0
2017/3/24,14:59:30,5.82e4,1688444,13.38,,1016,0.000,2103,473,0
2017/3/24,14:59:45,5.71e4,1661036,13.41,,1016,0.000,2067,520,0
2017/3/24,15:00:00,5.74e4,1668687,13.4,,1016,0.000,2064,494,0
2017/3/24,15:00:15,5.66e4,1649256,13.42,,1016,0.000,2080,500,0
2017/3/24,15:00:30,5.53e4,1614743,13.45,,1016,0.000,2119,491,0
2017/3/24,15:00:45,5.56e4,1622088,13.44,,1016,0.000,2081,504,0
2017/3/24,15:01:00,5.57e4,1623523,13.44,,1016,0.000,2105,489,0
2017/3/24,15:01:15,5.45e4,1593848,13.47,,1016,0.000,2058,524,0
2017/3/24,15:01:30,5.40e4,1579250,13.49,,1016,0.000,2083,511,0
2017/3/24,15:01:45,5.33e4,1560694,13.5,,1016,0.000,2139,499,0
2017/3/24,15:02:00,5.28e4,1548218,13.52,,1016,0.000,2077,522,0
2017/3/24,15:02:15,5.21e4,1529697,13.54,,1016,0.000,2150,484,0
2017/3/24,15:02:30,5.10e4,1501831,13.56,,1016,0.000,2115,524,0
2017/3/24,15:02:45,5.13e4,1509912,13.55,,1016,0.000,2083,520,0
2017/3/24,15:03:00,5.02e4,1480383,13.58,,1016,0.000,2088,537,0
2017/3/24,15:03:15,4.96e4,1464219,13.6,,1016,0.000,2131,507,0
2017/3/24,15:03:30,4.89e4,1445754,13.61,,1016,0.000,2161,512,0
2017/3/24,15:03:45,4.94e4,1458222,13.6,,1016,0.000,2149,518,0
2017/3/24,15:04:00,4.80e4,1419748,13.64,,1016,0.000,2132,533,0
2017/3/24,15:04:15,4.75e4,1407838,13.65,,1016,0.000,2160,512,0
2017/3/24,15:04:30,4.63e4,1375546,13.68,,1016,0.000,2143,517,0
2017/3/24,15:04:45,4.65e4,1379662,13.67,,1016,0.000,2166,524,0
2017/3/24,15:05:00,4.67e4,1383941,13.67,,1016,0.000,2169,528,0
2017/3/24,15:05:15,4.62e4,1371601,13.68,,1016,0.000,2158,515,0
2017/3/24,15:05:30,4.57e4,1358906,13.69,,1016,0.000,2163,507,0
2017/3/24,15:05:45,4.49e4,1336823,13.71,,1016,0.000,2182,513,0
2017/3/24,15:06:00,4.46e4,1329030,13.72,,1016,0.000,2205,484,0
2017/3/24,15:06:15,4.42e4,1317914,13.73,,1016,0.000,2194,498,0
2017/3/24,15:06:30,4.33e4,1292968,13.76,,1016,0.000,2198,527,0
2017/3/24,15:06:45,4.33e4,1292269,13.76,,1016,0.000,2193,506,0
2017/3/24,15:07:00,4.23e4,1264994,13.78,,1016,0.000,2189,512,0
2017/3/24,15:07:15,3.90e4,1173155,13.87,,1015,0.000,2220,521,0
2017/3/24,15:07:30,3.93e4,1182275,13.86,,1015,0.000,2266,482,0
2017/3/24,15:07:45,3.94e4,1186071,13.86,,1015,0.000,2230,511,0
2017/3/24,15:08:00,3.89e4,1170266,13.87,,1016,0.000,2232,505,0
2017/3/24,15:08:15,3.84e4,1156728,13.89,,1015,0.000,2232,509,0
2017/3/24,15:08:30,3.83e4,1155999,13.89,,1015,0.000,2241,510,0
2017/3/24,15:08:45,3.78e4,1140369,13.9,,1015,0.000,2224,510,0
2017/3/24,15:09:00,3.78e4,1139432,13.9,,1015,0.000,2198,512,0
2017/3/24,15:09:15,3.71e4,1120585,13.92,,1015,0.000,2263,500,0
2017/3/24,15:09:30,3.53e4,1070067,13.97,,1015,0.000,2219,538,0
2017/3/24,15:09:45,3.46e4,1050771,13.98,,1015,0.000,2276,511,0
2017/3/24,15:10:00,3.49e4,1057722,13.98,,1015,0.000,2261,532,0
2017/3/24,15:10:15,3.56e4,1078539,13.96,,1015,0.000,2222,535,0
2017/3/24,15:10:30,3.46e4,1049998,13.98,,1015,0.000,2253,510,0
2017/3/24,15:10:45,3.47e4,1052941,13.98,,1015,0.000,2258,509,0
2017/3/24,15:11:00,3.51e4,1064191,13.97,,1015,0.000,2241,534,0
2017/3/24,15:11:15,3.42e4,1038260,14.0,,1015,0.000,2258,526,0
2017/3/24,15:11:30,3.35e4,1020224,14.01,,1015,0.000,2293,471,0
2017/3/24,15:11:45,3.30e4,1005466,14.03,,1015,0.000,2249,559,0
2017/3/24,15:12:00,3.21e4,979971,14.05,,1015,0.000,2310,490,0
2017/3/24,15:12:15,3.03e4,928151,14.1,,1015,0.000,2313,507,0
2017/3/24,15:12:30,2.87e4,880517,14.14,,1015,0.000,2305,518,0
2017/3/24,15:12:45,2.96e4,906400,14.12,,1015,0.000,2309,535,0
2017/3/24,15:13:00,2.95e4,905021,14.12,,1015,0.000,2308,476,0
2017/3/24,15:13:15,3.07e4,938832,14.09,,1015,0.000,2287,520,0
2017/3/24,15:13:30,3.07e4,939326,14.09,,1015,0.000,2272,509,0
2017/3/24,15:13:45,3.02e4,925539,14.1,,1015,0.000,2305,511,0
2017/3/24,15:14:00,2.95e4,906115,14.12,,1015,0.000,2324,489,0
2017/3/24,15:14:15,2.91e4,894264,14.13,,1015,0.000,2322,491,0
2017/3/24,15:14:30,2.86e4,877454,14.15,,1015,0.000,2320,505,0
2017/3/24,15:14:45,2.83e4,870385,14.15,,1015,0.000,2305,529,0
2017/3/24,15:15:00,2.83e4,870940,14.15,,1015,0.000,2338,490,0
2017/3/24,15:15:15,2.83e4,869390,14.16,,1015,0.000,2303,518,0
2017/3/24,15:15:30,2.81e4,862806,14.16,,1015,0.000,2325,509,0
2017/3/24,15:15:45,2.78e4,856573,14.17,,1015,0.000,2332,512,0
2017/3/24,15:16:00,2.75e4,846202,14.18,,1015,0.000,2313,532,0
2017/3/24,15:16:15,2.74e4,843473,14.18,,1015,0.000,2362,484,0
2017/3/24,15:16:30,2.66e4,820818,14.2,,1015,0.000,2318,524,0
2017/3/24,15:16:45,2.66e4,821768,14.2,,1015,0.000,2348,501,0
2017/3/24,15:17:00,2.65e4,817211,14.2,,1015,0.000,2351,484,0
2017/3/24,15:17:15,2.61e4,806209,14.21,,1015,0.000,2365,490,0
2017/3/24,15:17:30,2.63e4,811160,14.21,,1015,0.000,2348,506,0
2017/3/24,15:17:45,2.60e4,803209,14.22,,1015,0.000,2318,520,0
2017/3/24,15:18:00,2.57e4,794543,14.23,,1015,0.000,2329,523,0
2017/3/24,15:18:15,2.55e4,787142,14.23,,1015,0.000,2360,480,0
2017/3/24,15:18:30,2.54e4,786188,14.23,,1015,0.000,2337,507,0
2017/3/24,15:18:45,2.50e4,773058,14.25,,1015,0.000,2379,495,0
2017/3/24,15:19:00,2.47e4,763886,14.25,,1015,0.000,2363,501,0
2017/3/24,15:19:15,2.46e4,761922,14.26,,1015,0.000,2348,512,0
2017/3/24,15:19:30,2.44e4,755602,14.26,,1015,0.000,2340,527,0
2017/3/24,15:19:45,2.43e4,753250,14.26,,1015,0.000,2332,521,0
2017/3/24,15:20:00,2.39e4,742056,14.27,,1015,0.000,2359,512,0
2017/3/24,15:20:15,2.39e4,740113,14.28,,1015,0.000,2357,498,0
2017/3/24,15:20:30,2.33e4,724617,14.29,,1015,0.000,2355,507,0
2017/3/24,15:20:45,2.34e4,727909,14.29,,1015,0.000,2365,515,0
2017/3/24,15:21:00,2.33e4,722736,14.29,,1015,0.000,2349,509,0
2017/3/24,15:21:15,2.29e4,712731,14.3,,1015,0.000,2347,538,0
2017/3/24,15:21:30,2.28e4,709576,14.31,,1015,0.000,2382,504,0
2017/3/24,15:21:45,2.27e4,707171,14.31,,1015,0.000,2377,493,0
2017/3/24,15:22:00,2.24e4,697013,14.32,,1015,0.000,2371,511,0
2017/3/24,15:22:15,2.22e4,690541,14.32,,1015,0.000,2403,496,0
2017/3/24,15:22:30,2.18e4,678747,14.33,,1015,0.000,2382,495,0
2017/3/24,15:22:45,2.18e4,679121,14.33,,1015,0.000,2421,463,0
2017/3/24,15:23:00,2.16e4,672224,14.34,,1015,0.000,2347,526,0
2017/3/24,15:23:15,2.17e4,674773,14.34,,1015,0.000,2403,488,0
2017/3/24,15:23:30,2.14e4,666467,14.35,,1015,0.000,2355,510,0
2017/3/24,15:23:45,2.10e4,655978,14.36,,1015,0.000,2385,501,0
2017/3/24,15:24:00,2.09e4,652614,14.36,,1015,0.000,2368,526,0
2017/3/24,15:24:15,2.04e4,637120,14.37,,1015,0.000,2421,478,0
2017/3/24,15:24:30,2.06e4,643160,14.37,,1015,0.000,2382,515,0
2017/3/24,15:24:45,2.02e4,630898,14.38,,1015,0.000,2401,489,0
2017/3/24,15:25:00,2.00e4,625768,14.39,,1015,0.000,2384,512,0
2017/3/24,15:25:15,1.99e4,623058,14.39,,1015,0.000,2379,518,0
2017/3/24,15:25:30,1.99e4,623362,14.39,,1015,0.000,2397,505,0
2017/3/24,15:25:45,1.97e4,617725,14.39,,1015,0.000,2385,515,0
2017/3/24,15:26:00,1.96e4,613211,14.4,,1015,0.000,2391,511,0
2017/3/24,15:26:15,1.93e4,602995,14.41,,1015,0.000,2387,500,0
2017/3/24,15:26:30,1.91e4,599627,14.41,,1015,0.000,2382,496,0
2017/3/24,15:26:45,1.90e4,595052,14.41,,1015,0.000,2379,511,0
2017/3/24,15:27:00,1.90e4,596111,14.41,,1015,0.000,2393,516,0
2017/3/24,15:27:15,1.89e4,591042,14.42,,1015,0.000,2409,480,0
2017/3/24,15:27:30,1.89e4,591666,14.42,,1015,0.000,2404,491,0
2017/3/24,15:27:45,1.85e4,580539,14.43,,1015,0.000,2396,511,0
2017/3/24,15:28:00,1.83e4,572937,14.43,,1015,0.000,2414,488,0
2017/3/24,15:28:15,1.82e4,569843,14.44,,1015,0.000,2404,507,0
2017/3/24,15:28:30,1.80e4,563950,14.44,,1015,0.000,2397,513,0
2017/3/24,15:28:45,1.79e4,562061,14.44,,1015,0.000,2421,476,0
2017/3/24,15:29:00,1.75e4,550151,14.46,,1015,0.000,2420,495,0
2017/3/24,15:29:15,1.74e4,546645,14.46,,1015,0.000,2432,467,0
2017/3/24,15:29:30,1.73e4,545142,14.46,,1015,0.000,2418,499,0
2017/3/24,15:29:45,1.74e4,547737,14.46,,1015,0.000,2423,507,0
2017/3/24,15:30:00,1.72e4,540438,14.47,,1015,0.000,2436,482,0
2017/3/24,15:30:15,1.71e4,538540,14.47,,1015,0.000,2423,488,0
2017/3/24,15:30:30,1.69e4,530664,14.47,,1015,0.000,2399,507,0
2017/3/24,15:30:45,1.67e4,525310,14.48,,1015,0.000,2424,507,0
2017/3/24,15:31:00,1.64e4,517377,14.49,,1015,0.000,2430,495,0
2017/3/24,15:31:15,1.63e4,514940,14.49,,1015,0.000,2434,488,0
2017/3/24,15:31:30,1.63e4,513299,14.49,,1015,0.000,2432,493,0
2017/3/24,15:31:45,1.63e4,513358,14.49,,1015,0.000,2431,488,0
2017/3/24,15:32:00,1.61e4,507387,14.5,,1015,0.000,2415,518,0
2017/3/24,15:32:15,1.59e4,500236,14.5,,1015,0.000,2436,489,0
2017/3/24,15:32:30,1.58e4,497789,14.51,,1015,0.000,2429,513,0
2017/3/24,15:32:45,1.57e4,494177,14.51,,1015,0.000,2462,476,0
2017/3/24,15:33:00,1.55e4,488871,14.52,,1015,0.000,2431,495,0
2017/3/24,15:33:15,1.55e4,488541,14.52,,1015,0.000,2453,460,0
2017/3/24,15:33:30,1.55e4,488034,14.52,,1015,0.000,2453,477,0
2017/3/24,15:33:45,1.52e4,480929,14.52,,1015,0.000,2418,518,0
2017/3/24,15:34:00,1.50e4,475699,14.53,,1015,0.000,2438,489,0
2017/3/24,15:34:15,1.49e4,471928,14.53,,1015,0.000,2476,463,0
2017/3/24,15:34:30,1.49e4,471270,14.53,,1015,0.000,2429,491,0
2017/3/24,15:34:45,1.48e4,468079,14.54,,1015,0.000,2460,473,0
2017/3/24,15:35:00,1.46e4,463298,14.54,,1015,0.000,2447,511,0
2017/3/24,15:35:15,1.46e4,460677,14.54,,1015,0.000,2447,527,0
2017/3/24,15:35:30,1.45e4,458248,14.54,,1015,0.000,2453,483,0
2017/3/24,15:35:45,1.44e4,455137,14.55,,1016,0.000,2436,505,0
2017/3/24,15:36:00,1.42e4,448699,14.55,,1015,0.000,2430,476,0
2017/3/24,15:36:15,1.41e4,446956,14.56,,1015,0.000,2447,507,0
2017/3/24,15:36:30,1.40e4,442856,14.56,,1016,0.000,2451,488,0
2017/3/24,15:36:45,1.39e4,439692,14.56,,1016,0.000,2470,461,0
2017/3/24,15:37:00,1.38e4,438022,14.56,,1016,0.000,2420,513,0
2017/3/24,15:37:15,1.37e4,435842,14.57,,1015,0.000,2443,502,0
2017/3/24,15:37:30,1.36e4,430140,14.57,,1015,0.000,2469,468,0
2017/3/24,15:37:45,1.35e4,427459,14.57,,1016,0.000,2414,545,0
2017/3/24,15:38:00,1.33e4,423717,14.58,,1016,0.000,2426,515,0
2017/3/24,15:38:15,1.33e4,422712,14.58,,1016,0.000,2453,490,0
2017/3/24,15:38:30,1.31e4,414882,14.59,,1015,0.000,2449,494,0
2017/3/24,15:38:45,1.31e4,415666,14.58,,1015,0.000,2454,487,0
2017/3/24,15:39:00,1.31e4,414963,14.59,,1016,0.000,2423,512,0
2017/3/24,15:39:15,1.28e4,408309,14.59,,1015,0.000,2467,487,0
2017/3/24,15:39:30,1.29e4,408347,14.59,,1015,0.000,2459,498,0
2017/3/24,15:39:45,1.27e4,402291,14.6,,1015,0.000,2478,469,0
2017/3/24,15:40:00,1.25e4,396232,14.6,,1016,0.000,2452,510,0
2017/3/24,15:40:15,1.25e4,398464,14.6,,1015,0.000,2470,493,0
2017/3/24,15:40:30,1.24e4,395085,14.6,,1016,0.000,2469,498,0
2017/3/24,15:40:45,1.22e4,388753,14.61,,1015,0.000,2468,483,0
2017/3/24,15:41:00,1.21e4,386680,14.61,,1015,0.000,2474,495,0
2017/3/24,15:41:15,1.20e4,382347,14.62,,1016,0.000,2456,498,0
2017/3/24,15:41:30,1.20e4,382013,14.62,,1016,0.000,2460,500,0
2017/3/24,15:41:45,1.20e4,383402,14.62,,1016,0.000,2459,507,0
2017/3/24,15:42:00,1.19e4,379378,14.62,,1015,0.000,2470,489,0
2017/3/24,15:42:15,1.17e4,373942,14.63,,1015,0.000,2463,484,0
2017/3/24,15:42:30,1.17e4,372692,14.63,,1015,0.000,2445,513,0
2017/3/24,15:42:45,1.15e4,367631,14.63,,1015,0.000,2485,468,0
2017/3/24,15:43:00,1.15e4,366545,14.63,,1016,0.000,2485,473,0
2017/3/24,15:43:15,1.14e4,363148,14.64,,1015,0.000,2449,507,0
2017/3/24,15:43:30,1.12e4,357522,14.64,,1015,0.000,2470,484,0
2017/3/24,15:43:45,1.12e4,357417,14.64,,1015,0.000,2468,485,0
2017/3/24,15:44:00,1.12e4,356690,14.64,,1015,0.000,2458,515,0
2017/3/24,15:44:15,1.11e4,353462,14.64,,1015,0.000,2492,482,0
2017/3/24,15:44:30,1.11e4,353976,14.64,,1015,0.000,2498,460,0
2017/3/24,15:44:45,1.11e4,353343,14.64,,1015,0.000,2485,477,0
2017/3/24,15:45:00,1.10e4,351623,14.65,,1015,0.000,2469,505,0
2017/3/24,15:45:15,1.08e4,344628,14.65,,1015,0.000,2495,490,0
2017/3/24,15:45:30,1.08e4,345281,14.65,,1015,0.000,2517,445,0
2017/3/24,15:45:45,1.07e4,342770,14.66,,1015,0.000,2476,478,0
2017/3/24,15:46:00,1.06e4,338544,14.66,,1015,0.000,2474,485,0
2017/3/24,15:46:15,1.05e4,334809,14.66,,1015,0.000,2486,480,0
2017/3/24,15:46:30,1.05e4,335807,14.66,,1015,0.000,2524,452,0
2017/3/24,15:46:45,1.04e4,332164,14.67,,1015,0.000,2482,488,0
2017/3/24,15:47:00,1.04e4,332233,14.67,,1015,0.000,2467,493,0
2017/3/24,15:47:15,1.03e4,329011,14.67,,1015,0.000,2440,521,0
2017/3/24,15:47:30,1.01e4,323848,14.67,,1015,0.000,2507,483,0
2017/3/24,15:47:45,1.00e4,319641,14.68,,1015,0.000,2497,461,0
2017/3/24,15:48:00,9.95e3,317035,14.68,,1015,0.000,2458,501,0
2017/3/24,15:48:15,9.97e3,317566,14.68,,1015,0.000,2506,457,0
2017/3/24,15:48:30,9.86e3,314380,14.68,,1015,0.000,2486,495,0
2017/3/24,15:48:45,9.77e3,311522,14.69,,1015,0.000,2508,468,0
2017/3/24,15:49:00,9.79e3,311999,14.68,,1015,0.000,2512,462,0
2017/3/24,15:49:15,9.74e3,310498,14.69,,1015,0.000,2460,527,0
2017/3/24,15:49:30,9.76e3,311320,14.69,,1015,0.000,2500,460,0
2017/3/24,15:49:45,9.56e3,304818,14.69,,1015,0.000,2509,462,0
2017/3/24,15:50:00,9.40e3,299903,14.7,,1015,0.000,2504,463,0
2017/3/24,15:50:15,9.40e3,299924,14.7,,1015,0.000,2486,501,0
2017/3/24,15:50:30,9.34e3,298136,14.7,,1015,0.000,2489,491,0
2017/3/24,15:50:45,9.33e3,297826,14.7,,1015,0.000,2489,491,0
2017/3/24,15:51:00,9.41e3,300312,14.7,,1015,0.000,2504,488,0
2017/3/24,15:51:15,9.30e3,296765,14.7,,1015,0.000,2495,489,0
2017/3/24,15:51:30,9.16e3,292487,14.7,,1015,0.000,2471,500,0
2017/3/24,15:51:45,9.09e3,290272,14.71,,1015,0.000,2513,469,0
2017/3/24,15:52:00,8.97e3,286464,14.71,,1015,0.000,2515,477,0
2017/3/24,15:52:15,8.92e3,284784,14.71,,1015,0.000,2534,445,0
2017/3/24,15:52:30,8.87e3,283323,14.71,,1015,0.000,2503,495,0
2017/3/24,15:52:45,8.80e3,281052,14.72,,1015,0.000,2503,499,0
2017/3/24,15:53:00,8.69e3,277858,14.72,,1015,0.000,2480,485,0
2017/3/24,15:53:15,8.81e3,281450,14.72,,1015,0.000,2503,496,0
2017/3/24,15:53:30,8.72e3,278569,14.72,,1015,0.000,2530,457,0
2017/3/24,15:53:45,8.66e3,276883,14.72,,1015,0.000,2487,491,0
2017/3/24,15:54:00,8.55e3,273244,14.72,,1015,0.000,2490,513,0
2017/3/24,15:54:15,8.38e3,267934,14.73,,1015,0.000,2500,498,0
2017/3/24,15:54:30,8.32e3,266284,14.73,,1015,0.000,2524,461,0
2017/3/24,15:54:45,8.34e3,266863,14.73,,1015,0.000,2470,517,0
2017/3/24,15:55:00,8.31e3,265803,14.73,,1015,0.000,2474,515,0
2017/3/24,15:55:15,8.28e3,264948,14.73,,1015,0.000,2515,479,0
2017/3/24,15:55:30,8.19e3,262058,14.73,,1015,0.000,2478,509,0
2017/3/24,15:55:45,8.12e3,259746,14.74,,1015,0.000,2519,488,0
2017/3/24,15:56:00,8.08e3,258657,14.74,,1015,0.000,2510,468,0
2017/3/24,15:56:15,8.04e3,257331,14.74,,1015,0.000,2503,495,0
2017/3/24,15:56:30,7.97e3,255320,14.74,,1014,0.000,2512,487,0
2017/3/24,15:56:45,7.98e3,255482,14.74,,1015,0.000,2486,526,0
2017/3/24,15:57:00,7.89e3,252526,14.74,,1015,0.000,2491,484,0
2017/3/24,15:57:15,7.85e3,251396,14.75,,1014,0.000,2542,449,0
2017/3/24,15:57:30,7.81e3,250142,14.75,,1014,0.000,2479,512,0
2017/3/24,15:57:45,7.70e3,246809,14.75,,1014,0.000,2526,476,0
2017/3/24,15:58:00,7.62e3,244298,14.75,,1015,0.000,2506,466,0
2017/3/24,15:58:15,7.63e3,244555,14.75,,1015,0.000,2506,505,0
2017/3/24,15:58:30,7.50e3,240353,14.76,,1014,0.000,2510,494,0
2017/3/24,15:58:45,7.55e3,241962,14.75,,1014,0.000,2493,502,0
2017/3/24,15:59:00,7.54e3,241625,14.75,,1015,0.000,2512,479,0
2017/3/24,15:59:15,7.53e3,241470,14.75,,1015,0.000,2507,501,0
2017/3/24,15:59:30,7.37e3,236155,14.76,,1014,0.000,2474,499,0
2017/3/24,15:59:45,7.31e3,234480,14.76,,1014,0.000,2552,423,0
2017/3/24,16:00:00,7.21e3,231329,14.76,,1014,0.000,2530,462,0
2017/3/24,16:00:15,7.29e3,233787,14.76,,1014,0.000,2526,465,0
2017/3/24,16:00:30,7.19e3,230755,14.77,,1014,0.000,2495,502,0
2017/3/24,16:00:45,7.23e3,231912,14.76,,1014,0.000,2541,460,0
2017/3/24,16:01:00,7.15e3,229534,14.77,,1014,0.000,2523,479,0
2017/3/24,16:01:15,7.11e3,228045,14.77,,1014,0.000,2521,483,0
2017/3/24,16:01:30,7.03e3,225743,14.77,,1014,0.000,2526,474,0
2017/3/24,16:01:45,7.00e3,224747,14.77,,1014,0.000,2542,461,0
2017/3/24,16:02:00,6.95e3,223006,14.77,,1014,0.000,2510,479,0
2017/3/24,16:02:15,6.92e3,222002,14.77,,1014,0.000,2490,515,0
2017/3/24,16:02:30,6.89e3,221317,14.77,,1014,0.000,2500,498,0
2017/3/24,16:02:45,6.87e3,220634,14.78,,1014,0.000,2510,482,0
2017/3/24,16:03:00,6.79e3,217868,14.78,,1014,0.000,2502,498,0
2017/3/24,16:03:15,6.72e3,215724,14.78,,1014,0.000,2530,468,0
2017/3/24,16:03:30,6.73e3,215953,14.78,,1014,0.000,2521,465,0
2017/3/24,16:03:45,6.72e3,215944,14.78,,1014,0.000,2520,474,0
2017/3/24,16:04:00,6.61e3,212431,14.78,,1014,0.000,2492,510,0
2017/3/24,16:04:15,6.60e3,211924,14.78,,1014,0.000,2493,509,0
2017/3/24,16:04:30,6.55e3,210487,14.79,,1014,0.000,2517,476,0
2017/3/24,16:04:45,6.47e3,207820,14.79,,1014,0.000,2531,472,0
2017/3/24,16:05:00,6.48e3,208325,14.79,,1014,0.000,2540,446,0
2017/3/24,16:05:15,6.45e3,207242,14.79,,1014,0.000,2536,471,0
2017/3/24,16:05:30,6.37e3,204684,14.79,,1014,0.000,2504,494,0
2017/3/24,16:05:45,6.37e3,204624,14.79,,1014,0.000,2512,499,0
2017/3/24,16:06:00,6.31e3,202854,14.79,,1014,0.000,2534,465,0
2017/3/24,16:06:15,6.30e3,202427,14.79,,1014,0.000,2540,490,0
2017/3/24,16:06:30,6.22e3,199943,14.8,,1014,0.000,2541,440,0
2017/3/24,16:06:45,6.22e3,200018,14.79,,1014,0.000,2519,507,0
2017/3/24,16:07:00,6.20e3,199511,14.8,,1014,0.000,2508,511,0
2017/3/24,16:07:15,6.16e3,198056,14.8,,1014,0.000,2503,507,0
2017/3/24,16:07:30,6.13e3,197153,14.8,,1014,0.000,2517,487,0
2017/3/24,16:07:45,6.04e3,194349,14.8,,1014,0.000,2542,441,0
2017/3/24,16:08:00,6.04e3,194292,14.8,,1014,0.000,2501,488,0
2017/3/24,16:08:15,5.96e3,191733,14.8,,1014,0.000,2545,487,0
