TSI CPC DATA VERSION 3
1490982047,2017/3/31,17:40:47
15
1.08,130
Model 3783 Ver 1.27 S/N 3783111302
"Date","Time","Concentration","Count"," Live-Time","Blank","Abs Press"," Analog In","Pulse Height"," Pulse STD","Status Flags"
2017/3/31,17:40:37,126,4123,14.99,,1013,0.000,2615,457,0
2017/3/31,17:40:52,122,3975,14.99,,1013,0.000,2601,461,0
2017/3/31,17:41:07,117,3808,14.99,,1013,0.000,2603,468,0
2017/3/31,17:41:22,147,4786,14.99,,1013,0.000,2615,447,0
2017/3/31,17:41:37,163,5314,14.99,,1013,0.000,2642,416,0
2017/3/31,17:41:52,167,5458,14.99,,1013,0.000,2604,473,0
2017/3/31,17:42:07,164,5339,14.99,,1013,0.000,2624,429,0
2017/3/31,17:42:22,160,5213,14.99,,1013,0.000,2631,423,0
2017/3/31,17:42:37,163,5325,14.99,,1013,0.000,2618,437,0
2017/3/31,17:42:52,162,5268,14.99,,1013,0.000,2606,447,0
2017/3/31,17:43:07,162,5294,14.99,,1013,0.000,2597,468,0
2017/3/31,17:43:22,167,5435,14.99,,1013,0.000,2625,416,0
2017/3/31,17:43:37,159,5173,14.99,,1013,0.000,2631,428,0
2017/3/31,17:43:52,163,5329,14.99,,1013,0.000,2634,424,0
2017/3/31,17:44:07,155,5052,14.99,,1013,0.000,2623,415,0
2017/3/31,17:44:22,172,5613,14.99,,1013,0.000,2600,456,0
2017/3/31,17:44:37,165,5378,14.99,,1013,0.000,2611,457,0
2017/3/31,17:44:52,155,5069,14.99,,1012,0.000,2595,460,0
2017/3/31,17:45:07,155,5043,14.99,,1013,0.000,2603,463,0
2017/3/31,17:45:22,158,5155,14.99,,1013,0.000,2620,446,0
2017/3/31,17:45:37,157,5104,14.99,,1013,0.000,2603,449,0
2017/3/31,17:45:52,151,4914,14.99,,1013,0.000,2611,438,0
2017/3/31,17:46:08,160,5201,14.99,,1013,0.000,2598,438,0
2017/3/31,17:46:22,181,5889,14.99,,1013,0.000,2631,426,0
2017/3/31,17:46:37,232,7551,14.99,,1013,0.000,2614,429,0
2017/3/31,17:46:52,236,7696,14.99,,1013,0.000,2631,429,0
2017/3/31,17:47:07,299,9729,14.99,,1012,0.000,2598,456,0
2017/3/31,17:47:22,330,10746,14.99,,1013,0.000,2633,419,0
2017/3/31,17:47:37,311,10135,14.99,,1012,0.000,2607,457,0
2017/3/31,17:47:52,292,9520,14.99,,1013,0.000,2606,458,0
2017/3/31,17:48:07,276,8975,14.99,,1013,0.000,2634,410,0
2017/3/31,17:48:22,277,9022,14.99,,1012,0.000,2656,410,0
2017/3/31,17:48:37,271,8839,14.99,,1013,0.000,2612,450,0
2017/3/31,17:48:52,278,9065,14.99,,1013,0.000,2618,430,0
2017/3/31,17:49:07,277,9022,14.99,,1013,0.000,2636,405,0
2017/3/31,17:49:22,282,9188,14.99,,1013,0.000,2628,417,0
2017/3/31,17:49:37,281,9156,14.99,,1012,0.000,2625,444,0
2017/3/31,17:49:52,289,9399,14.99,,1013,0.000,2635,428,0
2017/3/31,17:50:07,281,9158,14.99,,1012,0.000,2629,426,0
2017/3/31,17:50:22,289,9394,14.99,,1013,0.000,2600,454,0
2017/3/31,17:50:37,284,9244,14.99,,1013,0.000,2645,407,0
2017/3/31,17:50:52,277,9033,14.99,,1012,0.000,2613,450,0
2017/3/31,17:51:07,286,9317,14.99,,1012,0.000,2639,432,0
2017/3/31,17:51:22,300,9762,14.99,,1012,0.000,2598,447,0
2017/3/31,17:51:37,292,9506,14.99,,1013,0.000,2589,471,0
2017/3/31,17:51:52,312,10167,14.99,,1013,0.000,2628,428,0
2017/3/31,17:52:07,308,10018,14.99,,1012,0.000,2618,429,0
2017/3/31,17:52:22,302,9816,14.99,,1013,0.000,2595,478,0
2017/3/31,17:52:37,305,9940,14.99,,1013,0.000,2620,432,0
2017/3/31,17:52:52,308,10017,14.99,,1013,0.000,2640,394,0
2017/3/31,17:53:07,295,9592,14.99,,1012,0.000,2618,426,0
2017/3/31,17:53:22,311,10127,14.99,,1013,0.000,2630,422,0
2017/3/31,17:53:37,317,10306,14.99,,1013,0.000,2614,446,0
2017/3/31,17:53:52,317,10334,14.99,,1012,0.000,2603,460,0
2017/3/31,17:54:07,318,10343,14.99,,1013,0.000,2657,395,0
2017/3/31,17:54:22,320,10416,14.99,,1013,0.000,2652,406,0
2017/3/31,17:54:37,332,10799,14.99,,1013,0.000,2622,434,0
2017/3/31,17:54:52,405,13164,14.98,,1013,0.000,2626,422,0
2017/3/31,17:55:07,466,15160,14.98,,1012,0.000,2640,407,0
2017/3/31,17:55:22,464,15095,14.98,,1012,0.000,2619,427,0
2017/3/31,17:55:37,472,15372,14.98,,1012,0.000,2615,435,0
2017/3/31,17:55:52,512,16661,14.98,,1012,0.000,2635,428,0
2017/3/31,17:56:07,3.93e4,1118806,13.92,,1013,0.000,2280,535,0
2017/3/31,17:56:23,2.26e3,73658,14.92,,1012,0.000,2652,366,0
2017/3/31,17:56:38,5.31e3,170563,14.83,,1012,0.000,2614,383,0
2017/3/31,17:56:53,1.08e4,343580,14.66,,1013,0.000,2563,405,0
2017/3/31,17:57:08,3.99e4,1174702,13.86,,1013,0.000,2286,491,0
2017/3/31,17:57:23,4.97e4,1458168,13.6,,1012,0.000,2199,501,0
2017/3/31,17:57:38,9.65e4,2562204,12.48,,1013,0.000,1949,509,0
2017/3/31,17:57:53,2.12e5,4572454,10.06,,1012,0.000,1696,539,0
2017/3/31,17:58:08,2.38e5,4901244,9.578,,1012,0.000,1658,537,0
2017/3/31,17:58:23,3.34e5,5756398,8.031,,1012,0.000,1550,562,0
2017/3/31,17:58:38,3.70e5,5958841,7.516,,1012,0.000,1525,568,0
2017/3/31,17:58:53,4.52e5,6306972,6.45,,1013,0.000,1469,585,0
2017/3/31,17:59:08,4.28e5,6229498,6.743,,1012,0.000,1434,557,0
2017/3/31,17:59:23,4.34e5,6255346,6.691,,1012,0.000,1455,577,0
2017/3/31,17:59:38,4.61e5,6329917,6.36,,1012,0.000,1468,595,0
2017/3/31,17:59:53,4.73e5,6366462,6.209,,1012,0.000,1444,579,0
2017/3/31,18:00:08,5.05e5,6416643,5.884,,1012,0.000,1380,559,0
2017/3/31,18:00:23,5.42e5,6457790,5.495,,1013,0.000,1405,573,0
2017/3/31,18:00:38,5.06e5,6417268,5.863,,1012,0.000,1423,589,0
2017/3/31,18:00:53,5.37e5,6438787,5.556,,1012,0.000,1422,581,0
2017/3/31,18:01:08,5.65e5,6456560,5.274,,1012,0.000,1391,599,0
2017/3/31,18:01:23,5.97e5,6454978,4.994,,1012,0.000,1387,581,0
2017/3/31,18:01:38,5.85e5,6438944,5.088,,1013,0.000,1378,572,0
2017/3/31,18:01:53,5.93e5,6451488,5.017,,1013,0.000,1402,601,0
2017/3/31,18:02:08,6.19e5,6439910,4.804,,1012,0.000,1385,579,0
2017/3/31,18:02:23,5.98e5,6446951,4.989,,1012,0.000,1411,578,0
2017/3/31,18:02:38,6.67e5,6391179,4.458,,1012,0.000,1376,593,0
2017/3/31,18:02:53,6.82e5,6384022,4.325,,1013,0.000,1395,599,0
2017/3/31,18:03:08,6.15e5,6441927,4.832,,1012,0.000,1412,585,0
2017/3/31,18:03:23,6.37e5,6439546,4.664,,1012,0.000,1339,589,0
2017/3/31,18:03:38,6.11e5,6445344,4.871,,1012,0.000,1400,596,0
2017/3/31,18:03:53,6.32e5,6424802,4.698,,1012,0.000,1458,599,0
2017/3/31,18:04:08,6.53e5,6415983,4.533,,1013,0.000,1359,603,0
2017/3/31,18:04:23,6.52e5,6422833,4.55,,1013,0.000,1367,593,0
2017/3/31,18:04:38,6.27e5,6438050,4.741,,1012,0.000,1364,574,0
2017/3/31,18:04:53,6.13e5,6447643,4.85,,1012,0.000,1365,593,0
2017/3/31,18:05:08,6.19e5,6445278,4.807,,1012,0.000,1431,611,0
2017/3/31,18:05:23,6.26e5,6442859,4.753,,1012,0.000,1386,596,0
2017/3/31,18:05:38,6.30e5,6442170,4.716,,1013,0.000,1369,589,0
2017/3/31,18:05:53,6.15e5,6442537,4.829,,1013,0.000,1392,609,0
2017/3/31,18:06:08,6.01e5,6446532,4.949,,1012,0.000,1379,572,0
2017/3/31,18:06:23,6.01e5,6453700,4.956,,1013,0.000,1400,599,0
2017/3/31,18:06:38,5.80e5,6450430,5.126,,1013,0.000,1419,593,0
2017/3/31,18:06:53,5.72e5,6461622,5.215,,1012,0.000,1419,599,0
2017/3/31,18:07:08,5.72e5,6455430,5.208,,1012,0.000,1394,570,0
2017/3/31,18:07:23,5.69e5,6452066,5.234,,1012,0.000,1467,609,0
2017/3/31,18:07:38,5.70e5,6456615,5.226,,1012,0.000,1419,599,0
2017/3/31,18:07:53,5.62e5,6458910,5.306,,1012,0.000,1368,581,0
2017/3/31,18:08:08,5.44e5,6456344,5.473,,1012,0.000,1408,576,0
2017/3/31,18:08:23,5.36e5,6451906,5.551,,1013,0.000,1420,589,0
2017/3/31,18:08:38,5.43e5,6451767,5.485,,1013,0.000,1424,596,0
2017/3/31,18:08:53,5.23e5,6439290,5.682,,1012,0.000,1423,576,0
2017/3/31,18:09:08,5.26e5,6434743,5.647,,1012,0.000,1425,585,0
2017/3/31,18:09:23,5.23e5,6442806,5.681,,1012,0.000,1446,594,0
2017/3/31,18:09:38,5.17e5,6428617,5.739,,1012,0.000,1378,570,0
2017/3/31,18:09:53,5.02e5,6416437,5.89,,1012,0.000,1492,584,0
2017/3/31,18:10:08,5.02e5,6419762,5.9,,1013,0.000,1452,572,0
2017/3/31,18:10:23,5.00e5,6409873,5.909,,1012,0.000,1473,592,0
2017/3/31,18:10:38,4.92e5,6405131,6.009,,1012,0.000,1416,587,0
2017/3/31,18:10:53,4.97e5,6401501,5.942,,1012,0.000,1458,576,0
2017/3/31,18:11:08,4.93e5,6401028,5.987,,1013,0.000,1423,593,0
2017/3/31,18:11:23,4.93e5,6409456,5.997,,1012,0.000,1441,603,0
2017/3/31,18:11:38,4.82e5,6386137,6.106,,1012,0.000,1425,573,0
2017/3/31,18:11:53,4.69e5,6360621,6.252,,1012,0.000,1459,589,0
2017/3/31,18:12:08,4.55e5,6305206,6.461,,1012,0.000,1464,600,0
2017/3/31,18:12:23,4.60e5,6349782,6.37,,1012,0.000,1470,584,0
2017/3/31,18:12:38,4.57e5,6333139,6.39,,1012,0.000,1459,599,0
2017/3/31,18:12:53,4.55e5,6330059,6.421,,1012,0.000,1488,583,0
2017/3/31,18:13:08,4.47e5,6307232,6.503,,1012,0.000,1485,570,0
2017/3/31,18:13:23,4.42e5,6303563,6.574,,1012,0.000,1455,567,0
2017/3/31,18:13:38,4.40e5,6293534,6.588,,1012,0.000,1458,604,0
2017/3/31,18:13:53,4.35e5,6275246,6.657,,1012,0.000,1463,565,0
2017/3/31,18:14:08,4.33e5,6271017,6.677,,1012,0.000,1452,588,0
2017/3/31,18:14:23,4.27e5,6260063,6.756,,1012,0.000,1495,585,0
2017/3/31,18:14:38,4.18e5,6219246,6.856,,1012,0.000,1474,584,0
2017/3/31,18:14:53,4.07e5,6181218,6.995,,1012,0.000,1483,559,0
2017/3/31,18:15:08,4.08e5,6187880,6.986,,1012,0.000,1466,544,0
2017/3/31,18:15:23,4.04e5,6170011,7.046,,1012,0.000,1505,568,0
2017/3/31,18:15:38,3.98e5,6148123,7.114,,1012,0.000,1495,599,0
2017/3/31,18:15:53,3.92e5,6122189,7.196,,1012,0.000,1506,576,0
2017/3/31,18:16:08,3.93e5,6124704,7.187,,1012,0.000,1499,555,0
2017/3/31,18:16:23,3.88e5,6103871,7.258,,1012,0.000,1488,574,0
2017/3/31,18:16:38,3.80e5,6063455,7.353,,1012,0.000,1475,570,0
2017/3/31,18:16:53,3.75e5,6035721,7.426,,1012,0.000,1523,571,0
2017/3/31,18:17:08,3.75e5,6034066,7.421,,1012,0.000,1479,562,0
2017/3/31,18:17:23,3.72e5,6021619,7.461,,1012,0.000,1464,582,0
2017/3/31,18:17:38,3.66e5,5985044,7.529,,1012,0.000,1527,556,0
2017/3/31,18:17:53,3.66e5,5984107,7.547,,1012,0.000,1496,600,0
2017/3/31,18:18:08,3.64e5,5984527,7.569,,1012,0.000,1568,552,0
2017/3/31,18:18:23,3.61e5,5968380,7.624,,1012,0.000,1500,554,0
2017/3/31,18:18:38,3.58e5,5946658,7.661,,1012,0.000,1534,551,0
2017/3/31,18:18:53,3.52e5,5914204,7.749,,1012,0.000,1533,560,0
2017/3/31,18:19:08,3.44e5,5869370,7.862,,1012,0.000,1542,551,0
2017/3/31,18:19:23,3.45e5,5866695,7.85,,1012,0.000,1518,537,0
2017/3/31,18:19:38,3.37e5,5817412,7.955,,1012,0.000,1528,560,0
2017/3/31,18:19:53,3.36e5,5806149,7.972,,1012,0.000,1540,552,0
2017/3/31,18:20:08,3.38e5,5824044,7.941,,1012,0.000,1524,581,0
2017/3/31,18:20:23,3.34e5,5808017,8.006,,1012,0.000,1531,535,0
2017/3/31,18:20:38,3.33e5,5796424,8.011,,1012,0.000,1525,559,0
2017/3/31,18:20:53,3.28e5,5761955,8.109,,1012,0.000,1540,548,0
2017/3/31,18:21:08,3.25e5,5745441,8.141,,1012,0.000,1511,543,0
2017/3/31,18:21:23,3.19e5,5697374,8.236,,1012,0.000,1568,559,0
2017/3/31,18:21:38,3.16e5,5678985,8.27,,1012,0.000,1560,559,0
2017/3/31,18:21:53,3.14e5,5662691,8.31,,1012,0.000,1552,576,0
2017/3/31,18:22:08,3.11e5,5640008,8.352,,1012,0.000,1516,549,0
2017/3/31,18:22:23,3.08e5,5621811,8.401,,1012,0.000,1542,538,0
2017/3/31,18:22:38,3.04e5,5588669,8.468,,1012,0.000,1542,552,0
2017/3/31,18:22:53,2.97e5,5523282,8.578,,1012,0.000,1573,571,0
2017/3/31,18:23:08,3.04e5,5581258,8.469,,1012,0.000,1569,501,0
2017/3/31,18:23:23,3.01e5,5564446,8.515,,1012,0.000,1578,550,0
2017/3/31,18:23:38,2.99e5,5547158,8.54,,1012,0.000,1579,541,0
2017/3/31,18:23:53,2.97e5,5524537,8.577,,1012,0.000,1589,546,0
2017/3/31,18:24:08,2.94e5,5496012,8.623,,1012,0.000,1593,550,0
2017/3/31,18:24:23,2.92e5,5484656,8.653,,1012,0.000,1560,560,0
2017/3/31,18:24:38,2.89e5,5453499,8.693,,1012,0.000,1553,560,0
2017/3/31,18:24:53,2.87e5,5435700,8.735,,1012,0.000,1567,501,0
2017/3/31,18:25:08,2.86e5,5423685,8.744,,1012,0.000,1561,544,0
2017/3/31,18:25:23,2.86e5,5425175,8.734,,1012,0.000,1563,554,0
2017/3/31,18:25:38,2.82e5,5392677,8.814,,1012,0.000,1566,562,0
2017/3/31,18:25:53,2.79e5,5363617,8.867,,1012,0.000,1575,563,0
2017/3/31,18:26:08,2.76e5,5338432,8.904,,1012,0.000,1580,531,0
2017/3/31,18:26:23,2.74e5,5317318,8.948,,1012,0.000,1599,544,0
2017/3/31,18:26:38,2.72e5,5297519,8.98,,1012,0.000,1607,552,0
2017/3/31,18:26:53,2.70e5,5281305,9.016,,1012,0.000,1583,552,0
2017/3/31,18:27:08,2.68e5,5261107,9.037,,1012,0.000,1634,572,0
2017/3/31,18:27:23,2.69e5,5272747,9.027,,1012,0.000,1593,549,0
2017/3/31,18:27:38,2.66e5,5240782,9.065,,1012,0.000,1601,545,0
2017/3/31,18:27:53,2.59e5,5157104,9.225,,1012,0.000,1586,579,0
2017/3/31,18:28:08,2.60e5,5175071,9.185,,1012,0.000,1608,551,0
2017/3/31,18:28:23,2.60e5,5182811,9.187,,1012,0.000,1612,556,0
2017/3/31,18:28:38,2.59e5,5165127,9.199,,1012,0.000,1611,527,0
2017/3/31,18:28:53,2.61e5,5188775,9.165,,1012,0.000,1605,545,0
2017/3/31,18:29:08,2.59e5,5167263,9.201,,1012,0.000,1600,559,0
2017/3/31,18:29:23,2.55e5,5135090,9.264,,1012,0.000,1671,538,0
2017/3/31,18:29:38,2.49e5,5064631,9.361,,1012,0.000,1635,546,0
2017/3/31,18:29:53,2.45e5,5022823,9.438,,1012,0.000,1639,538,0
2017/3/31,18:30:08,2.46e5,5028462,9.43,,1012,0.000,1649,539,0
2017/3/31,18:30:23,2.48e5,5057640,9.384,,1012,0.000,1604,539,0
2017/3/31,18:30:38,2.44e5,5012688,9.449,,1012,0.000,1634,516,0
2017/3/31,18:30:53,2.43e5,5003040,9.475,,1012,0.000,1644,557,0
2017/3/31,18:31:08,2.41e5,4973421,9.522,,1012,0.000,1654,517,0
2017/3/31,18:31:23,2.38e5,4952166,9.565,,1012,0.000,1625,557,0
2017/3/31,18:31:38,2.36e5,4923597,9.599,,1012,0.000,1645,543,0
2017/3/31,18:31:53,2.36e5,4919166,9.608,,1012,0.000,1671,511,0
2017/3/31,18:32:08,2.38e5,4942095,9.572,,1012,0.000,1652,562,0
2017/3/31,18:32:23,2.37e5,4932959,9.596,,1012,0.000,1644,498,0
2017/3/31,18:32:38,2.35e5,4906250,9.626,,1012,0.000,1660,502,0
2017/3/31,18:32:53,2.33e5,4886754,9.653,,1012,0.000,1649,543,0
2017/3/31,18:33:08,2.32e5,4873213,9.675,,1012,0.000,1658,539,0
2017/3/31,18:33:23,2.32e5,4869847,9.686,,1012,0.000,1658,528,0
2017/3/31,18:33:38,2.34e5,4901379,9.641,,1012,0.000,1669,529,0
2017/3/31,18:33:53,2.32e5,4874681,9.685,,1012,0.000,1643,527,0
2017/3/31,18:34:08,2.34e5,4895724,9.644,,1012,0.000,1641,539,0
2017/3/31,18:34:23,2.31e5,4867922,9.699,,1012,0.000,1632,557,0
2017/3/31,18:34:38,2.30e5,4847914,9.718,,1012,0.000,1662,532,0
2017/3/31,18:34:53,2.27e5,4810183,9.77,,1012,0.000,1665,533,0
2017/3/31,18:35:08,2.29e5,4841915,9.723,,1012,0.000,1680,529,0
2017/3/31,18:35:23,2.27e5,4814915,9.774,,1012,0.000,1690,563,0
2017/3/31,18:35:38,2.28e5,4830493,9.747,,1012,0.000,1655,528,0
2017/3/31,18:35:53,2.25e5,4791489,9.804,,1012,0.000,1680,509,0
2017/3/31,18:36:08,2.28e5,4828171,9.759,,1012,0.000,1683,541,0
2017/3/31,18:36:23,2.27e5,4823017,9.769,,1012,0.000,1657,526,0
2017/3/31,18:36:38,2.25e5,4791302,9.813,,1012,0.000,1677,535,0
2017/3/31,18:36:53,2.24e5,4779697,9.822,,1012,0.000,1684,524,0
2017/3/31,18:37:08,2.22e5,4757681,9.857,,1012,0.000,1662,532,0
2017/3/31,18:37:23,2.25e5,4795245,9.808,,1012,0.000,1668,513,0
2017/3/31,18:37:38,2.22e5,4759017,9.854,,1012,0.000,1701,537,0
2017/3/31,18:37:53,2.19e5,4725091,9.916,,1012,0.000,1644,513,0
2017/3/31,18:38:08,2.19e5,4721877,9.916,,1012,0.000,1680,520,0
2017/3/31,18:38:23,2.20e5,4726706,9.899,,1012,0.000,1668,509,0
2017/3/31,18:38:38,2.19e5,4711546,9.925,,1012,0.000,1689,535,0
2017/3/31,18:38:53,2.20e5,4735954,9.894,,1012,0.000,1684,539,0
2017/3/31,18:39:08,2.17e5,4692637,9.954,,1012,0.000,1668,552,0
2017/3/31,18:39:23,2.18e5,4703010,9.95,,1012,0.000,1689,518,0
2017/3/31,18:39:38,2.20e5,4731378,9.905,,1012,0.000,1672,522,0
2017/3/31,18:39:53,2.17e5,4698644,9.955,,1012,0.000,1660,518,0
2017/3/31,18:40:08,2.20e5,4737143,9.899,,1012,0.000,1667,535,0
2017/3/31,18:40:23,2.29e5,4840372,9.743,,1012,0.000,1669,507,0
2017/3/31,18:40:38,2.11e5,4613573,10.06,,1012,0.000,1660,529,0
2017/3/31,18:40:53,1.95e5,4391910,10.37,,1012,0.000,1706,545,0
2017/3/31,18:41:08,1.88e5,4287705,10.5,,1012,0.000,1726,532,0
2017/3/31,18:41:23,1.75e5,4089044,10.77,,1012,0.000,1802,515,0
2017/3/31,18:41:38,1.65e5,3924331,10.97,,1012,0.000,1778,524,0
2017/3/31,18:41:53,1.56e5,3774529,11.16,,1012,0.000,1805,507,0
2017/3/31,18:42:08,1.54e5,3739485,11.19,,1012,0.000,1788,494,0
2017/3/31,18:42:23,1.52e5,3705838,11.23,,1012,0.000,1837,478,0
2017/3/31,18:42:38,1.45e5,3581563,11.38,,1012,0.000,1826,513,0
2017/3/31,18:42:53,1.44e5,3571046,11.39,,1012,0.000,1831,512,0
2017/3/31,18:43:08,1.37e5,3446693,11.53,,1012,0.000,1854,513,0
2017/3/31,18:43:23,1.31e5,3328697,11.68,,1012,0.000,1862,504,0
2017/3/31,18:43:38,1.24e5,3183238,11.85,,1012,0.000,1850,522,0
2017/3/31,18:43:53,1.22e5,3155764,11.87,,1012,0.000,1865,504,0
2017/3/31,18:44:08,1.18e5,3063319,11.97,,1012,0.000,1884,523,0
2017/3/31,18:44:23,1.09e5,2877075,12.17,,1012,0.000,1885,529,0
2017/3/31,18:44:38,1.12e5,2945539,12.09,,1012,0.000,1898,490,0
2017/3/31,18:44:53,1.03e5,2748544,12.31,,1012,0.000,1890,505,0
2017/3/31,18:45:08,1.02e5,2735712,12.32,,1012,0.000,1927,480,0
2017/3/31,18:45:23,9.95e4,2673379,12.39,,1012,0.000,1911,491,0
2017/3/31,18:45:38,9.53e4,2581445,12.49,,1012,0.000,1925,489,0
2017/3/31,18:45:53,9.42e4,2555932,12.51,,1012,0.000,1934,489,0
2017/3/31,18:46:08,9.02e4,2466148,12.6,,1012,0.000,1901,528,0
2017/3/31,18:46:23,8.65e4,2380048,12.69,,1012,0.000,1967,504,0
2017/3/31,18:46:38,8.41e4,2326335,12.75,,1012,0.000,1973,517,0
2017/3/31,18:46:53,8.40e4,2322987,12.75,,1012,0.000,2011,456,0
2017/3/31,18:47:08,8.05e4,2240803,12.84,,1012,0.000,2000,474,0
2017/3/31,18:47:23,7.65e4,2146550,12.93,,1012,0.000,2017,498,0
2017/3/31,18:47:38,7.56e4,2125065,12.95,,1012,0.000,2036,468,0
2017/3/31,18:47:53,7.20e4,2036673,13.04,,1012,0.000,2038,500,0
2017/3/31,18:48:08,6.90e4,1962466,13.11,,1012,0.000,2060,506,0
2017/3/31,18:48:23,6.74e4,1922901,13.15,,1012,0.000,2042,498,0
2017/3/31,18:48:38,6.66e4,1901659,13.17,,1012,0.000,2066,524,0
2017/3/31,18:48:53,6.46e4,1852316,13.22,,1012,0.000,2078,513,0
2017/3/31,18:49:08,6.09e4,1757828,13.31,,1012,0.000,2073,548,0
2017/3/31,18:49:23,5.86e4,1701018,13.37,,1012,0.000,2105,515,0
2017/3/31,18:49:38,5.91e4,1713268,13.36,,1012,0.000,2115,502,0
2017/3/31,18:49:53,5.54e4,1616699,13.45,,1012,0.000,2139,496,0
2017/3/31,18:50:08,5.36e4,1569891,13.49,,1012,0.000,2136,541,0
2017/3/31,18:50:23,5.31e4,1556561,13.5,,1012,0.000,2138,531,0
2017/3/31,18:50:38,5.05e4,1486247,13.57,,1012,0.000,2142,566,0
2017/3/31,18:50:53,5.14e4,1510515,13.55,,1012,0.000,2188,482,0
2017/3/31,18:51:08,4.90e4,1447125,13.61,,1012,0.000,2204,501,0
2017/3/31,18:51:23,4.72e4,1398512,13.66,,1012,0.000,2210,504,0
2017/3/31,18:51:38,4.53e4,1346291,13.7,,1012,0.000,2205,515,0
2017/3/31,18:51:53,4.27e4,1276415,13.77,,1012,0.000,2246,509,0
2017/3/31,18:52:08,4.18e4,1252336,13.79,,1012,0.000,2248,487,0
2017/3/31,18:52:23,4.12e4,1234576,13.81,,1012,0.000,2197,538,0
2017/3/31,18:52:38,4.10e4,1229055,13.82,,1012,0.000,2246,523,0
2017/3/31,18:52:53,4.02e4,1208058,13.83,,1012,0.000,2260,518,0
2017/3/31,18:53:08,3.74e4,1129853,13.91,,1012,0.000,2263,544,0
2017/3/31,18:53:23,3.54e4,1072716,13.96,,1012,0.000,2270,538,0
2017/3/31,18:53:38,3.57e4,1081505,13.95,,1012,0.000,2285,520,0
2017/3/31,18:53:53,3.38e4,1028984,14.0,,1012,0.000,2316,477,0
2017/3/31,18:54:08,3.43e4,1042830,13.99,,1012,0.000,2293,539,0
2017/3/31,18:54:23,3.40e4,1033327,14.0,,1012,0.000,2320,495,0
2017/3/31,18:54:38,3.19e4,972625,14.06,,1012,0.000,2319,506,0
2017/3/31,18:54:53,3.08e4,943079,14.08,,1012,0.000,2347,488,0
2017/3/31,18:55:08,3.09e4,945931,14.08,,1012,0.000,2329,510,0
2017/3/31,18:55:23,2.95e4,905530,14.12,,1012,0.000,2357,490,0
2017/3/31,18:55:38,2.93e4,899079,14.13,,1012,0.000,2353,504,0
2017/3/31,18:55:53,2.84e4,871566,14.15,,1012,0.000,2342,502,0
2017/3/31,18:56:08,2.72e4,836697,14.18,,1012,0.000,2354,529,0
2017/3/31,18:56:23,2.55e4,788988,14.23,,1012,0.000,2377,520,0
2017/3/31,18:56:38,2.50e4,773716,14.24,,1012,0.000,2387,511,0
2017/3/31,18:56:53,2.47e4,765533,14.25,,1012,0.000,2407,484,0
2017/3/31,18:57:08,2.38e4,738897,14.28,,1012,0.000,2430,471,0
2017/3/31,18:57:23,2.33e4,722806,14.29,,1012,0.000,2415,482,0
2017/3/31,18:57:38,2.26e4,703610,14.31,,1012,0.000,2386,502,0
2017/3/31,18:57:53,2.23e4,692751,14.32,,1012,0.000,2406,504,0
2017/3/31,18:58:08,2.10e4,654188,14.36,,1011,0.000,2407,491,0
2017/3/31,18:58:23,2.13e4,663473,14.35,,1012,0.000,2391,507,0
2017/3/31,18:58:38,2.03e4,634432,14.37,,1012,0.000,2420,531,0
2017/3/31,18:58:53,1.97e4,615916,14.39,,1012,0.000,2431,499,0
2017/3/31,18:59:08,1.93e4,603176,14.4,,1012,0.000,2426,512,0
2017/3/31,18:59:23,1.84e4,575877,14.43,,1011,0.000,2440,512,0
2017/3/31,18:59:38,1.76e4,553361,14.45,,1012,0.000,2448,482,0
2017/3/31,18:59:53,1.84e4,576252,14.43,,1012,0.000,2427,509,0
2017/3/31,19:00:08,1.72e4,542579,14.46,,1011,0.000,2445,488,0
2017/3/31,19:00:23,1.65e4,521105,14.48,,1012,0.000,2449,496,0
2017/3/31,19:00:38,1.62e4,509739,14.49,,1012,0.000,2440,521,0
2017/3/31,19:00:53,1.59e4,501218,14.5,,1012,0.000,2453,491,0
2017/3/31,19:01:08,1.55e4,489821,14.51,,1012,0.000,2519,447,0
2017/3/31,19:01:23,1.51e4,478022,14.53,,1012,0.000,2479,477,0
2017/3/31,19:01:38,1.52e4,481196,14.52,,1012,0.000,2458,498,0
2017/3/31,19:01:53,1.48e4,467567,14.53,,1012,0.000,2492,469,0
2017/3/31,19:02:08,1.44e4,456135,14.55,,1012,0.000,2513,458,0
2017/3/31,19:02:23,1.39e4,439495,14.56,,1012,0.000,2503,441,0
2017/3/31,19:02:38,1.32e4,420126,14.58,,1012,0.000,2478,489,0
2017/3/31,19:02:53,1.29e4,409487,14.59,,1012,0.000,2476,501,0
2017/3/31,19:03:08,1.27e4,403178,14.6,,1012,0.000,2493,493,0
2017/3/31,19:03:23,1.21e4,386418,14.61,,1012,0.000,2481,484,0
2017/3/31,19:03:38,1.19e4,378681,14.62,,1012,0.000,2482,495,0
2017/3/31,19:03:53,1.15e4,365341,14.63,,1012,0.000,2458,516,0
2017/3/31,19:04:08,1.17e4,371745,14.63,,1012,0.000,2524,466,0
2017/3/31,19:04:23,1.12e4,358391,14.64,,1011,0.000,2479,494,0
2017/3/31,19:04:38,1.07e4,341829,14.66,,1011,0.000,2482,516,0
2017/3/31,19:04:53,1.04e4,332302,14.66,,1012,0.000,2515,478,0
2017/3/31,19:05:08,1.03e4,330088,14.67,,1012,0.000,2559,440,0
2017/3/31,19:05:23,9.99e3,318185,14.68,,1011,0.000,2518,477,0
2017/3/31,19:05:38,9.59e3,305949,14.69,,1011,0.000,2531,466,0
2017/3/31,19:05:53,9.51e3,303291,14.69,,1011,0.000,2523,479,0
2017/3/31,19:06:08,9.28e3,296028,14.7,,1012,0.000,2517,466,0
2017/3/31,19:06:23,8.83e3,282071,14.71,,1012,0.000,2543,443,0
2017/3/31,19:06:38,8.87e3,283405,14.71,,1011,0.000,2529,482,0
2017/3/31,19:06:53,8.80e3,281139,14.71,,1012,0.000,2535,455,0
2017/3/31,19:07:08,8.50e3,271702,14.72,,1011,0.000,2559,430,0
2017/3/31,19:07:23,8.29e3,265124,14.73,,1012,0.000,2521,488,0
2017/3/31,19:07:38,8.04e3,257258,14.74,,1011,0.000,2528,496,0
2017/3/31,19:07:53,7.89e3,252714,14.74,,1012,0.000,2546,468,0
2017/3/31,19:08:08,7.65e3,244992,14.75,,1012,0.000,2551,458,0
2017/3/31,19:08:23,7.40e3,237267,14.76,,1011,0.000,2500,494,0
2017/3/31,19:08:38,7.37e3,236388,14.76,,1011,0.000,2546,460,0
2017/3/31,19:08:53,7.03e3,225589,14.77,,1011,0.000,2562,441,0
2017/3/31,19:09:08,6.99e3,224272,14.77,,1012,0.000,2557,455,0
2017/3/31,19:09:23,6.90e3,221411,14.77,,1012,0.000,2580,443,0
2017/3/31,19:09:38,6.54e3,210126,14.78,,1012,0.000,2554,458,0
2017/3/31,19:09:53,6.49e3,208410,14.79,,1012,0.000,2563,440,0
2017/3/31,19:10:08,6.37e3,204630,14.79,,1011,0.000,2553,458,0
2017/3/31,19:10:23,6.31e3,202909,14.79,,1012,0.000,2534,469,0
2017/3/31,19:10:38,6.02e3,193568,14.8,,1011,0.000,2539,499,0
2017/3/31,19:10:53,5.92e3,190422,14.8,,1011,0.000,2573,449,0
2017/3/31,19:11:08,5.95e3,191325,14.8,,1011,0.000,2554,474,0
2017/3/31,19:11:23,5.61e3,180551,14.81,,1011,0.000,2578,430,0
2017/3/31,19:11:38,5.57e3,179528,14.81,,1011,0.000,2581,454,0
2017/3/31,19:11:53,5.41e3,174202,14.82,,1011,0.000,2583,437,0
2017/3/31,19:12:08,5.25e3,169342,14.82,,1011,0.000,2565,460,0
2017/3/31,19:12:23,4.98e3,160718,14.83,,1012,0.000,2587,449,0
2017/3/31,19:12:38,4.93e3,159037,14.84,,1011,0.000,2612,430,0
2017/3/31,19:12:53,4.90e3,157911,14.84,,1011,0.000,2581,454,0
2017/3/31,19:13:08,4.82e3,155391,14.84,,1011,0.000,2559,478,0
2017/3/31,19:13:23,4.75e3,153309,14.84,,1011,0.000,2607,405,0
2017/3/31,19:13:38,4.66e3,150579,14.84,,1012,0.000,2573,444,0
2017/3/31,19:13:53,4.47e3,144324,14.85,,1011,0.000,2584,441,0
2017/3/31,19:14:08,4.41e3,142543,14.85,,1012,0.000,2565,457,0
2017/3/31,19:14:23,4.27e3,138178,14.86,,1011,0.000,2576,447,0
2017/3/31,19:14:38,4.16e3,134627,14.86,,1011,0.000,2596,435,0
2017/3/31,19:14:53,4.18e3,135207,14.86,,1011,0.000,2580,444,0
2017/3/31,19:15:08,4.04e3,130665,14.86,,1011,0.000,2604,417,0
2017/3/31,19:15:23,4.02e3,130055,14.86,,1011,0.000,2570,465,0
2017/3/31,19:15:38,3.81e3,123167,14.87,,1011,0.000,2592,452,0
2017/3/31,19:15:53,3.69e3,119313,14.88,,1011,0.000,2590,429,0
2017/3/31,19:16:08,3.57e3,115616,14.88,,1012,0.000,2583,451,0
2017/3/31,19:16:23,3.53e3,114257,14.88,,1011,0.000,2581,461,0
2017/3/31,19:16:38,3.53e3,114247,14.88,,1012,0.000,2583,447,0
2017/3/31,19:16:53,3.47e3,112491,14.88,,1011,0.000,2617,415,0
2017/3/31,19:17:08,3.40e3,110064,14.88,,1011,0.000,2589,434,0
2017/3/31,19:17:23,3.21e3,104293,14.89,,1011,0.000,2586,469,0
2017/3/31,19:17:38,3.20e3,103781,14.89,,1011,0.000,2593,435,0
2017/3/31,19:17:53,3.14e3,102016,14.89,,1011,0.000,2603,430,0
2017/3/31,19:18:08,3.02e3,98058,14.9,,1012,0.000,2592,435,0
2017/3/31,19:18:23,3.05e3,99261,14.9,,1011,0.000,2601,426,0
2017/3/31,19:18:38,2.93e3,95460,14.9,,1011,0.000,2615,407,0
2017/3/31,19:18:53,2.87e3,93277,14.9,,1012,0.000,2608,433,0
2017/3/31,19:19:08,2.83e3,92220,14.9,,1011,0.000,2567,466,0
2017/3/31,19:19:23,2.73e3,88785,14.91,,1012,0.000,2601,454,0
2017/3/31,19:19:38,2.73e3,89022,14.91,,1011,0.000,2625,401,0
2017/3/31,19:19:53,2.63e3,85661,14.91,,1011,0.000,2608,423,0
2017/3/31,19:20:08,2.63e3,85733,14.91,,1011,0.000,2586,444,0
2017/3/31,19:20:23,2.59e3,84191,14.91,,1011,0.000,2590,457,0
2017/3/31,19:20:38,2.48e3,80661,14.91,,1011,0.000,2593,441,0
2017/3/31,19:20:53,2.46e3,80089,14.92,,1012,0.000,2619,402,0
2017/3/31,19:21:08,2.35e3,76502,14.92,,1011,0.000,2622,423,0
2017/3/31,19:21:23,2.36e3,76864,14.92,,1012,0.000,2608,430,0
2017/3/31,19:21:38,2.27e3,74033,14.92,,1011,0.000,2593,427,0
2017/3/31,19:21:53,2.25e3,73314,14.92,,1011,0.000,2600,451,0
2017/3/31,19:22:08,2.17e3,70719,14.93,,1012,0.000,2613,426,0
2017/3/31,19:22:23,2.19e3,71248,14.92,,1011,0.000,2598,433,0
2017/3/31,19:22:38,2.09e3,68235,14.93,,1012,0.000,2587,461,0
2017/3/31,19:22:53,2.03e3,66170,14.93,,1011,0.000,2652,380,0
2017/3/31,19:23:08,2.01e3,65628,14.93,,1011,0.000,2608,441,0
2017/3/31,19:23:23,1.97e3,64056,14.93,,1011,0.000,2617,413,0
2017/3/31,19:23:38,1.95e3,63444,14.93,,1011,0.000,2600,440,0
2017/3/31,19:23:53,1.90e3,61929,14.93,,1011,0.000,2613,412,0
2017/3/31,19:24:08,1.86e3,60759,14.94,,1011,0.000,2592,456,0
2017/3/31,19:24:23,1.82e3,59369,14.94,,1012,0.000,2619,422,0
2017/3/31,19:24:38,1.77e3,57749,14.94,,1011,0.000,2617,435,0
2017/3/31,19:24:53,1.73e3,56526,14.94,,1011,0.000,2609,435,0
2017/3/31,19:25:08,1.71e3,55579,14.94,,1011,0.000,2593,458,0
2017/3/31,19:25:23,1.67e3,54560,14.94,,1011,0.000,2624,417,0
2017/3/31,19:25:38,1.62e3,52764,14.94,,1011,0.000,2609,422,0
2017/3/31,19:25:53,1.64e3,53624,14.94,,1011,0.000,2618,423,0
2017/3/31,19:26:08,1.60e3,52167,14.94,,1011,0.000,2584,461,0
2017/3/31,19:26:23,1.56e3,50796,14.95,,1012,0.000,2592,477,0
2017/3/31,19:26:38,1.55e3,50563,14.95,,1011,0.000,2614,418,0
2017/3/31,19:26:53,1.52e3,49597,14.95,,1011,0.000,2623,410,0
2017/3/31,19:27:08,1.46e3,47606,14.95,,1012,0.000,2637,401,0
2017/3/31,19:27:23,1.44e3,47062,14.95,,1011,0.000,2642,394,0
2017/3/31,19:27:38,1.44e3,46914,14.95,,1011,0.000,2628,417,0
2017/3/31,19:27:53,1.39e3,45478,14.95,,1011,0.000,2600,451,0
2017/3/31,19:28:08,1.37e3,44786,14.95,,1011,0.000,2611,445,0
2017/3/31,19:28:23,1.32e3,43084,14.95,,1011,0.000,2589,463,0
2017/3/31,19:28:38,1.31e3,42589,14.95,,1011,0.000,2613,429,0
2017/3/31,19:28:53,1.28e3,41885,14.95,,1011,0.000,2631,417,0
2017/3/31,19:29:08,1.25e3,40799,14.96,,1011,0.000,2617,430,0
2017/3/31,19:29:23,1.27e3,41534,14.95,,1011,0.000,2623,430,0
2017/3/31,19:29:38,1.21e3,39476,14.96,,1011,0.000,2618,427,0
2017/3/31,19:29:53,1.20e3,39300,14.96,,1011,0.000,2586,467,0
2017/3/31,19:30:08,1.20e3,39049,14.96,,1011,0.000,2611,439,0
2017/3/31,19:30:23,1.17e3,38120,14.96,,1011,0.000,2614,429,0
2017/3/31,19:30:38,1.13e3,37033,14.96,,1011,0.000,2607,445,0
2017/3/31,19:30:53,1.13e3,36744,14.96,,1011,0.000,2626,432,0
2017/3/31,19:31:08,1.08e3,35290,14.96,,1011,0.000,2640,401,0
2017/3/31,19:31:23,1.05e3,34421,14.96,,1011,0.000,2615,428,0
2017/3/31,19:31:38,1.04e3,33868,14.96,,1011,0.000,2631,418,0
2017/3/31,19:31:53,1.04e3,33906,14.96,,1011,0.000,2600,450,0
2017/3/31,19:32:08,1.02e3,33257,14.96,,1011,0.000,2604,438,0
2017/3/31,19:32:23,979,31841,14.97,,1011,0.000,2607,465,0
2017/3/31,19:32:37,971,31582,14.97,,1011,0.000,2606,446,0
2017/3/31,19:32:52,961,31257,14.97,,1011,0.000,2600,449,0
2017/3/31,19:33:07,946,30769,14.97,,1011,0.000,2602,465,0
2017/3/31,19:33:22,953,30986,14.97,,1011,0.000,2604,456,0
2017/3/31,19:33:37,930,30230,14.97,,1011,0.000,2613,433,0
2017/3/31,19:33:52,915,29750,14.97,,1011,0.000,2597,451,0
2017/3/31,19:34:07,892,29000,14.97,,1011,0.000,2613,438,0
2017/3/31,19:34:22,884,28747,14.97,,1011,0.000,2613,452,0
2017/3/31,19:34:37,841,27361,14.97,,1011,0.000,2613,438,0
2017/3/31,19:34:52,829,26973,14.97,,1011,0.000,2618,449,0
2017/3/31,19:35:07,821,26688,14.97,,1011,0.000,2624,408,0
2017/3/31,19:35:22,821,26686,14.97,,1011,0.000,2640,410,0
2017/3/31,19:35:37,799,25989,14.97,,1011,0.000,2576,487,0
2017/3/31,19:35:52,804,26132,14.97,,1011,0.000,2634,419,0
2017/3/31,19:36:07,782,25420,14.97,,1011,0.000,2626,418,0
2017/3/31,19:36:22,773,25135,14.97,,1011,0.000,2628,422,0
2017/3/31,19:36:37,734,23861,14.97,,1011,0.000,2617,422,0
2017/3/31,19:36:52,741,24088,14.97,,1011,0.000,2604,451,0
2017/3/31,19:37:07,724,23532,14.97,,1011,0.000,2625,430,0
2017/3/31,19:37:22,731,23770,14.97,,1011,0.000,2613,458,0
2017/3/31,19:37:37,706,22964,14.97,,1011,0.000,2623,428,0
2017/3/31,19:37:52,683,22202,14.98,,1011,0.000,2631,417,0
2017/3/31,19:38:07,662,21543,14.98,,1011,0.000,2636,427,0
2017/3/31,19:38:22,679,22089,14.98,,1011,0.000,2602,450,0
2017/3/31,19:38:37,672,21863,14.98,,1011,0.000,2612,426,0
2017/3/31,19:38:52,654,21277,14.98,,1011,0.000,2614,419,0
2017/3/31,19:39:07,634,20631,14.98,,1011,0.000,2634,413,0
2017/3/31,19:39:22,626,20366,14.98,,1011,0.000,2635,411,0
2017/3/31,19:39:37,631,20524,14.98,,1011,0.000,2626,404,0
2017/3/31,19:39:52,612,19913,14.98,,1011,0.000,2591,466,0
2017/3/31,19:40:07,635,20647,14.98,,1011,0.000,2635,401,0
2017/3/31,19:40:22,602,19588,14.98,,1011,0.000,2619,428,0
2017/3/31,19:40:37,591,19236,14.98,,1011,0.000,2609,445,0
2017/3/31,19:40:52,570,18549,14.98,,1011,0.000,2615,434,0
2017/3/31,19:41:07,587,19102,14.98,,1011,0.000,2597,469,0
2017/3/31,19:41:22,557,18112,14.98,,1012,0.000,2630,433,0
2017/3/31,19:41:37,557,18109,14.98,,1011,0.000,2628,450,0
2017/3/31,19:41:52,549,17864,14.98,,1011,0.000,2614,439,0
2017/3/31,19:42:07,560,18210,14.98,,1011,0.000,2604,427,0
2017/3/31,19:42:22,532,17300,14.98,,1011,0.000,2641,408,0
2017/3/31,19:42:37,526,17107,14.98,,1011,0.000,2604,444,0
2017/3/31,19:42:52,512,16661,14.98,,1011,0.000,2622,422,0
2017/3/31,19:43:07,501,16293,14.98,,1012,0.000,2623,427,0
2017/3/31,19:43:22,514,16714,14.98,,1011,0.000,2623,421,0
2017/3/31,19:43:37,495,16091,14.98,,1012,0.000,2640,416,0
2017/3/31,19:43:52,487,15841,14.98,,1011,0.000,2633,418,0
2017/3/31,19:44:07,481,15653,14.98,,1011,0.000,2611,454,0
2017/3/31,19:44:22,481,15650,14.98,,1011,0.000,2607,441,0
2017/3/31,19:44:37,467,15202,14.98,,1011,0.000,2618,440,0
2017/3/31,19:44:52,455,14811,14.98,,1011,0.000,2609,440,0
2017/3/31,19:45:07,451,14672,14.98,,1011,0.000,2614,428,0
2017/3/31,19:45:22,447,14553,14.98,,1011,0.000,2619,439,0
2017/3/31,19:45:37,455,14808,14.98,,1011,0.000,2631,428,0
2017/3/31,19:45:52,447,14543,14.98,,1011,0.000,2622,440,0
2017/3/31,19:46:08,425,13823,14.98,,1011,0.000,2626,433,0
2017/3/31,19:46:22,422,13727,14.98,,1011,0.000,2648,402,0
2017/3/31,19:46:37,442,14388,14.98,,1011,0.000,2622,424,0
2017/3/31,19:46:52,419,13634,14.98,,1011,0.000,2646,406,0
2017/3/31,19:47:07,417,13574,14.98,,1011,0.000,2636,408,0
2017/3/31,19:47:22,411,13387,14.98,,1011,0.000,2602,477,0
2017/3/31,19:47:37,411,13374,14.98,,1011,0.000,2607,454,0
2017/3/31,19:47:52,394,12837,14.99,,1011,0.000,2620,438,0
2017/3/31,19:48:07,384,12498,14.99,,1011,0.000,2624,406,0
2017/3/31,19:48:22,391,12727,14.99,,1011,0.000,2625,429,0
2017/3/31,19:48:37,386,12569,14.99,,1011,0.000,2642,402,0
2017/3/31,19:48:52,382,12427,14.99,,1011,0.000,2600,463,0
2017/3/31,19:49:07,376,12233,14.99,,1011,0.000,2634,407,0
2017/3/31,19:49:22,373,12127,14.99,,1011,0.000,2611,435,0
2017/3/31,19:49:37,364,11848,14.99,,1011,0.000,2622,429,0
2017/3/31,19:49:52,371,12058,14.99,,1011,0.000,2641,413,0
2017/3/31,19:50:07,368,11988,14.99,,1011,0.000,2646,385,0
2017/3/31,19:50:22,352,11452,14.99,,1011,0.000,2604,449,0
2017/3/31,19:50:37,353,11500,14.99,,1011,0.000,2623,443,0
2017/3/31,19:50:52,339,11034,14.99,,1011,0.000,2619,445,0
2017/3/31,19:51:07,338,10997,14.99,,1011,0.000,2623,435,0
2017/3/31,19:51:22,333,10843,14.99,,1011,0.000,2604,440,0
2017/3/31,19:51:37,342,11118,14.99,,1011,0.000,2630,441,0
2017/3/31,19:51:52,336,10927,14.99,,1011,0.000,2652,397,0
2017/3/31,19:52:07,333,10829,14.99,,1011,0.000,2607,438,0
2017/3/31,19:52:22,323,10498,14.99,,1011,0.000,2613,438,0
2017/3/31,19:52:37,321,10456,14.99,,1011,0.000,2633,417,0
2017/3/31,19:52:52,322,10482,14.99,,1011,0.000,2609,439,0
2017/3/31,19:53:07,316,10302,14.99,,1011,0.000,2623,422,0
2017/3/31,19:53:22,308,10033,14.99,,1011,0.000,2630,417,0
2017/3/31,19:53:37,309,10061,14.99,,1011,0.000,2630,428,0
2017/3/31,19:53:52,312,10161,14.99,,1011,0.000,2604,450,0
2017/3/31,19:54:07,304,9895,14.99,,1011,0.000,2642,441,0
2017/3/31,19:54:22,294,9580,14.99,,1011,0.000,2622,421,0
2017/3/31,19:54:37,295,9601,14.99,,1011,0.000,2634,426,0
2017/3/31,19:54:52,283,9217,14.99,,1011,0.000,2653,384,0
2017/3/31,19:55:07,283,9218,14.99,,1011,0.000,2613,443,0
2017/3/31,19:55:22,290,9449,14.99,,1011,0.000,2617,439,0
2017/3/31,19:55:37,355,11543,14.99,,1011,0.000,2625,434,0
2017/3/31,19:55:52,352,11469,14.99,,1011,0.000,2606,444,0
2017/3/31,19:56:07,321,10439,14.99,,1011,0.000,2647,397,0
