Sample File	D:\OlinCollege\All_data\OlinCollege\Box Fan\Low2.S80
Classifier Model	3080
DMA Model	3085
DMA Inner Radius(cm)	0.00937
DMA Outer Radius(cm)	0.01905
DMA Characteristic Length(cm)	0.04987
CPC Model	3775 Low Flow
Gas Viscosity (kg/(m*s))	1.822e-005
Mean Free Path (m)	6.642e-008
Channels/Decade	64
Multiple Charge Correction	TRUE
Nanoparticle Aggregate Mobility Analysis	FALSE
Diffusion Correction	TRUE
Gas Density	0.0012
Units	dw/dlogDp
Weight	Number
Sample #	1	2	3	4	5	6	7	8	9	10	11	12	13	14	15	16	17	18	19	20	21	22	23	24	25	26	27
Date	03/31/17	03/31/17	03/31/17	03/31/17	03/31/17	03/31/17	03/31/17	03/31/17	03/31/17	03/31/17	03/31/17	03/31/17	03/31/17	03/31/17	03/31/17	03/31/17	03/31/17	03/31/17	03/31/17	03/31/17	03/31/17	03/31/17	03/31/17	03/31/17	03/31/17	03/31/17	03/31/17
Start Time	17:40:40	17:45:44	17:50:44	17:55:44	18:00:44	18:05:44	18:10:44	18:15:44	18:20:44	18:25:44	18:30:44	18:35:44	18:40:44	18:45:44	18:50:44	18:55:44	19:00:44	19:05:44	19:10:44	19:15:44	19:20:44	19:25:44	19:30:44	19:35:44	19:40:44	19:45:44	19:50:44
Diameter Midpoint
7.10	4485.86	0	5981.15	6246.23	19234.5	20934	8971.72	11758.1	10058.6	11962.3	20729.8	22225.1	127425	33983.2	22959.5	25685	13457.6	8971.72	9236.8	1495.29	0	0	0	2990.57	1495.29	5981.15	0
7.37	1268.67	1268.67	0	8655.81	10149.4	3806.02	12686.7	12686.7	10149.4	12686.7	6343.37	12686.7	75200.3	42132.4	21649.9	17536.5	10149.4	6343.37	6118.46	1268.67	5074.69	0	2537.35	1268.67	2537.35	0	1268.67
7.64	1083.56	2167.12	2167.12	9752.02	14086.3	7584.9	4587.51	6501.35	5671.07	12172.4	7584.9	10835.6	56999.9	20360.3	15798.8	5417.79	7584.9	7584.9	0	3250.67	4334.23	1083.56	3250.67	3250.67	0	1083.56	1083.56
7.91	932.325	1864.65	3729.3	5593.95	2796.97	8390.92	2579.04	9555.26	10037.6	15631.6	10719.6	3729.3	48959	14448.9	12120.2	13984.9	6526.27	3729.3	2796.97	3729.3	2796.97	932.325	932.325	1864.65	1864.65	932.325	0
8.20	807.767	0	1615.53	5052.36	3231.07	4846.6	7269.9	5659.12	7269.9	9898.97	9291.18	2423.3	29490.1	18176.6	12924.3	4244.6	7269.9	3231.07	807.767	3231.07	807.767	807.767	1615.53	3231.07	4038.84	2423.3	205.762
8.51	1410.27	0	2820.54	4051.19	2115.41	4935.95	4230.81	6871.73	7933.48	2640.92	7756.49	5641.08	21856.6	11987.3	11459.2	11807.7	2820.54	3702.67	1410.27	2292.4	4230.81	705.135	1410.27	0	705.135	0	1230.65
8.82	1236.33	0	2472.66	2472.66	3090.83	3090.83	6799.82	4945.32	7262.82	4473.86	3708.99	3708.99	16682	18691.7	6026.49	8329.55	5563.49	3553.83	4327.16	2935.66	2472.66	0	0	0	1236.33	618.166	0
9.14	544.171	0	544.171	3265.03	4353.37	5985.89	4897.54	3809.2	3809.2	3135.89	3381.07	5557.75	15107.7	10870.3	5985.89	8020.33	5441.71	1088.34	1088.34	2176.69	1088.34	1632.51	2176.69	544.171	1632.51	544.171	1632.51
9.47	482.218	964.435	964.435	3375.52	5304.39	1928.87	4339.96	3375.52	3547.55	5476.42	4891.37	4237.13	16257.2	9799.56	9334.16	6648.22	1446.65	1446.65	0	1050.45	964.435	3375.52	482.218	482.218	1928.87	86.0138	964.435
9.82	0	856.942	428.471	2570.83	2627.5	5998.59	913.615	4769.85	6274.21	5473.94	4560.33	4284.71	14690.8	10482.5	11415.9	8140.95	2999.3	428.471	1285.41	1208.99	856.942	2142.35	0	1285.41	0	1637.46	428.471
 10.2	0	383.427	1533.71	1917.14	4933.84	2683.99	2661.83	1866.42	3862.83	3400.13	4217.7	5013.11	14953.7	8904.5	4601.13	4984.56	2329.12	1562.27	1178.84	1917.14	1150.28	383.427	383.427	0	1150.28	1150.28	383.427
 10.6	687.869	0	343.934	1719.67	2407.54	3095.41	1350.12	2407.54	2727.42	2063.61	3439.34	3413.73	10665.1	9898.81	6534.75	7222.62	2725.86	1350.12	662.253	1375.74	1031.8	687.869	343.934	1031.8	1719.67	1031.8	0
 10.9	0	618.459	927.689	2164.61	2164.61	2164.61	3092.3	1546.15	2472.44	3710.75	3044.01	3401.52	10177.6	7729.34	6184.59	2473.84	2164.61	0	618.459	0	1236.92	309.23	927.689	618.459	618.459	618.459	309.23
 11.3	279.542	0	1118.17	2236.33	1677.25	1118.17	1677.25	2187.73	3354.5	3634.04	2559.53	2236.33	8408.07	5214.09	6939.94	3354.5	1677.25	1677.25	279.542	279.542	559.083	0	230.943	1118.17	0	279.542	790.026
 11.8	1013.96	506.978	760.467	1520.93	2788.38	2534.89	2281.4	2578.96	2209.58	2281.4	2534.89	1702.6	9742.43	7439.32	4788.54	1702.6	2534.89	1449.11	506.978	506.978	760.467	1013.96	44.0691	253.489	1013.96	760.467	297.558
 12.2	460.672	230.336	460.672	921.345	1612.35	1612.35	1748.93	921.345	1814.19	1842.69	1842.69	3426.54	8789.54	6585.99	3980.98	3059.63	1151.68	1216.94	1151.68	460.672	921.345	230.336	460.672	230.336	460.672	460.672	460.672
 12.6	0	420.661	630.991	1051.65	630.991	210.33	926.942	1778.2	1557.93	1682.64	1682.64	1768.26	7657.52	6261.55	4416.94	1567.87	420.661	210.33	1261.98	210.33	0	841.322	420.661	210.33	0	210.33	516.221
 13.1	192.767	385.534	963.835	1600.02	192.767	963.835	1349.37	1840.09	1600.02	1542.14	2371.09	1349.37	9175.81	5327.5	3913.22	2418.39	1927.67	1156.6	385.534	771.068	385.534	385.534	385.534	0	385.534	385.534	297.954
 13.6	176.661	0	353.322	1006.92	2296.59	706.644	1943.27	883.305	1183.58	2119.93	1890.22	1589.95	8926.61	4769.85	3126.85	2296.59	1259.62	1082.96	706.644	529.983	176.661	176.661	353.322	176.661	176.661	353.322	176.661
 14.1	161.977	161.977	962.668	1619.77	809.887	1781.75	647.909	1124.65	1925.34	1781.75	1133.84	1619.77	7582.66	3383.13	2744.42	1448.6	1913.45	626.831	323.955	647.909	323.955	152.781	485.932	161.977	485.932	161.977	323.955
 14.6	0	148.915	157.369	893.488	1340.23	1003.52	744.573	1497.6	761.482	1489.15	1935.89	1489.15	3692.43	3700.89	2093.26	1348.69	1199.77	1340.23	744.573	297.829	595.658	157.369	148.915	297.829	148.915	297.829	0
 15.1	137.623	275.245	550.491	1238.6	963.359	861.673	1447.29	963.359	1789.1	1034.42	1376.23	1513.85	3822.81	2997.07	2201.96	1238.6	896.797	688.114	963.359	275.245	137.623	137.623	208.684	0	208.684	137.623	412.868
 15.7	255.273	510.545	765.818	510.545	382.909	673.269	1465.73	638.182	765.818	1338.09	928.541	1056.18	4308.82	4181.18	2042.18	1531.64	827.549	510.545	255.273	127.636	382.909	382.909	699.913	510.545	317.004	510.545	127.636
 16.3	237.108	355.662	355.662	829.877	948.431	678.733	829.877	594.399	711.323	1422.65	1034.39	1034.39	3407.1	2934.52	2372.71	1304.09	592.769	355.662	474.216	237.108	118.554	0	474.216	355.662	118.554	355.662	118.554
 16.8	330.85	330.85	441.133	742.434	661.7	771.983	411.584	1182.05	742.434	882.266	1985.1	441.133	3637.83	2253.82	2505.45	661.7	551.416	661.7	742.434	551.416	220.567	220.567	441.133	330.85	0	441.133	220.567
 17.5	102.881	147.016	102.881	747.731	823.046	617.285	439.089	541.97	644.85	1234.57	1028.81	925.927	3939	2627.15	2643.72	1322.84	617.285	411.523	644.85	308.642	102.881	102.881	411.523	102.881	0	205.762	0
 18.1	192.215	150.985	288.322	586.606	576.644	961.073	692.676	961.073	1153.29	490.499	586.606	672.751	3846.6	1836	1784.81	1070.83	586.606	384.429	192.215	288.322	96.1073	96.1073	480.536	96.1073	384.429	96.1073	96.1073
 18.8	180.03	180.03	90.0151	1026.76	450.075	900.151	791.474	720.121	878.108	710.79	778.762	540.091	3572.61	2601.11	1620.27	450.075	440.745	270.045	540.091	90.0151	0	90.0151	90.0151	180.03	90.0151	180.03	90.0151
 19.5	253.246	253.246	506.493	547.836	675.324	1012.99	454.358	422.077	1033.66	675.324	1118.07	369.943	3071.24	2395.91	1298.51	1012.99	422.077	337.662	422.077	0	168.831	253.246	84.4155	168.831	0	337.662	0
 20.2	158.526	157.298	79.2631	237.789	396.316	713.368	681.829	237.789	554.842	554.842	712.14	683.057	3612.11	1791.51	920.847	951.157	475.579	396.316	317.052	79.2631	0	158.526	317.052	0	317.052	0	79.2631
 20.9	297.19	221.306	221.901	146.181	443.77	591.704	518.4	887.502	675.764	592.494	485.042	858.15	2783.02	1851.3	1334.57	592.885	336.458	219.056	298.069	0	223.01	0	71.9071	221.853	72.4914	73.96	222.426
 21.7	70.1853	139.704	490.273	559.48	838.896	416.23	555.55	354.859	487.743	628.601	588.802	869.529	2329.94	1881.47	841.87	696.647	380.668	278.894	208.855	140.31	0	137.319	138.855	70.155	0	139.8	0
 22.5	131.679	64.5142	65.2027	298.615	629.786	786.018	521.275	451.086	647.055	430.45	585.941	784.624	2414.68	1347.12	939.813	429.721	257.301	169.753	195.514	128.307	328.545	129.608	62.444	261.378	131.018	0	0
 23.3	61.4649	62.0654	183.512	330.355	452.424	497.37	427.784	558.173	563.3	634.474	442.744	428.672	2341.33	1440.45	758.885	574.511	556.59	214.828	61.3252	0	60.7436	184.299	122.084	124.299	186.473	0	62.1534
 24.1	0	264.86	172.571	0	522.104	511.897	436.178	281.01	803.756	229.514	387.163	283.456	2329.1	1746.97	866.998	695.196	463.7	398.01	171.069	172.212	57.7217	147.825	56.9692	288.589	57.7585	56.9507	57.014
 25.0	54.7143	188.289	220.291	332.795	716.871	382.917	460.277	717.187	327.177	489.102	440.871	940.325	1946.33	1316.24	879.039	494.734	329.86	386.336	221.621	51.9021	0	74.9077	110.21	165.98	55.5192	54.5445	55.4908
 25.9	105.492	102.931	312.487	413.521	521.525	151.366	468.628	305.379	463.36	522.485	247.686	253.224	1634.75	1474.14	762.116	573.319	121.402	153.554	312.858	157.04	157.209	157.557	0	105.392	52.7709	0	51.9788
 26.9	49.2987	149.524	348.031	234.102	233.001	344.814	519.422	340.6	241.679	495.21	602.78	392.731	1730.05	1249.98	444.249	480.939	376.33	143.206	198.13	45.7634	198.324	50.0955	99.5384	47.4583	50.171	98.7203	49.2343
 27.9	46.4807	90.0291	139.594	286.625	150.778	418.055	445.281	276.007	318.722	326.007	511.779	372.751	1738.17	986.088	709.29	478.731	183.831	90.1463	142.632	188.051	45.6476	0	94.1059	140.588	94.0754	189.764	44.4945
 28.9	15.1576	40.5074	132.879	173.012	266.199	223.169	173.516	578.52	305.692	304.668	399.518	318.828	1651.08	564.847	408.378	308.98	354.919	222.633	131.082	43.5237	224.893	45.3615	181.328	44.4205	45.1183	134.068	133.184
 30.0	66.4803	257.161	124.838	215.814	252.068	335.31	330.852	507.018	294.086	275.581	376.094	249.322	1462.14	966.992	509.611	245.975	254.752	340.021	0	257.468	40.9436	42.9	197.391	128.499	153.199	42.1411	85.1148
 31.1	0	40.1303	78.8565	142.796	237.918	325.168	399.142	240.155	185.743	213.473	240.006	253.719	1151.79	922.872	538.844	358.182	77.2363	119.839	119.019	0	0	204.884	98.2093	0	14.9392	40.698	246.844
 32.2	0	76.3488	35.4477	355.262	238.393	229.45	308.569	147.652	238.967	344.719	380.204	312.104	1221.38	625.922	930.988	384.158	351.123	191.713	114.248	196.366	38.0099	116.381	195.704	115.324	38.1557	75.888	36.3761
 33.4	35.6181	4.14732	151.795	176.637	293.06	373.29	373.152	443.595	179.95	519.139	365.819	327.609	1812.45	624.23	509.142	406.153	142.793	107.529	41.7411	148.701	72.2403	110.704	112.834	0	0	74.1597	0
 34.6	36.256	140.034	135.33	319.915	204.548	353.477	330.465	208.076	386.012	200.448	389.57	419.369	1433.28	374.38	487.137	317.925	201.05	210.799	206.583	150.462	35.121	138.247	70.8427	183.692	34.961	71.5257	69.4954
 35.9	33.9885	65.8663	97.8328	0	196.622	230.851	297.466	175.558	232.907	438.588	130.554	131.534	804.947	662.077	375.919	197.858	129.535	104.433	27.8086	165.475	68.4095	167.719	32.2419	24.4067	0	40.1255	0
 37.2	0	99.0526	128.2	324.824	226.17	254.957	225.083	411.707	428.741	187.011	194.455	392.431	1190.58	886.879	705.605	257.534	190.716	156.134	127.933	27.6165	37.1692	29.1891	65.9886	0	0	24.8898	28.8722
 38.5	30.9558	30.2326	122.832	150.988	207.921	219.159	305.261	372.175	303.695	241.549	335.556	299.133	1198.37	798.809	172.24	312.254	181.592	254.822	90.9382	154.358	89.2414	0	31.1507	93.9648	0	62.6468	28.2454
 40.0	30.4412	148.334	86.1298	299.894	87.8603	300.925	147.029	262.369	417.056	173.283	326.451	332.718	1152.9	677.074	433.44	229.172	177.737	147.861	117.577	57.2961	55.4194	61.8701	28.8481	59.1023	29.8579	0	90.0412
 41.4	27.4416	145.251	83.7002	227.696	160.119	79.3892	198.776	310.134	342.315	364.886	228.213	286.938	992.829	683.941	443.422	221.873	233.909	113.48	30.7461	53.5431	51.8698	0	0	28.834	0	58.4058	85.266
 42.9	112.208	26.3982	110.168	233.104	172.89	243.404	335.183	245.914	154.901	221.715	299.093	518.021	962.936	588.212	450.862	304.256	78.8378	109.546	82.3707	20.9912	51.4414	0	27.4507	0	56.5204	25.6683	27.3727
 44.5	0	21.5019	78.2637	116.733	22.1761	89.8504	319.331	150.589	318.671	203.795	146.52	253.878	770.401	420.955	297.652	298.651	127.762	78.7891	106.265	0	54.6252	24.0299	0	108.445	26.9864	0	0
 46.1	24.3545	42.326	97.5179	148.095	127.759	186.795	177.057	228.702	113.352	169.584	271.53	43.393	873.269	279.792	305.999	248.711	65.5617	129.701	100.692	23.8582	23.2869	51.5549	51.516	78.4118	24.1575	75.6195	74.8465
 47.8	49.7291	0	26.1949	253.996	142.687	49.3061	91.3189	167.505	142.384	269.358	271.22	294.172	845.16	363.6	570.491	167.335	131.791	101.286	46.0254	49.9104	70.3582	25.2634	0	24.2304	49.7262	23.8403	22.9954
 49.6	0	20.0518	116.425	115.698	239.894	152.172	0	166.092	242.854	257.55	174.267	254.566	760.673	447.575	232.132	142.804	329.664	124.882	67.0602	0	19.9756	125.153	24.1766	46.7209	23.3391	22.3434	47.6054
 51.4	0	69.0215	103.817	99.1562	185.527	183.048	120.446	164.695	161.232	193.926	120.197	96.9166	1022.39	555.811	292.021	160.614	149.542	94.7134	121.259	21.5999	19.5908	96.9345	46.5905	96.1913	20.4873	0	70.8152
 53.3	43.1688	17.0575	87.2143	142.726	178.511	213.534	221.221	160.422	145.667	194.113	163.5	169.509	925.566	396.469	270.743	172.828	141.907	86.905	81.2174	86.9917	0	70.6424	17.205	22.5988	20.8729	45.6926	68.6282
 55.2	21.2509	19.1435	66.254	128.731	217.75	108.27	164.774	160.354	189.555	220.097	165.213	284.117	581.768	266.744	239.397	75.3081	156.132	41.2114	96.4262	85.9423	64.5623	43.5931	0	22.3307	19.3241	19.323	66.0324
 57.3	0	38.3163	89.2263	123.237	26.396	76.6184	89.7725	186.501	201.866	165.969	168.516	96.8567	641.875	282.742	364.935	192.971	125.268	63.4058	13.5655	66.5111	43.4187	0	40.1842	45.1506	20.739	19.6641	21.6569
 59.4	19.4089	83.6003	80.2314	120.124	140.471	95.07	117.266	249.997	138.458	145.719	112.342	99.7144	540.597	513.906	369.806	238.248	53.7265	58.6965	39.6998	44.0105	85.2202	0	0	16.6205	0	0	64.4255
 61.5	42.2133	34.9115	40.2309	124.168	95.0334	159.721	102.235	117.59	235.428	196.217	193.167	167.628	505.783	283.809	224.446	180.959	33.2215	77.0316	38.4516	120.519	102.888	16.2806	0	0	18.6076	34.9854	15.6398
 63.8	16.3814	13.5528	79.2127	118.887	64.1271	198.526	130.258	192.406	141.866	157.281	199.12	130.368	667.809	416.063	141.443	67.6231	165.328	38.6021	53.6474	34.9367	13.9148	38.8918	38.5394	14.9479	0	34.7806	15.8356
 66.1	14.6599	138.847	11.3775	48.119	50.3145	253.828	148.707	126.221	149.16	231.6	220.508	66.1675	629.618	346.576	327.453	174.148	156.229	55.2691	39.7039	26.1089	0	38.6467	39.3413	38.7185	18.1329	58.8282	60.513
 68.5	37.3838	80.138	77.6381	101.711	82.6683	179.124	58.3991	132.467	279.404	121.11	256.931	146.901	700.464	384.347	257.375	126.996	41.0469	33.3927	100.43	34.1532	79.3228	0	0	0	37.4362	36.9477	52.0078
 71.0	0	58.539	18.4932	97.8418	159.071	132.88	176.698	125.947	120.462	173.479	159.313	166.71	275.101	348.725	216.036	135.254	82.4766	9.63317	3.2502	0	57.1818	12.6771	17.7819	32.8293	0	0	0
 73.7	18.9592	31.5515	67.1042	80.2539	50.054	138.559	79.2274	52.4349	245.091	88.1588	165.913	222.59	644.143	400.051	128.354	11.223	11.2587	7.5531	64.9326	19.0197	34.1591	0	0	30.5834	31.4084	48.4655	46.9332
 76.4	31.2007	39.8345	6.46916	86.1313	112.502	76.06	48.8082	141.811	99.028	106.015	262.716	197.542	367.454	206.47	286.1	151.53	81.0344	41.4551	28.0464	27.3829	45.0186	14.3017	35.4145	0	33.8116	0	0
 79.1	36.6653	61.1489	27.9505	108.245	77.7802	135.598	115.023	87.2598	133.851	117.684	169.279	0	377.739	277.761	173.162	125.313	134.781	80.906	30.1039	89.92	48.9695	0	62.3775	16.0876	14.6538	25.5786	37.1784
 82.0	0	9.80151	21.4916	55.2622	118.148	124.441	173.816	86.3426	142.907	65.2446	87.5339	46.8982	248.622	237.734	148.207	128.858	106.927	10.6383	55.3898	24.2891	28.5057	32.8414	67.0688	0	36.7161	29.9002	18.3623
 85.1	18.0734	67.2882	0	100.245	136.247	79.115	152.849	134.592	177.551	122.357	122.632	145.036	484.62	227.211	162.13	39.899	51.2969	40.178	66.1804	0	5.00559	0	17.099	0	0	15.0168	0
 88.2	16.603	12.0464	73.9019	68.4307	110.526	106.745	72.177	70.5852	68.9177	23.0217	153.491	33.3955	312.339	55.1477	177.381	18.424	93.8008	51.5896	11.4944	0	22.8157	31.5663	11.1318	51.0861	33.206	29.4838	15.0878
 91.4	0	63.6229	15.7153	33.9539	27.0242	82.5667	198.957	69.2384	162.667	167.611	107.762	204.551	311.21	285.051	216.375	96.8755	48.1996	56.0617	53.5359	70.0797	29.2559	32.4843	6.17685	8.9116	12.14	38.1721	43.9217
 94.7	34.8603	37.9733	12.9978	28.6627	146.298	46.1966	67.159	114.16	153.047	12.5079	207.625	64.691	412.319	418.895	136.645	95.2709	3.10721	8.83468	37.2838	32.7534	45.1962	13.4739	23.8099	43.2181	15.452	43.2181	26.2648
 98.2	32.0896	0	59.5	81.1159	39.9337	69.1578	87.6635	87.6657	40.6388	92.3709	125.33	93.1961	455.227	153.405	87.6001	25.8239	50.1656	39.9097	0	94.4485	0	12.5474	5.48047	5.45644	12.5234	7.82009	0
101.8	12.1844	20.1918	7.29559	103.788	103.891	123.899	122.238	108.148	166.888	106.257	77.6236	195.407	230.325	192.824	152.857	99.2603	111.255	35.7131	0	22.2803	6.34029	34.1465	47.0427	22.2803	14.9847	18.7682	51.2197
105.5	15.1133	0	0	92.4911	191.503	118.075	90.68	143.264	155.48	106.665	249.06	174.446	600.799	246.692	212.05	101.085	69.5902	44.7967	82.811	13.3023	7.14555	33.8488	0	30.2267	33.8488	17.0075	0
109.4	0	26.3785	33.5599	67.1197	67.1197	151.019	67.1197	160.618	93.4982	117.459	153.353	177.314	496.217	239.503	184.579	117.459	117.459	50.3398	50.3398	0	16.7799	16.7799	16.7799	33.5599	33.5599	43.075	50.3398
113.4	33.4333	74.0208	50.1499	109.719	133.733	150.45	117.016	107.454	157.604	193.302	191.037	100.3	491.937	260.025	159.869	66.8665	143.152	66.8665	33.4333	50.1499	66.8665	16.7166	0	16.7166	16.7166	16.7166	16.7166
117.6	0	49.7378	33.1586	73.555	149.214	116.055	116.055	182.372	99.4757	246.041	132.634	248.689	411.288	203.541	106.714	132.634	139.872	49.7378	16.5793	0	16.5793	16.5793	49.7378	0	16.5793	49.7378	0
121.9	0	33.043	49.5646	49.5646	115.651	181.737	133.648	82.6076	150.17	208.11	82.6076	132.172	333.613	259.151	199.734	82.6076	66.0861	16.5215	82.6076	49.5646	16.5215	16.5215	33.043	16.5215	0	16.5215	0
126.3	0	16.4662	98.7972	115.263	65.8648	131.73	64.3937	98.7972	196.123	82.331	65.8648	115.263	431.978	344.319	146.725	125.425	65.8648	49.3986	32.9324	32.9324	49.3986	16.4662	0	32.9324	0	16.4662	0
131.0	0	32.8264	65.6528	82.066	147.719	82.066	98.2138	163.867	49.2396	229.785	163.867	49.2396	340.832	180.28	180.545	153.472	147.719	82.066	0	0	65.6528	16.4132	16.4132	0	0	0	0
135.8	16.3624	0	49.0872	81.8121	68.4998	49.0872	65.7142	16.627	150.312	98.1745	180.251	147.262	330.298	245.701	133.949	101.754	65.4496	68.4998	81.8121	0	16.3624	16.3624	49.0872	32.7248	32.7248	0	35.7749
140.7	0	69.1948	114.725	52.8055	29.7234	151.141	98.3356	131.114	144.448	98.3356	114.725	81.9463	423.066	233.087	78.8912	95.2804	114.725	29.7234	32.7785	3.63776	32.7785	0	32.7785	32.7785	0	32.7785	29.7234
145.9	0	29.1925	32.8368	127.703	49.2552	144.121	114.929	116.369	65.6735	82.0919	229.857	180.602	446.178	227.654	65.6735	98.5103	114.929	32.8368	82.0919	12.7742	16.4184	32.8368	49.2552	32.8368	16.4184	32.8368	32.8368
151.2	16.3732	65.4929	32.7464	147.359	32.7464	94.657	114.613	113.176	130.986	94.657	98.2393	111.03	451.995	244.162	130.986	81.8661	16.3732	49.1197	32.7464	49.1197	16.3732	0	32.7464	49.1197	16.3732	32.7464	0
156.8	16.4062	32.8124	32.8124	82.0311	82.0311	3.58954	98.4373	82.0311	124.687	106.949	86.9529	172.574	467.885	218.203	49.2186	157.5	136.172	54.1405	16.4062	32.8124	65.6249	0	0	32.8124	0	65.6249	0
Scan Up Time(s)	240	240	240	240	240	240	240	240	240	240	240	240	240	240	240	240	240	240	240	240	240	240	240	240	240	240	240
Retrace Time(s)	60	60	60	60	60	60	60	60	60	60	60	60	60	60	60	60	60	60	60	60	60	60	60	60	60	60	60
Down Scan First	FALSE	FALSE	FALSE	FALSE	FALSE	FALSE	FALSE	FALSE	FALSE	FALSE	FALSE	FALSE	FALSE	FALSE	FALSE	FALSE	FALSE	FALSE	FALSE	FALSE	FALSE	FALSE	FALSE	FALSE	FALSE	FALSE	FALSE
Scans Per Sample	1	1	1	1	1	1	1	1	1	1	1	1	1	1	1	1	1	1	1	1	1	1	1	1	1	1	1
Impactor Type(cm)	0.071	0.071	0.071	0.071	0.071	0.071	0.071	0.071	0.071	0.071	0.071	0.071	0.071	0.071	0.071	0.071	0.071	0.071	0.071	0.071	0.071	0.071	0.071	0.071	0.071	0.071	0.071
Sheath Flow(lpm)	3	3	3	3	3	3	3	3	3	3	3	3	3	3	3	3	3	3	3	3	3	3	3	3	3	3	3
Aerosol Flow(lpm)	0.3	0.3	0.3	0.3	0.3	0.3	0.3	0.3	0.3	0.3	0.3	0.3	0.3	0.3	0.3	0.3	0.3	0.3	0.3	0.3	0.3	0.3	0.3	0.3	0.3	0.3	0.3
CPC Inlet Flow(lpm)	0.3	0.3	0.3	0.3	0.3	0.3	0.3	0.3	0.3	0.3	0.3	0.3	0.3	0.3	0.3	0.3	0.3	0.3	0.3	0.3	0.3	0.3	0.3	0.3	0.3	0.3	0.3
CPC Sample Flow(lpm)	0.3	0.3	0.3	0.3	0.3	0.3	0.3	0.3	0.3	0.3	0.3	0.3	0.3	0.3	0.3	0.3	0.3	0.3	0.3	0.3	0.3	0.3	0.3	0.3	0.3	0.3	0.3
Low Voltage	25.5554	25.5554	25.5554	25.5554	25.5554	25.5554	25.5554	25.5554	25.5554	25.5554	25.5554	25.5554	25.5554	25.5554	25.5554	25.5554	25.5554	25.5554	25.5554	25.5554	25.5554	25.5554	25.5554	25.5554	25.5554	25.5554	25.5554
High Voltage	9357.87	9357.87	9357.87	9357.87	9357.87	9357.87	9357.87	9357.87	9357.87	9357.87	9357.87	9357.87	9357.87	9357.87	9357.87	9357.87	9357.87	9357.87	9357.87	9357.87	9357.87	9357.87	9357.87	9357.87	9357.87	9357.87	9357.87
Lower Size(nm)	6.97831	6.97831	6.97831	6.97831	6.97831	6.97831	6.97831	6.97831	6.97831	6.97831	6.97831	6.97831	6.97831	6.97831	6.97831	6.97831	6.97831	6.97831	6.97831	6.97831	6.97831	6.97831	6.97831	6.97831	6.97831	6.97831	6.97831
Upper Size(nm)	159.634	159.634	159.634	159.634	159.634	159.634	159.634	159.634	159.634	159.634	159.634	159.634	159.634	159.634	159.634	159.634	159.634	159.634	159.634	159.634	159.634	159.634	159.634	159.634	159.634	159.634	159.634
Density(g/cc)	1.2	1.2	1.2	1.2	1.2	1.2	1.2	1.2	1.2	1.2	1.2	1.2	1.2	1.2	1.2	1.2	1.2	1.2	1.2	1.2	1.2	1.2	1.2	1.2	1.2	1.2	1.2
Title																											
Status Flag	Normal Scan	Normal Scan	Normal Scan	Normal Scan	Normal Scan	Normal Scan	Normal Scan	Normal Scan	Normal Scan	Normal Scan	Normal Scan	Normal Scan	Normal Scan	Normal Scan	Normal Scan	Normal Scan	Normal Scan	Normal Scan	Normal Scan	Normal Scan	Normal Scan	Normal Scan	Normal Scan	Normal Scan	Normal Scan	Normal Scan	Normal Scan
td(s)	2.93	2.93	2.93	2.93	2.93	2.93	2.93	2.93	2.93	2.93	2.93	2.93	2.93	2.93	2.93	2.93	2.93	2.93	2.93	2.93	2.93	2.93	2.93	2.93	2.93	2.93	2.93
tf(s)	0.783657	0.783657	0.783657	0.783657	0.783657	0.783657	0.783657	0.783657	0.783657	0.783657	0.783657	0.783657	0.783657	0.783657	0.783657	0.783657	0.783657	0.783657	0.783657	0.783657	0.783657	0.783657	0.783657	0.783657	0.783657	0.783657	0.783657
D50(nm)	1284.41	1284.41	1284.41	1284.41	1284.41	1284.41	1284.41	1284.41	1284.41	1284.41	1284.41	1284.41	1284.41	1284.41	1284.41	1284.41	1284.41	1284.41	1284.41	1284.41	1284.41	1284.41	1284.41	1284.41	1284.41	1284.41	1284.41
Median(nm)	8.53814	11.0963	8.96826	8.93313	8.72959	8.82916	9.00032	8.70965	8.99896	8.6808	8.83752	9.01583	8.03524	8.94895	9.29269	8.79312	8.7006	8.44348	8.78577	8.90085	8.64763	9.81994	9.20001	8.29508	9.07942	9.66538	10.119
Mean(nm)	12.8442	20.2254	15.2827	14.2449	13.2564	14.0507	14.6243	14.1532	14.511	13.6887	14.3064	14.11	12.4703	13.4836	13.3572	12.4342	13.3516	13.0919	13.94	13.4119	13.1969	15.2422	14.9229	14.195	12.3301	14.2084	16.9553
Geo. Mean(nm)	10.4307	14.266	11.6313	11.0278	10.4751	10.828	11.2486	10.9073	11.1766	10.7269	10.9933	10.8551	10.0265	10.8276	10.8768	10.243	10.5102	10.48	10.8931	10.7884	10.4551	12.3244	11.6951	10.9723	10.3859	10.9763	12.8533
Mode(nm)	7.10497	7.63506	7.10497	7.63506	7.10497	7.10497	7.36525	7.36525	7.36525	7.91476	7.10497	7.10497	7.10497	7.36525	7.10497	7.10497	7.10497	7.10497	7.10497	7.91476	7.36525	9.47464	7.63506	7.63506	8.2047	7.10497	9.13982
Geo. Std. Dev.	1.68559	2.0507	1.82081	1.76391	1.72055	1.77469	1.78953	1.77595	1.77534	1.73258	1.77735	1.77448	1.67947	1.70013	1.67871	1.62886	1.71465	1.70238	1.76207	1.68467	1.68691	1.70853	1.76351	1.7751	1.57984	1.76031	1.86151
Total Concentration(#/cm³)	294.442	251.645	584.621	1296	1633.79	1629.26	1482.91	1680.94	1831.93	2039.73	2015.26	1933.87	9511.74	4939.06	3395.61	2566.99	1515.69	966.593	689.727	546.444	533.095	299.312	350.414	373.443	386.855	367.137	216.777
Comment																											
