Sample File	D:\OlinCollege\All_data\OlinCollege\HEPAir X\Cool1.S80
Classifier Model	3080
DMA Model	3085
DMA Inner Radius(cm)	0.00937
DMA Outer Radius(cm)	0.01905
DMA Characteristic Length(cm)	0.04987
CPC Model	3775 Low Flow
Gas Viscosity (kg/(m*s))	1.822e-005
Mean Free Path (m)	6.642e-008
Channels/Decade	64
Multiple Charge Correction	TRUE
Nanoparticle Aggregate Mobility Analysis	FALSE
Diffusion Correction	TRUE
Gas Density	0.0012
Units	dw/dlogDp
Weight	Number
Sample #	1	2	3	4	5	6	7	8	9	10	11	12	13	14	15	16	17	18	19	20	21	22	23
Date	03/22/17	03/22/17	03/22/17	03/22/17	03/22/17	03/22/17	03/22/17	03/22/17	03/22/17	03/22/17	03/22/17	03/22/17	03/22/17	03/22/17	03/22/17	03/22/17	03/22/17	03/22/17	03/22/17	03/22/17	03/22/17	03/22/17	03/22/17
Start Time	19:25:22	19:30:26	19:35:26	19:40:26	19:45:26	19:50:26	19:55:26	20:00:26	20:05:26	20:10:26	20:15:26	20:20:26	20:25:26	20:30:26	20:35:26	20:40:26	20:45:26	20:50:26	20:55:26	21:00:26	21:05:26	21:10:26	21:15:26
Diameter Midpoint
7.10	4750.94	1495.29	1.08746e+006	1.60246e+006	1.63696e+006	1.27777e+006	890677	593720	369001	135233	49609.5	14952.9	5016.02	5981.15	1495.29	0	0	0	0	0	0	0	0
7.37	6118.46	3806.02	993401	1.5243e+006	1.53646e+006	1.19657e+006	874881	570764	410481	143218	46982.1	19030.1	8430.9	2537.35	0	0	0	1268.67	0	0	0	0	0
7.64	3250.67	3250.67	914167	1.43787e+006	1.39815e+006	1.14884e+006	776057	496607	357964	140914	50953.2	7584.9	6501.35	2167.12	0	0	0	0	0	0	0	0	0
7.91	1864.65	4661.62	811289	1.30683e+006	1.16514e+006	1.07267e+006	671478	495712	352398	104681	48495	13052.5	5125.65	1864.65	0	1864.65	0	0	0	0	0	0	0
8.20	4846.6	4038.84	705732	1.1747e+006	1.07533e+006	913951	611401	462160	308870	111692	36560	18578.6	7675.64	807.767	807.767	0	0	0	0	0	0	0	0
8.51	4935.95	2115.41	723028	1.02974e+006	1.01618e+006	841505	555413	410486	307022	98885.4	34546.4	13751.6	4935.95	1410.27	705.135	0	0	0	0	0	0	0	0
8.82	6946.52	3708.99	629554	919691	932898	782753	551015	389749	275233	105193	36601.5	13907.5	6799.82	1854.5	2472.66	0	0	0	0	0	0	0	0
9.14	9237.81	3809.2	621120	836896	842787	675621	482558	379931	258429	91422.2	36652.3	15352.8	5013.58	2176.69	544.171	544.171	544.171	0	0	544.171	0	0	0
9.47	6166	3857.74	586973	737739	743172	616427	460908	344191	239083	88728.3	34945.8	8094.87	3754.91	1446.65	482.218	0	482.218	0	482.218	0	0	482.218	0
9.82	5198.32	3856.24	498898	651179	653753	559747	414263	333972	235020	90362.7	31647.6	10768.4	5570.12	2142.35	856.942	856.942	428.471	0	0	0	428.471	0	0
 10.2	4962.4	4601.13	432970	613491	606992	510099	374194	306879	221733	82484.5	27923.7	14519.5	5013.11	3450.85	766.855	766.855	0	383.427	0	0	0	0	0
 10.6	4445.53	4127.21	384417	534752	505339	449867	332038	255842	190564	89278.6	27447.2	10318	5133.4	1719.67	1031.8	343.934	0	343.934	0	0	0	343.934	343.934
 10.9	7063.99	3401.52	345118	482114	447417	390992	307381	251903	177917	66021.9	31508.9	8967.66	4899.38	2164.61	618.459	927.689	618.459	309.23	0	309.23	0	618.459	0
 11.3	5634.48	5262.69	311831	430297	396493	347552	282734	219960	167092	66042.1	24901	8009.51	5075.4	1118.17	279.542	559.083	279.542	279.542	279.542	279.542	0	279.542	279.542
 11.8	3802.34	5802.5	276768	382457	362106	317067	262954	190414	165678	63106.2	20680.5	8706.77	5069.78	3295.36	0	506.978	0	0	253.489	253.489	0	506.978	253.489
 12.2	4606.72	6420.91	247927	351733	301589	274467	225770	171055	142181	56887.2	21278.8	8292.1	4837.06	691.009	691.009	460.672	460.672	230.336	0	691.009	0	230.336	0
 12.6	5239.05	4712.89	225416	297240	268448	238245	215121	162133	144047	51611.1	19969.6	9770.76	3785.95	1892.97	841.322	210.33	0	210.33	420.661	210.33	0	630.991	210.33
 13.1	5222.31	5898.78	218575	247857	243693	209657	181125	154318	130465	47519.8	16056	6852.03	3855.34	1349.37	771.068	578.301	0	0	0	0	0	0	192.767
 13.6	6405.77	5723.72	200603	223908	215626	192681	159402	128073	106639	48705.1	16286.3	6075.44	2296.59	1766.61	552.972	176.661	529.983	176.661	529.983	0	176.661	0	529.983
 14.1	5779.83	10186.2	200918	197564	185943	174654	154326	128597	92170.5	37276	16926	6073.51	2429.66	1619.77	626.831	323.955	161.977	161.977	314.759	323.955	161.977	161.977	314.759
 14.6	8004.33	9579.7	179621	173563	166494	139053	131753	105955	92322.4	38970.3	15834.1	7533.78	2233.72	1638.06	893.488	297.829	148.915	0	8.45436	446.744	148.915	0	8.45436
 15.1	6723.51	11539.5	152958	150545	141220	140742	117195	99734.9	81266.1	32483.9	12844.7	5306.04	1789.1	550.491	412.868	137.623	208.684	275.245	412.868	275.245	412.868	137.623	412.868
 15.7	6452.09	13626.4	141644	134681	139762	115845	101154	85001.2	73254.3	32204	10804.4	6157.46	1404	1311.45	382.909	510.545	444.64	510.545	290.36	255.273	127.636	0	382.909
 16.3	8056.37	16743.4	123845	118719	121032	111531	95080.7	81616	69277.1	28052.5	11836.7	3762.76	2135.6	1508.61	118.554	357.291	237.108	118.554	85.9634	0	0	118.554	474.216
 16.8	8397.1	29585.2	119816	114752	109119	96362.5	89867.1	70016	61896.4	24927.1	7935.85	3527.55	2615.73	661.7	852.717	880.75	441.133	551.416	441.133	330.85	551.416	551.416	330.85
 17.5	6902.35	32904.1	108537	105505	98986.1	83538.8	75646.3	68751.2	56914.3	23268.1	8465.75	4556.28	2599.59	823.046	277.463	0	249.897	514.404	205.762	102.881	308.642	411.523	102.881
 18.1	8075.32	47420	106483	97416.7	82899.9	77600.6	68247	55965.6	53078.7	21666	7028.1	3346.14	1643.79	576.644	439.307	384.429	439.307	96.1073	288.322	96.1073	288.322	288.322	192.215
 18.8	8051.32	60247.3	100461	84315.8	74740.2	73948.4	64827.3	51837.1	51666.1	19561.7	8245.91	3659.24	1430.91	270.045	360.06	338.017	180.03	90.0151	450.075	360.06	0	180.03	450.075
 19.5	6721.77	69771.6	92795.5	85047.4	74262	67849.1	58031.2	53150.7	42834.8	18307.3	6322	3144.04	993.132	1045.27	285.527	221.784	422.077	84.4155	369.943	369.943	84.4155	590.908	253.246
 20.2	5436.39	94013.1	89510.1	76254.5	65237.9	63781.5	53843.7	44821	39979.8	16012	7056.48	2931.51	1286.85	1157.41	444.04	683.057	237.789	237.789	366.005	286.742	315.824	553.614	79.2631
 20.9	5777.1	94107	81933.3	71589.7	61858.9	56827.4	50136.6	39642.3	40317.1	13369.2	7344.13	3184.53	1596.61	1039.32	222.533	338.193	294.125	339.261	0	40.6373	149.053	73.9806	372.048
 21.7	4123.57	97686.3	81680.5	66900.8	58793.2	55737.2	46159.2	41550.9	38392.1	15474.3	5683.59	2013.24	1149.03	834.853	274.693	448.463	224.584	450.939	139.786	240.915	566.874	427.797	349.222
 22.5	3504.07	100474	79702	62097.2	56391.5	50865.3	42671.3	36115.3	36654.4	14333	5381.27	2164.28	638.532	457.536	323.131	196.137	446.508	130.326	65.8249	130.377	429.218	452.234	130.339
 23.3	3679.96	96840.7	76339.2	57196.9	52566.7	47000.8	41136.5	34941.1	32658.1	12046.8	4987.59	1997.67	1121.66	552.918	368.65	129.611	557.308	123.649	248.639	432.184	207.365	120.661	68.1354
 24.1	2665.16	101513	70546.8	58751.4	48150.5	44761.7	38044.2	31343.1	30437.7	12330.7	5146.8	1707.4	728.383	283.463	349.606	165.572	173.954	57.8246	233.292	56.912	173.941	175.504	223.963
 25.0	2479.37	100039	69055.9	54184.5	47025.5	41954.1	39566.7	30127.8	28404.1	12079.1	5593.65	2519.55	1208.45	548.06	442.427	386.273	163.326	165.862	332.239	108.593	218.811	220.454	165.701
 25.9	2261.95	104852	66250.9	57109.8	47390.4	40779.4	36963.3	29403.5	28476.8	8807.41	5493.52	2072.77	1109.22	524.733	226.874	367.588	104.608	104.616	101.741	157.207	104.55	231.298	50.1054
 26.9	2159.6	108659	64130.3	51487.8	45039.4	42217.4	36471.7	29607.1	27203.1	12027.2	4608.59	2050.54	664.082	442.41	228.597	44.6928	247.285	149.092	0	146.199	97.6752	128.743	148.947
 27.9	1623.25	105421	59685.2	50602.3	44471.1	38927.5	33740.1	28642.8	24468.4	9878.92	3918.05	2004.21	890.082	472.234	328.254	139.748	184.407	284.649	144.512	46.5551	140.588	45.6773	241.19
 28.9	532.083	104810	60597.2	47944	41378.1	36011.8	34150.8	29376.7	24712.7	8283.68	4334.22	2124.07	1137.87	489.433	354.892	135.481	270.933	87.8898	103.138	135.146	89.8778	90.6095	40.7717
 30.0	1042.7	101294	58545.5	44586.5	41286.2	36218	33822	26377.8	22663.7	8956.9	3531.45	1578.11	757.128	383.979	164.313	123.481	298.289	42.7465	66.5315	84.6965	85.9414	127.891	40.7328
 31.1	607.282	99089.8	57566.6	46633.3	43886.3	35141.2	29973.6	26153.8	25234.1	9646.93	4746.73	1476.14	834.108	501.259	403.589	241.829	80.4883	80.5271	40.8581	37.5428	163.729	72.4052	122.256
 32.2	451.072	99601.9	54917.6	49561.3	38120.1	34649.4	29477.1	27170.7	25060.4	9497.91	4341.57	1448.87	721.937	184.152	344.945	75.4223	0	77.1361	0	75.0427	0	84.2513	75.5028
 33.4	474.429	95434.3	54594.6	44288.1	38873.2	34570.5	29213.7	24550.1	21718.4	9513.19	3527.9	1912.64	610.649	332.5	217.716	108.167	109.202	33.686	0	149.724	111.749	186.748	73.095
 34.6	559.585	95388.5	48950.4	44074.2	36189.7	34171.1	30025.9	23765.8	19596.9	8637.52	3768.19	1463.68	837.878	415.321	66.6079	136.236	70.3505	31.2597	34.3948	71.9273	70.9106	0	143.364
 35.9	775.258	91373.7	50138.1	40433.8	35707.9	32924.5	28181.9	25405.4	18379	9026.7	3453.06	2007.93	517.272	297.209	64.6341	97.2949	135.271	28.0538	31.2866	101.882	136.55	67.295	32.0446
 37.2	648.963	86865	51836.6	38427	34868.6	32156.3	27233.6	24367.9	18964.3	8243.71	3224.73	1789.74	735.22	95.1157	199.612	58.2062	28.4509	32.2192	137.401	32.9932	32.4898	29.7464	99.121
 38.5	558.287	84583.1	49653.1	35379.7	33910.2	29329.8	27168.6	22085.9	18769.3	7279.22	3270.55	1209.15	645.029	323.181	80.5624	189.667	124.254	58.0174	154.32	158.487	94.8117	62.7737	63.1833
 40.0	439.188	79638	43618	37158.4	31076	30743	25561.2	22536.9	16818.2	7905.28	3340.41	1462.62	456.557	284.034	114.442	90.0122	180.841	0	58.5982	28.2113	59.4158	59.9994	0
 41.4	327.247	74778.3	43065.6	35745.6	30233	28740.9	24958.1	21927.2	17104.3	6991.95	3765.86	1584.28	689.197	527.478	219.415	0	27.1912	86.8119	0	25.2441	25.8978	0	20.7138
 42.9	366.121	70348.7	41127.5	35518.1	31402.4	27164.3	24897.5	22468.1	17496.9	7470.38	3588.47	1352.41	719.965	365.989	195.042	140.304	80.9957	0	110.734	26.5598	0	26.3892	62.4934
 44.5	647.855	64415.6	37060.8	34321.3	29326.4	26263.2	22864.9	21337.8	15332	6107.93	3699.76	1107.7	742.977	203.971	188.399	134.316	23.025	51.777	0	80.7414	22.4826	52.563	23.3181
 46.1	444.398	61649.5	37885	30777.3	27585.6	25941.8	24313	19001.5	15042.3	6575.57	3082.27	1144.74	570.532	284.297	238.649	76.3255	158.331	0	52.7851	96.5507	49.2878	51.8145	79.7636
 47.8	427.403	57583.2	36593.1	30780.4	26181.4	24064.3	21660.4	19111.3	15063.8	6922.36	2522.04	978.81	661.277	263.768	174.546	73.8997	83.8011	102.222	102.795	25.4377	25.9132	23.488	49.0718
 49.6	295.793	52851.4	36397.4	30108	26443.2	24712.1	22445.8	18668.6	14024.5	5755.69	2668.42	1257.06	650.421	228.235	109.907	172.567	36.2488	71.2663	22.4142	0	24.3196	70.9416	23.277
 51.4	328.153	52295.6	32451	27812.1	25423	22241.7	21127.3	18090.1	14019.8	5742.13	2738	1107.04	468.741	251.473	81.4324	90.5128	43.4414	143.195	67.4625	45.2583	40.8484	20.6412	48.9421
 53.3	433.565	47076.3	31040.5	27976.8	25107.8	22810.3	20396.8	16589.2	13803.8	5554.04	2856.55	1057.92	656.15	200.587	59.7086	161.624	87.3768	0	16.747	0	12.4123	68.8983	22.9532
 55.2	174.803	42790.4	29348.9	25642.2	22861.2	20868.6	18871.1	17066.6	13274.3	5587.7	2486.99	984.02	348.613	287.949	157.787	43.2442	39.7493	64.5046	20.6507	22.5855	17.3457	17.9847	0
 57.3	308.427	41092.2	27580.7	23757	20842	19743.1	18360.6	17015.8	12456.2	4933.18	2110.4	1131.64	336.901	237.17	131.874	13.2406	84.8319	129.121	0	22.2242	17.5295	16.8955	39.5906
 59.4	266.966	39058.1	28130.6	23718.1	22394.8	19036	18167.7	17105.3	12019.3	5135.91	1896.84	829.73	654.628	336.087	96.2739	82.7448	14.2993	10.9515	41.1779	61.688	60.683	39.0362	20.4557
 61.5	246.08	35986.3	25721	22466.5	20989.1	18276.3	16586.8	15082.8	10591.3	5001.37	2089.19	1018.66	446.162	262.249	179.591	40.513	59.936	59.7374	79.4463	40.4362	20.0687	20.1085	0
 63.8	464.852	29584.4	25362.3	21635.1	18453.4	17491.7	16721.2	14980.3	9684.51	4239.94	1807.25	1078.5	330.685	263.291	88.5922	38.7513	59.5416	40.4587	0	0	38.194	37.4622	79.153
 66.1	258.125	29637.6	22989.7	20130.5	18732.2	17241.1	15571.2	12976.5	10409.5	3909.85	2109.58	978.84	363.543	77.551	43.3595	51.6926	35.1372	35.1748	16.7059	59.9494	79.0807	19.3618	0
 68.5	320.129	26916.6	21241.7	19671	18551.2	15461.2	14668.2	12737.6	9799.65	4428.85	1742.85	972.447	468.198	151.46	14.8209	30.158	19.179	18.6177	0	38.6605	0	18.2381	18.1788
 71.0	356.173	25361.4	20343.2	17418.3	16723.8	15547.9	13133.5	12261.4	9229.98	3775.97	1704.67	512.242	516.054	249.31	117.336	41.9036	31.5605	7.52999	16.7399	75.9246	0	27.3505	33.8423
 73.7	336.834	22978.5	17633.1	15663.3	15015.1	14350	12610.3	11112.8	8273.45	3553.2	1333.3	584.771	291.217	163.193	160.75	22.1654	65.4997	65.6024	31.1898	66.55	14.6112	52.1474	0
 76.4	305.229	22062.8	16119.8	15738.6	13682.9	13541.3	12069.4	9980.53	8327.77	3045.63	1424.99	662.014	240.856	130.646	113.754	92.5324	28.2367	0	63.6136	0	109.708	14.2061	0
 79.1	346.539	20325.8	16548.9	15094.8	13710	12738	11408.8	10248.3	6945.44	3479.67	1241.24	683.947	314.77	87.7233	73.8424	0	84.1705	35.3072	48.1033	0	72.5595	23.3129	11.3652
 82.0	185.695	19401.9	15567.1	14633.4	13735	12617.9	12082.1	10283.1	6723.29	2793.51	1521.62	392.139	186.132	56.7682	6.70124	36.9985	26.0171	37.7346	0	7.02092	24.0867	47.2613	48.7911
 85.1	223.595	18749	15889.6	14414.9	13225.5	12698.6	11136.1	10305.5	7436.59	3450.85	1360.19	724.564	400.246	130.861	36.1534	79.3815	44.2091	47.1325	5.98006	0	40.7406	35.1724	33.0902
 88.2	289.131	19684.4	16059.1	13684.8	12500.2	11966.8	10886.6	9418.18	7385.44	2880.41	1291.91	842.257	311.83	113.272	112.878	14.7903	53.4674	83.9296	24.2174	41.0584	32.4937	31.5663	0
 91.4	174.239	18011.4	15892.8	13612.8	13505.2	11679.4	11054.8	9868.67	7520.22	2410.69	1475.06	686.176	108.553	122.085	74.0985	15.0885	18.3169	8.9116	45.5359	6.17685	0	0	46.8654
 94.7	238.46	17299.3	13895.9	13973.7	12191.9	11089.8	10451.9	9151.28	7258.71	2839.17	1246.06	647.449	305.042	158.581	101.715	19.6021	19.8536	8.35784	0	27.7661	28.2429	33.8315	4.4016
 98.2	260.369	16597.6	14870.6	13186.8	12663.1	12197.5	9413.77	9345.39	6821.03	2939.81	1111.78	417.544	223.945	113.391	79.8456	62.1037	35.2545	37.5461	22.2181	0	12.5234	0	25.0948
101.8	430.81	16517	13956.5	13011.9	12446.8	11445.6	9817.29	9428.36	7099.75	3355.62	946.364	739.007	318.627	58.0935	163.545	52.2498	0	3.1186	6.58375	9.38408	42.6905	11.4726	7.83215
105.5	406.664	19208.6	17252.4	16865.9	14899.4	13681.4	13112.8	12025.7	7735.59	3255.93	1350.65	1037.61	467.976	115.015	109.416	80.9999	33.9319	64.0755	11.4912	30.2267	29.6834	64.0755	27.8723
109.4	416.901	20992.6	20031.9	18666.3	16621.7	15937.1	14999.5	13394.8	8570.63	3964.11	1519.61	877.14	474.422	179.648	127.058	67.1197	93.4148	50.3398	33.5599	26.3785	16.7799	16.7799	117.459
113.4	398.791	22997.1	20217.3	19650.5	16549.8	14908.2	15359.9	13146.8	8920.25	4127.14	1795.26	730.211	491.937	183.739	74.0208	83.5832	83.5832	16.7166	50.1499	16.573	16.7166	16.7166	33.4333
117.6	470.913	21567.8	19705.9	18969.9	15681.6	16023.4	14460.4	13672.3	9097.61	3877.97	1969.03	649.078	371.437	139.872	66.3171	132.634	33.1586	33.1586	33.1586	7.23788	0	66.3171	33.1586
121.9	407.845	20831.3	19674	17516.6	15868.9	15893.4	14630.9	12412.1	7967.49	3851.34	1295.76	871.923	323.761	148.694	100.605	132.172	33.043	33.043	16.5215	33.043	49.5646	33.043	16.5215
126.3	377.251	22550.8	19460.3	17682.1	16528.1	15353.8	14218.5	12950.7	8077.51	4225.17	1502.64	797.597	388.884	246.993	163.191	32.9324	32.9324	32.9324	49.3986	82.331	32.9324	0	16.4662
131.0	442.626	20684.5	19609.5	18562.8	16400.6	15916.7	14614.6	13485.4	8728.05	4397.65	1710.79	465.588	383.788	180.545	98.4792	82.066	65.6528	16.4132	49.2396	49.2396	32.8264	16.4132	0
135.8	396.277	20521.7	18493.5	17823.8	15460.6	15227.7	13969.1	12963.3	8171.49	3902.47	1554.38	507.499	376.335	199.399	81.8121	81.8121	81.8121	32.7248	35.7749	49.0872	35.7749	16.3624	16.3624
140.7	324.73	21329.6	19664.5	17467.6	15667.2	16173.5	15013.9	13357.1	7408.88	3723.29	1527.11	806.711	351.45	210.005	65.557	65.557	32.7785	32.7785	13.3341	32.7785	29.7234	65.557	32.7785
145.9	280.553	20495.7	17983.9	16999	16633.9	14364	14057.5	13508.1	7791.5	4020.66	1837.06	725.968	388.193	147.765	83.5326	65.6735	82.0919	32.8368	49.2552	16.4184	16.4184	0	65.6735
151.2	306.072	19939.6	17916.4	16917.6	15609.4	15039	13613.5	12280.3	7414.83	3517.15	1855.8	820.687	293.281	261.972	80.4295	81.8661	32.7464	65.4929	16.3732	16.3732	16.3732	0	0
156.8	348.12	18646.8	17474.1	16484.4	15103.8	14362.4	14367.4	12556.8	7695.66	3467.46	1800.69	673.271	229.687	164.062	82.0311	32.8124	65.6249	32.8124	49.2186	32.8124	37.7343	32.8124	54.1405
Scan Up Time(s)	240	240	240	240	240	240	240	240	240	240	240	240	240	240	240	240	240	240	240	240	240	240	240
Retrace Time(s)	60	60	60	60	60	60	60	60	60	60	60	60	60	60	60	60	60	60	60	60	60	60	60
Down Scan First	FALSE	FALSE	FALSE	FALSE	FALSE	FALSE	FALSE	FALSE	FALSE	FALSE	FALSE	FALSE	FALSE	FALSE	FALSE	FALSE	FALSE	FALSE	FALSE	FALSE	FALSE	FALSE	FALSE
Scans Per Sample	1	1	1	1	1	1	1	1	1	1	1	1	1	1	1	1	1	1	1	1	1	1	1
Impactor Type(cm)	0.071	0.071	0.071	0.071	0.071	0.071	0.071	0.071	0.071	0.071	0.071	0.071	0.071	0.071	0.071	0.071	0.071	0.071	0.071	0.071	0.071	0.071	0.071
Sheath Flow(lpm)	3	3	3	3	3	3	3	3	3	3	3	3	3	3	3	3	3	3	3	3	3	3	3
Aerosol Flow(lpm)	0.3	0.3	0.3	0.3	0.3	0.3	0.3	0.3	0.3	0.3	0.3	0.3	0.3	0.3	0.3	0.3	0.3	0.3	0.3	0.3	0.3	0.3	0.3
CPC Inlet Flow(lpm)	0.3	0.3	0.3	0.3	0.3	0.3	0.3	0.3	0.3	0.3	0.3	0.3	0.3	0.3	0.3	0.3	0.3	0.3	0.3	0.3	0.3	0.3	0.3
CPC Sample Flow(lpm)	0.3	0.3	0.3	0.3	0.3	0.3	0.3	0.3	0.3	0.3	0.3	0.3	0.3	0.3	0.3	0.3	0.3	0.3	0.3	0.3	0.3	0.3	0.3
Low Voltage	25.5554	25.5554	25.5554	25.5554	25.5554	25.5554	25.5554	25.5554	25.5554	25.5554	25.5554	25.5554	25.5554	25.5554	25.5554	25.5554	25.5554	25.5554	25.5554	25.5554	25.5554	25.5554	25.5554
High Voltage	9357.87	9357.87	9357.87	9357.87	9357.87	9357.87	9357.87	9357.87	9357.87	9357.87	9357.87	9357.87	9357.87	9357.87	9357.87	9357.87	9357.87	9357.87	9357.87	9357.87	9357.87	9357.87	9357.87
Lower Size(nm)	6.97831	6.97831	6.97831	6.97831	6.97831	6.97831	6.97831	6.97831	6.97831	6.97831	6.97831	6.97831	6.97831	6.97831	6.97831	6.97831	6.97831	6.97831	6.97831	6.97831	6.97831	6.97831	6.97831
Upper Size(nm)	159.634	159.634	159.634	159.634	159.634	159.634	159.634	159.634	159.634	159.634	159.634	159.634	159.634	159.634	159.634	159.634	159.634	159.634	159.634	159.634	159.634	159.634	159.634
Density(g/cc)	1.2	1.2	1.2	1.2	1.2	1.2	1.2	1.2	1.2	1.2	1.2	1.2	1.2	1.2	1.2	1.2	1.2	1.2	1.2	1.2	1.2	1.2	1.2
Title																							
Status Flag	Normal Scan	Normal Scan	Normal Scan	Normal Scan	Normal Scan	Normal Scan	Normal Scan	Normal Scan	Normal Scan	Normal Scan	Normal Scan	Normal Scan	Normal Scan	Normal Scan	Normal Scan	Normal Scan	Normal Scan	Normal Scan	Normal Scan	Normal Scan	Normal Scan	Normal Scan	Normal Scan
td(s)	2.93	2.93	2.93	2.93	2.93	2.93	2.93	2.93	2.93	2.93	2.93	2.93	2.93	2.93	2.93	2.93	2.93	2.93	2.93	2.93	2.93	2.93	2.93
tf(s)	0.783657	0.783657	0.783657	0.783657	0.783657	0.783657	0.783657	0.783657	0.783657	0.783657	0.783657	0.783657	0.783657	0.783657	0.783657	0.783657	0.783657	0.783657	0.783657	0.783657	0.783657	0.783657	0.783657
D50(nm)	1284.41	1284.41	1284.41	1284.41	1284.41	1284.41	1284.41	1284.41	1284.41	1284.41	1284.41	1284.41	1284.41	1284.41	1284.41	1284.41	1284.41	1284.41	1284.41	1284.41	1284.41	1284.41	1284.41
Median(nm)	14.783	32.4116	9.51643	8.95675	8.91505	9.00292	9.33318	9.62894	9.94682	10.2606	10.477	11.0856	11.2959	11.8887	14.2724	15.8539	19.4687	17.2017	18.638	18.7232	21.8114	19.0168	18.6669
Mean(nm)	19.1988	42.6396	15.9727	13.6666	13.3509	13.7867	14.9013	15.9087	15.9797	16.928	17.9297	19.5265	19.9832	21.0347	25.2594	25.7959	29.3447	27.0647	28.256	27.4462	31.362	25.287	27.8651
Geo. Mean(nm)	15.4474	35.5928	11.9749	10.7671	10.6091	10.8165	11.3663	11.8639	12.1588	12.5974	13.0857	14.0017	14.2159	14.8883	17.6758	18.4165	21.963	19.5665	21.7317	21.0178	24.8554	20.0955	21.822
Mode(nm)	9.13982	26.896	7.10497	7.10497	7.10497	7.10497	7.10497	7.10497	7.36525	7.36525	7.63506	7.36525	7.36525	7.10497	8.81683	7.91476	10.9411	7.36525	13.5773	12.1881	21.6739	12.6346	13.5773
Geo. Std. Dev.	1.75297	1.77035	1.85795	1.71658	1.69425	1.72236	1.79116	1.8462	1.82677	1.87668	1.93262	1.99103	2.01102	2.04065	2.1291	2.06545	1.98423	2.07881	1.88668	1.90902	1.84324	1.81575	1.83405
Total Concentration(#/cm³)	3542.12	54947.8	213935	279158	267971	227644	170268	128872	96158.3	36519.7	13837.2	5237.67	2368.41	1046.32	420.93	280.149	189.683	151.761	129.604	133.477	110.39	153.636	130.696
Comment																							
