TSI CPC DATA VERSION 3
1490277774,2017/3/23,14:02:54
15
1.08,130
Model 3783 Ver 1.27 S/N 3783111302
"Date","Time","Concentration","Count"," Live-Time","Blank","Abs Press"," Analog In","Pulse Height"," Pulse STD","Status Flags"
2017/3/23,14:02:45,7.69e3,231294,13.94,,1024,0.000,2716,270,408
2017/3/23,14:03:00,9.62e3,306364,14.68,,1024,0.000,2644,341,0
2017/3/23,14:03:15,8.88e3,283578,14.7,,1024,0.000,2639,318,0
2017/3/23,14:03:30,8.19e3,262091,14.73,,1023,0.000,2565,419,0
2017/3/23,14:03:45,7.86e3,251608,14.74,,1024,0.000,2600,373,0
2017/3/23,14:04:00,7.23e3,231719,14.76,,1024,0.000,2568,406,0
2017/3/23,14:04:15,6.47e3,207928,14.79,,1024,0.000,2603,362,0
2017/3/23,14:04:30,6.47e3,207823,14.79,,1024,0.000,2600,394,0
2017/3/23,14:04:45,5.88e3,189144,14.8,,1024,0.000,2581,419,0
2017/3/23,14:05:00,6.07e3,195205,14.8,,1024,0.000,2597,383,0
2017/3/23,14:05:15,5.74e3,184814,14.81,,1024,0.000,2611,368,0
2017/3/23,14:05:30,5.62e3,180934,14.81,,1024,0.000,2617,382,0
2017/3/23,14:05:45,5.72e3,184150,14.81,,1024,0.000,2637,336,0
2017/3/23,14:06:00,5.63e3,181343,14.81,,1023,0.000,2626,372,0
2017/3/23,14:06:15,5.73e3,184501,14.81,,1024,0.000,2598,397,0
2017/3/23,14:06:30,5.61e3,180690,14.81,,1024,0.000,2622,356,0
2017/3/23,14:06:45,5.87e3,188758,14.8,,1024,0.000,2629,354,0
2017/3/23,14:07:00,5.83e3,187489,14.81,,1023,0.000,2628,349,0
2017/3/23,14:07:15,5.78e3,185889,14.81,,1024,0.000,2585,418,0
2017/3/23,14:07:30,5.56e3,179162,14.81,,1023,0.000,2626,368,0
2017/3/23,14:07:45,5.41e3,174370,14.82,,1024,0.000,2622,380,0
2017/3/23,14:08:00,5.34e3,172088,14.82,,1024,0.000,2606,406,0
2017/3/23,14:08:15,5.60e3,180327,14.81,,1024,0.000,2653,330,0
2017/3/23,14:08:30,5.33e3,171835,14.82,,1024,0.000,2625,357,0
2017/3/23,14:08:45,5.35e3,172264,14.82,,1024,0.000,2611,358,0
2017/3/23,14:09:00,5.41e3,174134,14.82,,1024,0.000,2615,379,0
2017/3/23,14:09:15,5.43e3,174777,14.82,,1024,0.000,2614,375,0
2017/3/23,14:09:30,5.28e3,170251,14.82,,1024,0.000,2614,369,0
2017/3/23,14:09:45,5.35e3,172370,14.82,,1024,0.000,2629,371,0
2017/3/23,14:10:00,4.91e3,158488,14.83,,1024,0.000,2613,401,0
2017/3/23,14:10:15,5.93e3,190708,14.8,,1024,0.000,2637,329,0
2017/3/23,14:10:30,7.58e3,242782,14.75,,1024,0.000,2606,354,0
2017/3/23,14:10:45,1.04e4,331888,14.66,,1024,0.000,2598,345,0
2017/3/23,14:11:00,1.59e4,502075,14.5,,1023,0.000,2531,373,0
2017/3/23,14:11:15,1.99e4,602542,14.4,,1024,0.000,2486,397,0
2017/3/23,14:11:30,2.27e4,701476,14.31,,1024,0.000,2469,394,0
2017/3/23,14:11:45,2.12e4,655336,14.35,,1024,0.000,2481,402,0
2017/3/23,14:12:00,2.12e4,658028,14.35,,1024,0.000,2462,406,0
2017/3/23,14:12:15,5.34e4,1543092,13.5,,1024,0.000,2209,433,0
2017/3/23,14:12:30,5.54e4,1574215,13.46,,1024,0.000,2199,446,0
2017/3/23,14:12:45,5.79e4,1660656,13.39,,1024,0.000,2143,456,0
2017/3/23,14:13:00,6.26e4,1729805,13.29,,1024,0.000,2178,482,0
2017/3/23,14:13:15,1.10e5,2739899,12.19,,1024,0.000,1995,518,0
2017/3/23,14:13:30,1.44e5,3465986,11.4,,1024,0.000,1851,498,0
2017/3/23,14:13:45,6.03e4,1733922,13.32,,1024,0.000,2128,455,0
2017/3/23,14:14:00,1.26e5,3120892,11.8,,1024,0.000,1883,488,0
2017/3/23,14:14:15,2.00e5,4350301,10.26,,1024,0.000,1734,523,0
2017/3/23,14:14:30,1.42e5,3434681,11.45,,1024,0.000,1831,472,0
2017/3/23,14:14:45,2.68e5,5174620,9.017,,1024,0.000,1612,523,0
2017/3/23,14:15:00,2.80e5,5198601,8.864,,1024,0.000,1605,563,0
2017/3/23,14:15:15,2.61e5,5066227,9.16,,1024,0.000,1651,535,0
2017/3/23,14:15:30,2.20e5,4648422,9.86,,1023,0.000,1651,522,0
2017/3/23,14:15:45,2.26e5,4722634,9.757,,1023,0.000,1671,498,0
2017/3/23,14:16:00,2.10e5,4489032,10.06,,1024,0.000,1694,535,0
2017/3/23,14:16:15,2.13e5,4556489,9.993,,1024,0.000,1690,516,0
2017/3/23,14:16:30,2.45e5,4934971,9.418,,1024,0.000,1618,528,0
2017/3/23,14:16:45,3.15e5,5606919,8.23,,1024,0.000,1542,534,0
2017/3/23,14:17:00,2.93e5,5422204,8.592,,1024,0.000,1541,523,0
2017/3/23,14:17:15,3.25e5,5680704,8.072,,1024,0.000,1531,555,0
2017/3/23,14:17:30,2.99e5,5493506,8.476,,1024,0.000,1605,551,0
2017/3/23,14:17:45,3.21e5,5661665,8.143,,1024,0.000,1567,544,0
2017/3/23,14:18:00,2.92e5,5431423,8.596,,1024,0.000,1560,526,0
2017/3/23,14:18:15,3.14e5,5610878,8.246,,1024,0.000,1507,521,0
2017/3/23,14:18:30,3.21e5,5648313,8.145,,1024,0.000,1523,537,0
2017/3/23,14:18:45,3.12e5,5585593,8.291,,1024,0.000,1545,521,0
2017/3/23,14:19:00,2.84e5,5343021,8.753,,1024,0.000,1569,518,0
2017/3/23,14:19:15,3.26e5,5697711,8.053,,1024,0.000,1513,521,0
2017/3/23,14:19:30,3.30e5,5722795,7.994,,1024,0.000,1538,581,0
2017/3/23,14:19:45,3.17e5,5630421,8.195,,1024,0.000,1550,535,0
2017/3/23,14:20:00,3.26e5,5687777,8.071,,1024,0.000,1506,560,0
2017/3/23,14:20:15,3.34e5,5748920,7.931,,1024,0.000,1516,571,0
2017/3/23,14:20:30,3.32e5,5733584,7.967,,1024,0.000,1561,548,0
2017/3/23,14:20:45,3.59e5,5898605,7.589,,1024,0.000,1505,550,0
2017/3/23,14:21:00,3.59e5,5891702,7.569,,1024,0.000,1546,557,0
2017/3/23,14:21:15,3.45e5,5808070,7.777,,1024,0.000,1506,543,0
2017/3/23,14:21:30,3.49e5,5839745,7.719,,1024,0.000,1513,537,0
2017/3/23,14:21:45,3.51e5,5851887,7.689,,1024,0.000,1507,531,0
2017/3/23,14:22:00,3.45e5,5815684,7.779,,1024,0.000,1522,539,0
2017/3/23,14:22:15,3.38e5,5774752,7.876,,1024,0.000,1512,544,0
2017/3/23,14:22:30,3.30e5,5725182,8.002,,1024,0.000,1558,527,0
2017/3/23,14:22:45,3.21e5,5664283,8.137,,1023,0.000,1529,535,0
2017/3/23,14:23:00,3.32e5,5737980,7.957,,1023,0.000,1525,545,0
2017/3/23,14:23:15,3.30e5,5722932,8.0,,1024,0.000,1553,570,0
2017/3/23,14:23:30,3.25e5,5685874,8.075,,1024,0.000,1534,522,0
2017/3/23,14:23:45,3.27e5,5711124,8.041,,1023,0.000,1489,546,0
2017/3/23,14:24:00,3.17e5,5637238,8.192,,1023,0.000,1572,538,0
2017/3/23,14:24:15,3.19e5,5650783,8.157,,1024,0.000,1534,535,0
2017/3/23,14:24:30,3.17e5,5632088,8.199,,1024,0.000,1560,527,0
2017/3/23,14:24:45,3.09e5,5577893,8.323,,1024,0.000,1547,540,0
2017/3/23,14:25:00,2.99e5,5499128,8.464,,1024,0.000,1571,539,0
2017/3/23,14:25:15,3.08e5,5563922,8.34,,1024,0.000,1518,549,0
2017/3/23,14:25:30,3.10e5,5583608,8.314,,1023,0.000,1550,585,0
2017/3/23,14:25:45,3.12e5,5599133,8.27,,1024,0.000,1519,532,0
2017/3/23,14:26:00,3.04e5,5539428,8.394,,1023,0.000,1534,529,0
2017/3/23,14:26:15,3.09e5,5576560,8.325,,1023,0.000,1540,581,0
2017/3/23,14:26:30,3.04e5,5536762,8.402,,1023,0.000,1517,541,0
2017/3/23,14:26:45,3.00e5,5505777,8.468,,1023,0.000,1583,539,0
2017/3/23,14:27:00,2.93e5,5453879,8.573,,1023,0.000,1516,543,0
2017/3/23,14:27:15,2.99e5,5499069,8.473,,1023,0.000,1531,540,0
2017/3/23,14:27:30,2.91e5,5430314,8.609,,1023,0.000,1547,533,0
2017/3/23,14:27:45,2.96e5,5472487,8.533,,1023,0.000,1579,535,0
2017/3/23,14:28:00,2.96e5,5474137,8.525,,1023,0.000,1566,554,0
2017/3/23,14:28:15,2.88e5,5409109,8.648,,1023,0.000,1601,556,0
2017/3/23,14:28:30,2.90e5,5426192,8.608,,1023,0.000,1580,549,0
2017/3/23,14:28:45,2.83e5,5366243,8.733,,1024,0.000,1567,526,0
2017/3/23,14:29:00,2.79e5,5327170,8.801,,1023,0.000,1577,526,0
2017/3/23,14:29:15,2.76e5,5303352,8.846,,1024,0.000,1586,507,0
2017/3/23,14:29:30,2.80e5,5331649,8.786,,1023,0.000,1572,528,0
2017/3/23,14:29:45,2.79e5,5333573,8.801,,1023,0.000,1566,539,0
2017/3/23,14:30:00,2.73e5,5273638,8.91,,1023,0.000,1606,531,0
2017/3/23,14:30:15,2.74e5,5286045,8.885,,1023,0.000,1613,563,0
2017/3/23,14:30:30,2.71e5,5254276,8.929,,1023,0.000,1621,517,0
2017/3/23,14:30:45,2.83e5,5369892,8.735,,1023,0.000,1550,552,0
2017/3/23,14:31:00,2.86e5,5395236,8.688,,1024,0.000,1561,552,0
2017/3/23,14:31:15,2.94e5,5465210,8.558,,1023,0.000,1552,518,0
2017/3/23,14:31:30,2.90e5,5424728,8.617,,1023,0.000,1571,527,0
2017/3/23,14:31:45,2.79e5,5332276,8.809,,1024,0.000,1616,555,0
2017/3/23,14:32:00,2.69e5,5238226,8.956,,1023,0.000,1586,523,0
2017/3/23,14:32:15,2.71e5,5252556,8.931,,1023,0.000,1604,545,0
2017/3/23,14:32:30,2.75e5,5297019,8.86,,1024,0.000,1583,548,0
2017/3/23,14:32:45,2.68e5,5225928,8.983,,1024,0.000,1619,538,0
2017/3/23,14:33:00,2.61e5,5161965,9.098,,1024,0.000,1619,537,0
2017/3/23,14:33:15,2.66e5,5211954,9.011,,1023,0.000,1573,548,0
2017/3/23,14:33:30,2.64e5,5191853,9.044,,1023,0.000,1614,537,0
2017/3/23,14:33:45,2.64e5,5189705,9.065,,1023,0.000,1604,563,0
2017/3/23,14:34:00,2.55e5,5100192,9.207,,1023,0.000,1628,551,0
2017/3/23,14:34:15,2.53e5,5075681,9.237,,1024,0.000,1627,557,0
2017/3/23,14:34:30,2.50e5,5050226,9.292,,1023,0.000,1586,551,0
2017/3/23,14:34:45,2.51e5,5058258,9.285,,1023,0.000,1602,534,0
2017/3/23,14:35:00,2.50e5,5049435,9.288,,1023,0.000,1634,533,0
2017/3/23,14:35:15,2.48e5,5025659,9.332,,1024,0.000,1601,528,0
2017/3/23,14:35:30,2.42e5,4944950,9.459,,1023,0.000,1617,535,0
2017/3/23,14:35:45,2.47e5,5018396,9.348,,1023,0.000,1623,509,0
2017/3/23,14:36:00,2.41e5,4945926,9.455,,1023,0.000,1643,539,0
2017/3/23,14:36:15,2.43e5,4964151,9.423,,1023,0.000,1635,540,0
2017/3/23,14:36:30,2.39e5,4925786,9.491,,1023,0.000,1666,528,0
2017/3/23,14:36:45,2.42e5,4957090,9.444,,1024,0.000,1649,529,0
2017/3/23,14:37:00,2.40e5,4936975,9.477,,1023,0.000,1600,531,0
2017/3/23,14:37:15,2.37e5,4901747,9.519,,1023,0.000,1627,518,0
2017/3/23,14:37:30,2.35e5,4880960,9.555,,1023,0.000,1677,567,0
2017/3/23,14:37:45,2.34e5,4869395,9.569,,1023,0.000,1628,535,0
2017/3/23,14:38:00,2.35e5,4875112,9.559,,1024,0.000,1665,546,0
2017/3/23,14:38:15,2.36e5,4892748,9.533,,1023,0.000,1614,499,0
2017/3/23,14:38:30,2.27e5,4786838,9.699,,1023,0.000,1654,504,0
2017/3/23,14:38:45,2.29e5,4809719,9.67,,1023,0.000,1657,538,0
2017/3/23,14:39:00,2.27e5,4778276,9.712,,1023,0.000,1656,509,0
2017/3/23,14:39:15,2.22e5,4724092,9.793,,1024,0.000,1656,521,0
2017/3/23,14:39:30,2.11e5,4577547,10.0,,1024,0.000,1688,528,0
2017/3/23,14:39:45,2.33e5,4853176,9.608,,1023,0.000,1665,532,0
2017/3/23,14:40:00,2.15e5,4627594,9.94,,1024,0.000,1693,526,0
2017/3/23,14:40:15,2.07e5,4526918,10.08,,1023,0.000,1674,498,0
2017/3/23,14:40:30,1.95e5,4371178,10.3,,1024,0.000,1690,517,0
2017/3/23,14:40:45,1.78e5,4118600,10.65,,1024,0.000,1705,529,0
2017/3/23,14:41:00,1.71e5,4007798,10.78,,1024,0.000,1745,537,0
2017/3/23,14:41:15,1.69e5,3974039,10.82,,1024,0.000,1754,524,0
2017/3/23,14:41:30,1.67e5,3939220,10.87,,1024,0.000,1794,539,0
2017/3/23,14:41:45,1.59e5,3818204,11.03,,1024,0.000,1730,518,0
2017/3/23,14:42:00,1.48e5,3628793,11.26,,1023,0.000,1776,526,0
2017/3/23,14:42:15,1.40e5,3476363,11.44,,1024,0.000,1799,489,0
2017/3/23,14:42:30,1.33e5,3345365,11.6,,1024,0.000,1812,521,0
2017/3/23,14:42:45,1.28e5,3251188,11.71,,1024,0.000,1801,526,0
2017/3/23,14:43:00,1.18e5,3057869,11.93,,1023,0.000,1856,491,0
2017/3/23,14:43:15,1.16e5,3021771,11.97,,1024,0.000,1851,507,0
2017/3/23,14:43:30,1.07e5,2828230,12.18,,1024,0.000,1866,510,0
2017/3/23,14:43:45,9.81e4,2636989,12.4,,1024,0.000,1914,468,0
2017/3/23,14:44:00,9.91e4,2658826,12.37,,1024,0.000,1888,490,0
2017/3/23,14:44:15,9.65e4,2601442,12.43,,1024,0.000,1899,491,0
2017/3/23,14:44:30,9.11e4,2482078,12.56,,1024,0.000,1916,469,0
2017/3/23,14:44:45,8.48e4,2336881,12.71,,1024,0.000,1921,522,0
2017/3/23,14:45:00,8.12e4,2254354,12.8,,1024,0.000,1983,493,0
2017/3/23,14:45:15,7.77e4,2171579,12.88,,1024,0.000,2028,465,0
2017/3/23,14:45:30,7.29e4,2055946,13.0,,1024,0.000,1999,488,0
2017/3/23,14:45:45,6.96e4,1973674,13.08,,1024,0.000,2030,502,0
2017/3/23,14:46:00,6.34e4,1819216,13.23,,1023,0.000,2073,485,0
2017/3/23,14:46:15,6.18e4,1779313,13.27,,1024,0.000,2095,485,0
2017/3/23,14:46:30,6.13e4,1766536,13.28,,1023,0.000,2089,491,0
2017/3/23,14:46:45,5.64e4,1641964,13.41,,1024,0.000,2120,487,0
2017/3/23,14:47:00,5.32e4,1555570,13.49,,1024,0.000,2141,511,0
2017/3/23,14:47:15,5.16e4,1515590,13.53,,1024,0.000,2125,502,0
2017/3/23,14:47:30,4.59e4,1360922,13.67,,1023,0.000,2224,494,0
2017/3/23,14:47:45,4.67e4,1384154,13.65,,1024,0.000,2205,500,0
2017/3/23,14:48:00,4.26e4,1271005,13.76,,1023,0.000,2219,483,0
2017/3/23,14:48:15,4.10e4,1228374,13.8,,1024,0.000,2249,494,0
2017/3/23,14:48:30,3.96e4,1188293,13.84,,1023,0.000,2249,501,0
2017/3/23,14:48:45,3.74e4,1127571,13.9,,1024,0.000,2252,498,0
2017/3/23,14:49:00,3.49e4,1058816,13.96,,1023,0.000,2290,495,0
2017/3/23,14:49:15,3.39e4,1030917,13.99,,1023,0.000,2304,501,0
2017/3/23,14:49:30,3.33e4,1013130,14.01,,1024,0.000,2296,487,0
2017/3/23,14:49:45,3.07e4,937554,14.08,,1024,0.000,2307,511,0
2017/3/23,14:50:00,2.93e4,897152,14.12,,1024,0.000,2352,469,0
2017/3/23,14:50:15,2.80e4,859301,14.15,,1024,0.000,2359,490,0
2017/3/23,14:50:30,2.72e4,837609,14.17,,1023,0.000,2373,488,0
2017/3/23,14:50:45,2.48e4,766454,14.24,,1023,0.000,2395,461,0
2017/3/23,14:51:00,2.28e4,708098,14.3,,1023,0.000,2376,489,0
2017/3/23,14:51:15,2.28e4,709344,14.3,,1024,0.000,2407,501,0
2017/3/23,14:51:30,2.25e4,700588,14.3,,1023,0.000,2391,491,0
2017/3/23,14:51:45,2.05e4,640081,14.36,,1023,0.000,2414,484,0
2017/3/23,14:52:00,1.99e4,622354,14.38,,1023,0.000,2391,522,0
2017/3/23,14:52:15,1.81e4,567932,14.43,,1023,0.000,2452,479,0
2017/3/23,14:52:30,1.76e4,552190,14.45,,1024,0.000,2482,428,0
2017/3/23,14:52:45,1.63e4,514765,14.48,,1023,0.000,2430,467,0
2017/3/23,14:53:00,1.62e4,510265,14.49,,1024,0.000,2436,491,0
2017/3/23,14:53:15,1.47e4,466345,14.53,,1024,0.000,2489,452,0
2017/3/23,14:53:30,1.48e4,467548,14.53,,1023,0.000,2468,463,0
2017/3/23,14:53:45,1.40e4,443661,14.55,,1024,0.000,2464,479,0
2017/3/23,14:54:00,1.31e4,416521,14.58,,1023,0.000,2482,467,0
2017/3/23,14:54:15,1.29e4,411229,14.58,,1024,0.000,2502,438,0
2017/3/23,14:54:30,1.18e4,376096,14.62,,1024,0.000,2482,458,0
2017/3/23,14:54:45,1.13e4,358954,14.63,,1024,0.000,2525,447,0
2017/3/23,14:55:00,1.08e4,345156,14.65,,1024,0.000,2500,455,0
2017/3/23,14:55:15,9.96e3,317309,14.68,,1024,0.000,2517,456,0
2017/3/23,14:55:30,9.91e3,315863,14.68,,1024,0.000,2529,452,0
2017/3/23,14:55:45,9.34e3,298090,14.69,,1024,0.000,2529,456,0
2017/3/23,14:56:00,8.48e3,271214,14.72,,1024,0.000,2537,460,0
2017/3/23,14:56:15,8.42e3,269326,14.72,,1024,0.000,2545,441,0
2017/3/23,14:56:30,8.20e3,262209,14.73,,1024,0.000,2535,439,0
2017/3/23,14:56:45,7.58e3,242757,14.75,,1023,0.000,2576,410,0
2017/3/23,14:57:00,7.35e3,235433,14.76,,1023,0.000,2572,413,0
2017/3/23,14:57:15,6.83e3,219292,14.77,,1023,0.000,2532,457,0
2017/3/23,14:57:30,6.88e3,220679,14.77,,1023,0.000,2554,440,0
2017/3/23,14:57:45,6.45e3,207282,14.78,,1024,0.000,2585,428,0
2017/3/23,14:58:00,5.99e3,192533,14.8,,1024,0.000,2567,450,0
2017/3/23,14:58:15,5.55e3,178684,14.81,,1023,0.000,2583,404,0
2017/3/23,14:58:30,5.42e3,174651,14.82,,1023,0.000,2591,408,0
2017/3/23,14:58:45,5.29e3,170386,14.82,,1024,0.000,2579,422,0
2017/3/23,14:59:00,5.06e3,163229,14.83,,1023,0.000,2581,437,0
2017/3/23,14:59:15,4.85e3,156466,14.84,,1024,0.000,2580,439,0
2017/3/23,14:59:30,4.34e3,140280,14.85,,1024,0.000,2550,469,0
2017/3/23,14:59:45,4.26e3,137839,14.85,,1024,0.000,2572,434,0
2017/3/23,15:00:00,4.20e3,135968,14.86,,1024,0.000,2581,445,0
2017/3/23,15:00:15,4.08e3,132079,14.86,,1024,0.000,2587,424,0
2017/3/23,15:00:30,3.64e3,117769,14.88,,1024,0.000,2584,423,0
2017/3/23,15:00:45,3.44e3,111381,14.88,,1023,0.000,2609,385,0
2017/3/23,15:01:00,3.49e3,113013,14.88,,1023,0.000,2600,432,0
2017/3/23,15:01:15,3.18e3,103358,14.89,,1024,0.000,2563,462,0
2017/3/23,15:01:30,3.12e3,101203,14.89,,1023,0.000,2595,418,0
2017/3/23,15:01:45,2.99e3,97055,14.9,,1023,0.000,2590,434,0
2017/3/23,15:02:00,2.78e3,90432,14.9,,1023,0.000,2584,451,0
2017/3/23,15:02:15,2.71e3,88324,14.91,,1023,0.000,2592,435,0
2017/3/23,15:02:30,2.60e3,84794,14.91,,1024,0.000,2634,363,0
2017/3/23,15:02:45,2.40e3,78163,14.92,,1024,0.000,2628,391,0
2017/3/23,15:03:00,2.30e3,74945,14.92,,1024,0.000,2602,434,0
2017/3/23,15:03:15,2.16e3,70248,14.92,,1023,0.000,2607,427,0
2017/3/23,15:03:30,2.00e3,65283,14.93,,1023,0.000,2590,447,0
2017/3/23,15:03:45,2.09e3,68130,14.93,,1024,0.000,2592,443,0
2017/3/23,15:04:00,2.00e3,65227,14.93,,1023,0.000,2634,383,0
2017/3/23,15:04:15,1.92e3,62651,14.93,,1024,0.000,2601,446,0
2017/3/23,15:04:30,1.81e3,59015,14.94,,1024,0.000,2613,418,0
2017/3/23,15:04:45,1.71e3,55880,14.94,,1023,0.000,2629,404,0
2017/3/23,15:05:00,1.58e3,51414,14.94,,1023,0.000,2612,405,0
2017/3/23,15:05:15,1.47e3,47790,14.95,,1024,0.000,2614,415,0
2017/3/23,15:05:30,1.41e3,45895,14.95,,1023,0.000,2619,415,0
2017/3/23,15:05:45,1.33e3,43393,14.95,,1023,0.000,2623,393,0
2017/3/23,15:06:00,1.25e3,40678,14.96,,1023,0.000,2606,426,0
2017/3/23,15:06:15,1.22e3,39713,14.96,,1023,0.000,2592,455,0
2017/3/23,15:06:30,1.18e3,38608,14.96,,1023,0.000,2602,434,0
2017/3/23,15:06:45,1.19e3,38945,14.96,,1023,0.000,2598,437,0
2017/3/23,15:07:00,1.14e3,37280,14.96,,1023,0.000,2604,434,0
2017/3/23,15:07:15,1.15e3,37691,14.96,,1023,0.000,2606,422,0
2017/3/23,15:07:30,1.04e3,33897,14.96,,1023,0.000,2576,468,0
2017/3/23,15:07:45,973,31653,14.96,,1023,0.000,2604,456,0
2017/3/23,15:08:00,927,30139,14.97,,1023,0.000,2611,424,0
2017/3/23,15:08:15,914,29721,14.97,,1023,0.000,2641,396,0
2017/3/23,15:08:30,852,27690,14.97,,1023,0.000,2604,446,0
2017/3/23,15:08:45,836,27180,14.97,,1023,0.000,2597,430,0
2017/3/23,15:09:00,773,25149,14.97,,1023,0.000,2606,428,0
2017/3/23,15:09:15,792,25762,14.97,,1023,0.000,2612,418,0
2017/3/23,15:09:30,742,24144,14.97,,1023,0.000,2641,383,0
2017/3/23,15:09:45,721,23438,14.97,,1023,0.000,2628,406,0
2017/3/23,15:10:00,694,22568,14.97,,1023,0.000,2602,435,0
2017/3/23,15:10:15,663,21564,14.98,,1023,0.000,2601,439,0
2017/3/23,15:10:30,606,19706,14.98,,1023,0.000,2613,428,0
2017/3/23,15:10:45,585,19021,14.98,,1023,0.000,2611,429,0
2017/3/23,15:11:00,575,18702,14.98,,1023,0.000,2612,421,0
2017/3/23,15:11:15,516,16771,14.98,,1023,0.000,2620,421,0
2017/3/23,15:11:30,538,17515,14.98,,1023,0.000,2615,426,0
2017/3/23,15:11:45,524,17053,14.98,,1023,0.000,2628,413,0
2017/3/23,15:12:00,517,16823,14.98,,1023,0.000,2604,429,0
2017/3/23,15:12:15,498,16213,14.98,,1023,0.000,2635,413,0
2017/3/23,15:12:30,443,14425,14.98,,1023,0.000,2600,449,0
2017/3/23,15:12:45,449,14616,14.98,,1023,0.000,2606,444,0
2017/3/23,15:13:00,454,14772,14.98,,1023,0.000,2601,454,0
2017/3/23,15:13:15,429,13943,14.98,,1023,0.000,2631,394,0
2017/3/23,15:13:30,405,13172,14.98,,1023,0.000,2607,440,0
2017/3/23,15:13:45,392,12745,14.99,,1023,0.000,2595,430,0
2017/3/23,15:14:00,388,12610,14.99,,1023,0.000,2630,408,0
2017/3/23,15:14:15,378,12299,14.99,,1023,0.000,2600,465,0
2017/3/23,15:14:30,357,11620,14.99,,1023,0.000,2604,434,0
2017/3/23,15:14:45,360,11715,14.99,,1023,0.000,2611,424,0
2017/3/23,15:15:00,334,10877,14.99,,1023,0.000,2644,397,0
2017/3/23,15:15:15,315,10254,14.99,,1023,0.000,2603,435,0
2017/3/23,15:15:30,285,9288,14.99,,1024,0.000,2614,399,0
2017/3/23,15:15:45,277,9020,14.99,,1023,0.000,2625,419,0
2017/3/23,15:16:00,261,8505,14.99,,1023,0.000,2595,441,0
2017/3/23,15:16:15,280,9124,14.99,,1023,0.000,2630,393,0
2017/3/23,15:16:30,265,8621,14.99,,1023,0.000,2611,435,0
2017/3/23,15:16:45,259,8442,14.99,,1023,0.000,2591,449,0
2017/3/23,15:17:00,254,8269,14.99,,1023,0.000,2631,404,0
2017/3/23,15:17:15,258,8401,14.99,,1023,0.000,2626,411,0
2017/3/23,15:17:30,248,8065,14.99,,1023,0.000,2593,465,0
2017/3/23,15:17:45,244,7951,14.99,,1023,0.000,2611,435,0
2017/3/23,15:18:00,231,7538,14.99,,1023,0.000,2607,434,0
2017/3/23,15:18:15,237,7723,14.99,,1023,0.000,2631,395,0
2017/3/23,15:18:30,224,7298,14.99,,1023,0.000,2602,432,0
2017/3/23,15:18:45,210,6833,14.99,,1023,0.000,2586,473,0
2017/3/23,15:19:00,208,6767,14.99,,1023,0.000,2623,446,0
2017/3/23,15:19:15,213,6927,14.99,,1023,0.000,2611,427,0
2017/3/23,15:19:30,193,6304,14.99,,1023,0.000,2653,377,0
2017/3/23,15:19:45,190,6195,14.99,,1023,0.000,2587,435,0
2017/3/23,15:20:00,183,5975,14.99,,1023,0.000,2640,388,0
2017/3/23,15:20:15,192,6245,14.99,,1024,0.000,2622,407,0
2017/3/23,15:20:30,194,6334,14.99,,1023,0.000,2601,452,0
2017/3/23,15:20:45,178,5790,14.99,,1023,0.000,2607,415,0
2017/3/23,15:21:00,168,5465,14.99,,1023,0.000,2596,440,0
2017/3/23,15:21:15,168,5462,14.99,,1023,0.000,2602,450,0
2017/3/23,15:21:30,164,5348,14.99,,1023,0.000,2595,456,0
2017/3/23,15:21:45,171,5560,14.99,,1023,0.000,2604,434,0
2017/3/23,15:22:00,166,5409,14.99,,1023,0.000,2600,434,0
2017/3/23,15:22:15,163,5299,14.99,,1023,0.000,2598,437,0
2017/3/23,15:22:30,154,5031,14.99,,1023,0.000,2641,396,0
2017/3/23,15:22:45,144,4701,14.99,,1023,0.000,2576,487,0
2017/3/23,15:23:00,164,5343,14.99,,1024,0.000,2630,421,0
2017/3/23,15:23:15,162,5286,14.99,,1023,0.000,2613,437,0
2017/3/23,15:23:30,145,4741,14.99,,1023,0.000,2592,452,0
2017/3/23,15:23:45,152,4950,14.99,,1024,0.000,2617,423,0
2017/3/23,15:24:00,142,4635,14.99,,1024,0.000,2602,456,0
2017/3/23,15:24:15,144,4702,14.99,,1024,0.000,2628,417,0
2017/3/23,15:24:30,140,4555,14.99,,1024,0.000,2623,426,0
2017/3/23,15:24:45,149,4852,14.99,,1024,0.000,2586,473,0
2017/3/23,15:25:00,144,4698,14.99,,1024,0.000,2568,473,0
2017/3/23,15:25:15,140,4581,14.99,,1024,0.000,2619,402,0
2017/3/23,15:25:30,134,4377,14.99,,1024,0.000,2613,440,0
2017/3/23,15:25:45,127,4139,14.99,,1024,0.000,2597,472,0
2017/3/23,15:26:00,136,4425,14.99,,1024,0.000,2579,439,0
2017/3/23,15:26:15,140,4558,14.99,,1024,0.000,2564,493,0
2017/3/23,15:26:30,145,4742,14.99,,1024,0.000,2634,390,0
2017/3/23,15:26:45,166,5414,14.99,,1024,0.000,2604,445,0
2017/3/23,15:27:00,178,5815,14.99,,1024,0.000,2618,424,0
2017/3/23,15:27:15,176,5723,14.99,,1024,0.000,2587,437,0
2017/3/23,15:27:30,176,5729,14.99,,1024,0.000,2598,454,0
2017/3/23,15:27:45,168,5461,14.99,,1024,0.000,2618,417,0
2017/3/23,15:28:00,176,5735,14.99,,1024,0.000,2600,440,0
2017/3/23,15:28:15,171,5575,14.99,,1024,0.000,2598,443,0
2017/3/23,15:28:30,189,6172,14.99,,1023,0.000,2622,435,0
2017/3/23,15:28:45,178,5792,14.99,,1024,0.000,2615,423,0
2017/3/23,15:29:00,187,6105,14.99,,1024,0.000,2607,427,0
2017/3/23,15:29:15,222,7234,14.99,,1024,0.000,2581,460,0
2017/3/23,15:29:30,219,7141,14.99,,1024,0.000,2603,456,0
2017/3/23,15:29:45,195,6341,14.99,,1024,0.000,2606,441,0
2017/3/23,15:30:00,198,6442,14.99,,1024,0.000,2617,411,0
2017/3/23,15:30:15,245,7967,14.99,,1024,0.000,2626,402,0
2017/3/23,15:30:30,208,6773,14.99,,1024,0.000,2586,461,0
2017/3/23,15:30:45,185,6028,14.99,,1024,0.000,2615,410,0
2017/3/23,15:31:00,186,6066,14.99,,1023,0.000,2609,429,0
2017/3/23,15:31:15,240,7810,14.99,,1024,0.000,2576,463,0
2017/3/23,15:31:30,213,6926,14.99,,1024,0.000,2585,472,0
2017/3/23,15:31:45,218,7099,14.99,,1024,0.000,2614,433,0
2017/3/23,15:32:00,209,6798,14.99,,1024,0.000,2608,424,0
2017/3/23,15:32:15,234,7618,14.99,,1024,0.000,2604,429,0
2017/3/23,15:32:30,226,7352,14.99,,1024,0.000,2601,444,0
2017/3/23,15:32:45,226,7349,14.99,,1024,0.000,2622,418,0
2017/3/23,15:33:00,196,6401,14.99,,1024,0.000,2626,406,0
2017/3/23,15:33:15,195,6349,14.99,,1024,0.000,2602,440,0
2017/3/23,15:33:30,189,6150,14.99,,1023,0.000,2604,438,0
2017/3/23,15:33:45,189,6146,14.99,,1024,0.000,2601,447,0
2017/3/23,15:34:00,183,5965,14.99,,1024,0.000,2604,435,0
2017/3/23,15:34:15,170,5538,14.99,,1024,0.000,2584,458,0
2017/3/23,15:34:30,159,5185,14.99,,1023,0.000,2618,429,0
2017/3/23,15:34:45,157,5130,14.99,,1024,0.000,2595,477,0
2017/3/23,15:35:00,164,5336,14.99,,1024,0.000,2608,434,0
2017/3/23,15:35:15,155,5067,14.99,,1024,0.000,2617,444,0
2017/3/23,15:35:30,157,5116,14.99,,1024,0.000,2615,421,0
2017/3/23,15:35:45,147,4803,14.99,,1023,0.000,2559,499,0
2017/3/23,15:36:00,147,4792,14.99,,1023,0.000,2601,430,0
2017/3/23,15:36:15,147,4806,14.99,,1024,0.000,2607,443,0
2017/3/23,15:36:30,158,5140,14.99,,1024,0.000,2597,440,0
2017/3/23,15:36:45,147,4796,14.99,,1023,0.000,2619,427,0
2017/3/23,15:37:00,137,4457,14.99,,1024,0.000,2564,496,0
2017/3/23,15:37:15,139,4520,14.99,,1024,0.000,2552,509,0
2017/3/23,15:37:30,135,4397,14.99,,1024,0.000,2622,408,0
2017/3/23,15:37:45,132,4320,14.99,,1024,0.000,2591,460,0
2017/3/23,15:38:00,136,4421,14.99,,1024,0.000,2600,422,0
2017/3/23,15:38:15,119,3879,14.99,,1024,0.000,2581,488,0
2017/3/23,15:38:30,120,3930,14.99,,1024,0.000,2595,454,0
2017/3/23,15:38:45,127,4145,14.99,,1024,0.000,2589,476,0
2017/3/23,15:39:00,122,3992,14.99,,1024,0.000,2589,446,0
2017/3/23,15:39:15,124,4034,14.99,,1024,0.000,2589,444,0
2017/3/23,15:39:30,126,4110,14.99,,1023,0.000,2579,468,0
2017/3/23,15:39:45,116,3798,14.99,,1023,0.000,2586,465,0
2017/3/23,15:40:00,112,3652,14.99,,1024,0.000,2579,466,0
2017/3/23,15:40:15,126,4113,14.99,,1024,0.000,2597,443,0
2017/3/23,15:40:30,113,3699,14.99,,1023,0.000,2580,487,0
2017/3/23,15:40:45,113,3680,14.99,,1024,0.000,2563,488,0
2017/3/23,15:41:00,108,3541,14.99,,1023,0.000,2585,496,0
2017/3/23,15:41:15,111,3624,14.99,,1024,0.000,2565,501,0
2017/3/23,15:41:30,106,3470,14.99,,1024,0.000,2581,469,0
2017/3/23,15:41:45,109,3554,14.99,,1024,0.000,2558,480,0
2017/3/23,15:42:00,108,3515,14.99,,1023,0.000,2617,445,0
2017/3/23,15:42:15,106,3451,14.99,,1023,0.000,2603,441,0
2017/3/23,15:42:30,104,3391,14.99,,1024,0.000,2613,450,0
2017/3/23,15:42:45,98.7,3210,14.99,,1023,0.000,2586,493,0
2017/3/23,15:43:00,100,3254,14.99,,1024,0.000,2601,462,0
2017/3/23,15:43:15,103,3354,14.99,,1023,0.000,2611,456,0
2017/3/23,15:43:30,105,3427,14.99,,1023,0.000,2589,462,0
2017/3/23,15:43:45,101,3300,14.99,,1024,0.000,2607,439,0
2017/3/23,15:44:00,99.5,3235,14.99,,1023,0.000,2613,447,0
2017/3/23,15:44:15,104,3385,14.99,,1024,0.000,2611,479,0
2017/3/23,15:44:30,98.7,3209,14.99,,1024,0.000,2611,438,0
2017/3/23,15:44:45,98.7,3209,14.99,,1024,0.000,2607,447,0
2017/3/23,15:45:00,97.9,3182,14.99,,1024,0.000,2604,488,0
2017/3/23,15:45:15,108,3529,14.99,,1024,0.000,2619,460,0
2017/3/23,15:45:30,102,3325,14.99,,1023,0.000,2570,510,0
2017/3/23,15:45:45,99.5,3234,14.99,,1024,0.000,2624,444,0
2017/3/23,15:46:00,107,3479,14.99,,1023,0.000,2596,478,0
2017/3/23,15:46:15,98.9,3216,14.99,,1024,0.000,2611,438,0
2017/3/23,15:46:30,96.9,3151,14.99,,1024,0.000,2586,485,0
2017/3/23,15:46:45,91.2,2966,14.99,,1023,0.000,2596,482,0
2017/3/23,15:47:00,91.1,2961,14.99,,1024,0.000,2611,441,0
2017/3/23,15:47:15,92.7,3014,14.99,,1023,0.000,2565,504,0
2017/3/23,15:47:30,86.2,2802,14.99,,1024,0.000,2612,449,0
2017/3/23,15:47:45,85.9,2793,14.99,,1024,0.000,2607,458,0
2017/3/23,15:48:00,86.7,2818,14.99,,1024,0.000,2583,480,0
2017/3/23,15:48:15,84.8,2759,14.99,,1024,0.000,2606,454,0
2017/3/23,15:48:30,80.4,2613,14.99,,1024,0.000,2572,509,0
2017/3/23,15:48:45,93.2,3032,14.99,,1024,0.000,2595,454,0
2017/3/23,15:49:00,83.6,2719,14.99,,1024,0.000,2596,473,0
2017/3/23,15:49:15,86.7,2820,14.99,,1024,0.000,2602,443,0
2017/3/23,15:49:30,81.5,2650,14.99,,1024,0.000,2590,509,0
2017/3/23,15:49:45,84.1,2734,14.99,,1024,0.000,2597,456,0
2017/3/23,15:50:00,85.4,2776,14.99,,1024,0.000,2595,484,0
2017/3/23,15:50:15,82.7,2690,14.99,,1024,0.000,2587,498,0
2017/3/23,15:50:30,84.0,2730,14.99,,1024,0.000,2613,440,0
2017/3/23,15:50:45,82.3,2676,14.99,,1024,0.000,2574,501,0
2017/3/23,15:51:00,84.0,2733,14.99,,1024,0.000,2623,428,0
2017/3/23,15:51:15,82.4,2681,14.99,,1024,0.000,2552,533,0
2017/3/23,15:51:30,78.7,2558,14.99,,1024,0.000,2609,477,0
2017/3/23,15:51:45,79.6,2588,14.99,,1024,0.000,2562,520,0
2017/3/23,15:52:00,84.6,2750,14.99,,1024,0.000,2617,469,0
2017/3/23,15:52:15,82.0,2668,14.99,,1024,0.000,2602,495,0
2017/3/23,15:52:30,79.4,2582,14.99,,1024,0.000,2583,493,0
2017/3/23,15:52:45,78.4,2549,14.99,,1023,0.000,2550,539,0
2017/3/23,15:53:00,83.8,2726,14.99,,1023,0.000,2570,534,0
2017/3/23,15:53:15,84.5,2748,14.99,,1024,0.000,2587,474,0
2017/3/23,15:53:30,89.7,2916,14.99,,1024,0.000,2591,469,0
2017/3/23,15:53:45,86.0,2798,14.99,,1023,0.000,2579,484,0
2017/3/23,15:54:00,82.5,2684,14.99,,1024,0.000,2639,439,0
2017/3/23,15:54:15,81.9,2663,14.99,,1024,0.000,2602,491,0
2017/3/23,15:54:30,88.1,2865,14.99,,1024,0.000,2601,435,0
2017/3/23,15:54:45,134,4362,14.99,,1024,0.000,2580,483,0
2017/3/23,15:55:00,123,4026,14.99,,1024,0.000,2600,468,0
2017/3/23,15:55:15,111,3635,14.99,,1023,0.000,2575,479,0
2017/3/23,15:55:30,138,4486,14.99,,1024,0.000,2615,437,0
2017/3/23,15:55:45,119,3883,14.99,,1024,0.000,2615,433,0
2017/3/23,15:56:00,121,3948,14.99,,1024,0.000,2591,466,0
2017/3/23,15:56:15,129,4217,14.99,,1023,0.000,2606,439,0
