TSI CPC DATA VERSION 3
1490285516,2017/3/23,16:11:56
15
1.08,130
Model 3783 Ver 1.27 S/N 3783111302
"Date","Time","Concentration","Count"," Live-Time","Blank","Abs Press"," Analog In","Pulse Height"," Pulse STD","Status Flags"
2017/3/23,16:11:45,313,10177,14.99,,1024,0.000,2618,424,0
2017/3/23,16:12:00,318,10344,14.99,,1024,0.000,2612,433,0
2017/3/23,16:12:15,326,10616,14.99,,1024,0.000,2604,416,0
2017/3/23,16:12:30,409,13320,14.98,,1024,0.000,2603,444,0
2017/3/23,16:12:45,596,19391,14.98,,1024,0.000,2646,383,0
2017/3/23,16:13:00,990,32193,14.96,,1024,0.000,2587,423,0
2017/3/23,16:13:15,4.07e3,131628,14.86,,1024,0.000,2597,399,0
2017/3/23,16:13:30,3.74e3,121047,14.87,,1024,0.000,2598,367,0
2017/3/23,16:13:45,4.40e3,142284,14.85,,1024,0.000,2601,385,0
2017/3/23,16:14:00,5.70e3,183422,14.81,,1024,0.000,2587,382,0
2017/3/23,16:14:15,8.03e3,256787,14.74,,1024,0.000,2596,347,0
2017/3/23,16:14:30,1.05e4,335250,14.67,,1024,0.000,2541,383,0
2017/3/23,16:14:45,1.05e4,336243,14.67,,1024,0.000,2542,394,0
2017/3/23,16:15:00,1.60e4,503327,14.51,,1024,0.000,2513,377,0
2017/3/23,16:15:15,1.75e4,551438,14.47,,1024,0.000,2502,350,0
2017/3/23,16:15:30,1.76e4,552598,14.46,,1024,0.000,2495,350,0
2017/3/23,16:15:45,1.84e4,577125,14.44,,1024,0.000,2487,355,0
2017/3/23,16:16:00,2.10e4,654687,14.37,,1024,0.000,2452,386,0
2017/3/23,16:16:15,2.16e4,673493,14.35,,1024,0.000,2456,349,0
2017/3/23,16:16:30,3.00e4,918012,14.13,,1024,0.000,2360,383,0
2017/3/23,16:16:45,4.65e4,1379913,13.71,,1024,0.000,2220,346,0
2017/3/23,16:17:00,4.94e4,1459321,13.63,,1024,0.000,2172,377,0
2017/3/23,16:17:15,5.56e4,1623119,13.48,,1024,0.000,2109,377,0
2017/3/23,16:17:30,6.28e4,1809424,13.3,,1024,0.000,2088,384,0
2017/3/23,16:17:45,8.96e4,2442417,12.66,,1024,0.000,1958,404,0
2017/3/23,16:18:00,9.52e4,2572859,12.53,,1024,0.000,1948,378,0
2017/3/23,16:18:15,9.41e4,2555119,12.55,,1024,0.000,1936,408,0
2017/3/23,16:18:30,9.82e4,2648389,12.45,,1024,0.000,1925,393,0
2017/3/23,16:18:45,8.62e4,2379597,12.74,,1024,0.000,1962,385,0
2017/3/23,16:19:00,7.93e4,2216627,12.9,,1024,0.000,2000,401,0
2017/3/23,16:19:15,8.15e4,2268743,12.84,,1024,0.000,1992,386,0
2017/3/23,16:19:30,9.01e4,2462486,12.64,,1024,0.000,1975,402,0
2017/3/23,16:19:45,1.00e5,2707061,12.39,,1024,0.000,1962,415,0
2017/3/23,16:20:00,9.78e4,2642690,12.46,,1024,0.000,1939,406,0
2017/3/23,16:20:15,1.01e5,2714440,12.38,,1024,0.000,1901,388,0
2017/3/23,16:20:30,1.02e5,2754153,12.34,,1024,0.000,1917,386,0
2017/3/23,16:20:45,1.10e5,2921917,12.16,,1024,0.000,1862,413,0
2017/3/23,16:21:00,1.07e5,2851310,12.23,,1024,0.000,1921,426,0
2017/3/23,16:21:15,1.10e5,2905459,12.18,,1024,0.000,1918,402,0
2017/3/23,16:21:30,1.08e5,2878950,12.2,,1024,0.000,1899,401,0
2017/3/23,16:21:45,1.15e5,3010633,12.06,,1024,0.000,1901,418,0
2017/3/23,16:22:00,1.15e5,3005473,12.06,,1024,0.000,1866,426,0
2017/3/23,16:22:15,1.11e5,2929846,12.14,,1024,0.000,1894,422,0
2017/3/23,16:22:30,1.15e5,3024338,12.04,,1024,0.000,1875,421,0
2017/3/23,16:22:45,1.19e5,3095111,11.97,,1024,0.000,1865,422,0
2017/3/23,16:23:00,1.14e5,3004917,12.06,,1024,0.000,1877,395,0
2017/3/23,16:23:15,1.19e5,3093013,11.97,,1024,0.000,1873,423,0
2017/3/23,16:23:30,1.20e5,3124190,11.93,,1024,0.000,1837,422,0
2017/3/23,16:23:45,1.25e5,3225070,11.82,,1024,0.000,1861,418,0
2017/3/23,16:24:00,1.23e5,3176311,11.87,,1024,0.000,1853,434,0
2017/3/23,16:24:15,1.25e5,3221207,11.82,,1024,0.000,1832,423,0
2017/3/23,16:24:30,1.21e5,3141077,11.91,,1024,0.000,1871,426,0
2017/3/23,16:24:45,1.21e5,3145246,11.91,,1024,0.000,1842,434,0
2017/3/23,16:25:00,1.23e5,3176767,11.87,,1024,0.000,1844,416,0
2017/3/23,16:25:15,1.23e5,3171184,11.88,,1024,0.000,1843,438,0
2017/3/23,16:25:30,1.22e5,3153912,11.89,,1024,0.000,1864,423,0
2017/3/23,16:25:45,1.20e5,3124114,11.93,,1024,0.000,1864,421,0
2017/3/23,16:26:00,1.20e5,3112802,11.94,,1024,0.000,1842,445,0
2017/3/23,16:26:15,1.21e5,3136184,11.91,,1024,0.000,1853,427,0
2017/3/23,16:26:30,1.21e5,3134711,11.91,,1024,0.000,1848,439,0
2017/3/23,16:26:45,1.23e5,3166320,11.88,,1024,0.000,1829,447,0
2017/3/23,16:27:00,1.25e5,3221103,11.81,,1024,0.000,1827,456,0
2017/3/23,16:27:15,1.24e5,3189753,11.85,,1024,0.000,1875,434,0
2017/3/23,16:27:30,1.28e5,3263936,11.77,,1024,0.000,1849,471,0
2017/3/23,16:27:45,1.26e5,3230667,11.8,,1024,0.000,1832,484,0
2017/3/23,16:28:00,1.28e5,3271182,11.75,,1024,0.000,1826,434,0
2017/3/23,16:28:15,1.23e5,3177451,11.86,,1024,0.000,1831,446,0
2017/3/23,16:28:30,1.21e5,3131208,11.91,,1024,0.000,1883,446,0
2017/3/23,16:28:45,1.25e5,3214677,11.81,,1024,0.000,1860,451,0
2017/3/23,16:29:00,1.26e5,3227270,11.8,,1024,0.000,1833,452,0
2017/3/23,16:29:15,1.29e5,3286423,11.73,,1024,0.000,1870,458,0
2017/3/23,16:29:30,1.24e5,3194670,11.83,,1024,0.000,1812,460,0
2017/3/23,16:29:45,1.23e5,3182846,11.85,,1024,0.000,1867,467,0
2017/3/23,16:30:00,1.23e5,3170290,11.86,,1024,0.000,1848,452,0
2017/3/23,16:30:15,1.23e5,3174646,11.86,,1024,0.000,1839,474,0
2017/3/23,16:30:30,1.22e5,3150673,11.88,,1024,0.000,1864,450,0
2017/3/23,16:30:45,1.20e5,3111610,11.92,,1024,0.000,1850,476,0
2017/3/23,16:31:00,1.20e5,3106692,11.93,,1024,0.000,1873,438,0
2017/3/23,16:31:15,1.24e5,3197840,11.83,,1024,0.000,1837,460,0
2017/3/23,16:31:30,1.17e5,3046102,11.99,,1024,0.000,1854,452,0
2017/3/23,16:31:45,1.19e5,3101825,11.93,,1024,0.000,1894,452,0
2017/3/23,16:32:00,1.20e5,3123280,11.91,,1024,0.000,1837,456,0
2017/3/23,16:32:15,1.16e5,3022629,12.02,,1024,0.000,1855,465,0
2017/3/23,16:32:30,1.17e5,3058543,11.98,,1024,0.000,1867,454,0
2017/3/23,16:32:45,1.17e5,3057100,11.98,,1024,0.000,1868,451,0
2017/3/23,16:33:00,1.18e5,3075706,11.96,,1024,0.000,1873,462,0
2017/3/23,16:33:15,1.15e5,3011606,12.03,,1024,0.000,1873,446,0
2017/3/23,16:33:30,1.14e5,2998089,12.04,,1024,0.000,1849,482,0
2017/3/23,16:33:45,1.15e5,3020891,12.02,,1024,0.000,1884,457,0
2017/3/23,16:34:00,1.15e5,3009595,12.03,,1024,0.000,1877,467,0
2017/3/23,16:34:15,1.11e5,2922590,12.13,,1024,0.000,1866,465,0
2017/3/23,16:34:30,1.12e5,2944577,12.1,,1024,0.000,1871,435,0
2017/3/23,16:34:45,1.09e5,2880594,12.18,,1024,0.000,1879,445,0
2017/3/23,16:35:00,1.10e5,2907006,12.14,,1024,0.000,1872,458,0
2017/3/23,16:35:15,1.10e5,2907823,12.15,,1024,0.000,1845,466,0
2017/3/23,16:35:30,1.10e5,2917248,12.13,,1024,0.000,1882,462,0
2017/3/23,16:35:45,1.12e5,2958854,12.09,,1024,0.000,1859,467,0
2017/3/23,16:36:00,1.11e5,2920631,12.13,,1024,0.000,1850,474,0
2017/3/23,16:36:15,1.08e5,2873971,12.18,,1024,0.000,1893,463,0
2017/3/23,16:36:30,1.08e5,2874281,12.18,,1024,0.000,1867,472,0
2017/3/23,16:36:45,1.08e5,2873531,12.18,,1024,0.000,1853,461,0
2017/3/23,16:37:00,1.05e5,2809978,12.25,,1024,0.000,1895,460,0
2017/3/23,16:37:15,1.06e5,2817998,12.24,,1024,0.000,1885,468,0
2017/3/23,16:37:30,1.05e5,2805690,12.25,,1024,0.000,1871,466,0
2017/3/23,16:37:45,1.07e5,2841850,12.22,,1024,0.000,1859,472,0
2017/3/23,16:38:00,1.05e5,2797361,12.26,,1024,0.000,1892,458,0
2017/3/23,16:38:15,1.04e5,2780936,12.28,,1024,0.000,1859,452,0
2017/3/23,16:38:30,1.03e5,2765887,12.3,,1024,0.000,1878,465,0
2017/3/23,16:38:45,9.81e4,2642328,12.43,,1023,0.000,1911,462,0
2017/3/23,16:39:00,1.01e5,2710867,12.35,,1024,0.000,1892,458,0
2017/3/23,16:39:15,9.97e4,2679089,12.39,,1024,0.000,1882,476,0
2017/3/23,16:39:30,9.84e4,2650262,12.42,,1024,0.000,1895,484,0
2017/3/23,16:39:45,9.92e4,2666911,12.4,,1024,0.000,1925,454,0
2017/3/23,16:40:00,9.86e4,2654776,12.41,,1024,0.000,1898,468,0
2017/3/23,16:40:15,9.76e4,2632390,12.43,,1024,0.000,1907,474,0
2017/3/23,16:40:30,9.56e4,2586374,12.48,,1024,0.000,1932,432,0
2017/3/23,16:40:45,9.70e4,2618364,12.45,,1024,0.000,1884,457,0
2017/3/23,16:41:00,9.62e4,2600364,12.47,,1024,0.000,1898,452,0
2017/3/23,16:41:15,9.35e4,2540548,12.53,,1024,0.000,1939,458,0
2017/3/23,16:41:30,9.37e4,2545341,12.53,,1024,0.000,1907,496,0
2017/3/23,16:41:45,9.38e4,2546705,12.52,,1024,0.000,1895,480,0
2017/3/23,16:42:00,9.23e4,2514091,12.56,,1024,0.000,1928,443,0
2017/3/23,16:42:15,9.53e4,2580945,12.49,,1024,0.000,1947,452,0
2017/3/23,16:42:30,9.78e4,2636050,12.42,,1024,0.000,1905,487,0
2017/3/23,16:42:45,8.61e4,2372591,12.7,,1024,0.000,1988,424,0
2017/3/23,16:43:00,8.20e4,2275819,12.8,,1024,0.000,1933,458,0
2017/3/23,16:43:15,7.65e4,2145889,12.93,,1024,0.000,2004,466,0
2017/3/23,16:43:30,6.83e4,1945253,13.13,,1024,0.000,2022,458,0
2017/3/23,16:43:45,6.89e4,1959937,13.12,,1024,0.000,1995,476,0
2017/3/23,16:44:00,6.60e4,1888403,13.19,,1024,0.000,2019,456,0
2017/3/23,16:44:15,5.96e4,1725620,13.35,,1024,0.000,2102,466,0
2017/3/23,16:44:30,5.61e4,1634624,13.43,,1024,0.000,2113,435,0
2017/3/23,16:44:45,5.33e4,1561900,13.5,,1023,0.000,2121,460,0
2017/3/23,16:45:00,5.30e4,1554975,13.51,,1024,0.000,2124,457,0
2017/3/23,16:45:15,5.20e4,1526918,13.54,,1024,0.000,2131,479,0
2017/3/23,16:45:30,4.81e4,1423855,13.63,,1024,0.000,2180,461,0
2017/3/23,16:45:45,4.65e4,1379456,13.68,,1024,0.000,2167,477,0
2017/3/23,16:46:00,4.39e4,1308775,13.74,,1024,0.000,2198,469,0
2017/3/23,16:46:15,4.20e4,1258162,13.79,,1024,0.000,2253,466,0
2017/3/23,16:46:30,4.08e4,1224427,13.82,,1024,0.000,2213,498,0
2017/3/23,16:46:45,3.70e4,1119645,13.92,,1024,0.000,2250,489,0
2017/3/23,16:47:00,3.58e4,1083129,13.95,,1024,0.000,2283,461,0
2017/3/23,16:47:15,3.48e4,1056850,13.98,,1024,0.000,2292,466,0
2017/3/23,16:47:30,3.19e4,973536,14.06,,1024,0.000,2299,461,0
2017/3/23,16:47:45,3.21e4,980005,14.05,,1024,0.000,2321,462,0
2017/3/23,16:48:00,2.99e4,915320,14.11,,1024,0.000,2338,476,0
2017/3/23,16:48:15,2.82e4,867065,14.16,,1024,0.000,2344,466,0
2017/3/23,16:48:30,2.64e4,815850,14.21,,1024,0.000,2379,424,0
2017/3/23,16:48:45,2.49e4,770734,14.25,,1024,0.000,2364,485,0
2017/3/23,16:49:00,2.38e4,739547,14.28,,1024,0.000,2399,445,0
2017/3/23,16:49:15,2.22e4,692328,14.32,,1024,0.000,2397,471,0
2017/3/23,16:49:30,2.19e4,681026,14.33,,1024,0.000,2436,427,0
2017/3/23,16:49:45,2.07e4,646674,14.37,,1024,0.000,2424,432,0
2017/3/23,16:50:00,1.86e4,582053,14.43,,1024,0.000,2436,446,0
2017/3/23,16:50:15,1.84e4,578602,14.43,,1024,0.000,2459,422,0
2017/3/23,16:50:30,1.79e4,561209,14.45,,1023,0.000,2434,437,0
2017/3/23,16:50:45,1.65e4,519366,14.49,,1024,0.000,2462,441,0
2017/3/23,16:51:00,1.48e4,468302,14.54,,1024,0.000,2481,456,0
2017/3/23,16:51:15,1.48e4,468803,14.53,,1024,0.000,2475,432,0
2017/3/23,16:51:30,1.42e4,448353,14.55,,1024,0.000,2467,457,0
2017/3/23,16:51:45,1.33e4,422566,14.58,,1024,0.000,2519,396,0
2017/3/23,16:52:00,1.23e4,392890,14.61,,1024,0.000,2517,412,0
2017/3/23,16:52:15,1.19e4,377860,14.62,,1024,0.000,2543,423,0
2017/3/23,16:52:30,1.08e4,345519,14.65,,1024,0.000,2537,412,0
2017/3/23,16:52:45,1.09e4,346706,14.65,,1024,0.000,2534,410,0
2017/3/23,16:53:00,1.02e4,327503,14.67,,1024,0.000,2520,435,0
2017/3/23,16:53:15,9.55e3,304630,14.69,,1024,0.000,2556,405,0
2017/3/23,16:53:30,8.78e3,280598,14.72,,1024,0.000,2545,422,0
2017/3/23,16:53:45,9.15e3,292086,14.7,,1024,0.000,2532,444,0
2017/3/23,16:54:00,8.61e3,275189,14.72,,1024,0.000,2561,394,0
2017/3/23,16:54:15,8.19e3,262121,14.73,,1024,0.000,2591,369,0
2017/3/23,16:54:30,7.66e3,245519,14.75,,1024,0.000,2534,429,0
2017/3/23,16:54:45,6.98e3,223967,14.77,,1024,0.000,2558,391,0
2017/3/23,16:55:00,6.72e3,215667,14.78,,1024,0.000,2565,421,0
2017/3/23,16:55:15,6.60e3,212039,14.78,,1024,0.000,2573,391,0
2017/3/23,16:55:30,6.30e3,202569,14.79,,1024,0.000,2565,408,0
2017/3/23,16:55:45,5.81e3,186940,14.81,,1024,0.000,2564,408,0
2017/3/23,16:56:00,5.49e3,176916,14.82,,1024,0.000,2597,397,0
2017/3/23,16:56:15,5.54e3,178517,14.82,,1024,0.000,2608,372,0
2017/3/23,16:56:30,5.07e3,163528,14.83,,1024,0.000,2597,389,0
2017/3/23,16:56:45,4.54e3,146711,14.85,,1024,0.000,2562,441,0
2017/3/23,16:57:00,4.52e3,146085,14.85,,1024,0.000,2574,434,0
2017/3/23,16:57:15,4.51e3,145687,14.85,,1024,0.000,2587,413,0
2017/3/23,16:57:30,4.34e3,140367,14.85,,1024,0.000,2603,393,0
2017/3/23,16:57:45,3.85e3,124508,14.87,,1024,0.000,2597,400,0
2017/3/23,16:58:00,3.75e3,121312,14.87,,1024,0.000,2584,395,0
2017/3/23,16:58:15,3.74e3,121025,14.87,,1024,0.000,2603,394,0
2017/3/23,16:58:30,3.30e3,106949,14.89,,1024,0.000,2617,389,0
2017/3/23,16:58:45,3.25e3,105440,14.89,,1024,0.000,2604,388,0
2017/3/23,16:59:00,3.29e3,106831,14.89,,1024,0.000,2597,415,0
2017/3/23,16:59:15,3.06e3,99353,14.9,,1024,0.000,2617,367,0
2017/3/23,16:59:30,2.92e3,95108,14.9,,1024,0.000,2609,399,0
2017/3/23,16:59:45,2.83e3,91993,14.9,,1024,0.000,2607,416,0
2017/3/23,17:00:00,2.54e3,82813,14.91,,1024,0.000,2641,351,0
2017/3/23,17:00:15,2.46e3,79998,14.92,,1024,0.000,2608,401,0
2017/3/23,17:00:30,2.25e3,73329,14.92,,1024,0.000,2604,413,0
2017/3/23,17:00:45,2.25e3,73379,14.92,,1024,0.000,2602,407,0
2017/3/23,17:01:00,2.08e3,67712,14.93,,1024,0.000,2613,394,0
2017/3/23,17:01:15,2.05e3,66917,14.93,,1024,0.000,2626,388,0
2017/3/23,17:01:30,1.87e3,60976,14.94,,1024,0.000,2629,377,0
2017/3/23,17:01:45,1.70e3,55471,14.94,,1024,0.000,2620,385,0
2017/3/23,17:02:00,1.58e3,51605,14.94,,1024,0.000,2600,424,0
2017/3/23,17:02:15,1.66e3,53985,14.94,,1024,0.000,2618,372,0
2017/3/23,17:02:30,1.57e3,51069,14.95,,1024,0.000,2650,360,0
2017/3/23,17:02:45,1.45e3,47426,14.95,,1024,0.000,2607,401,0
2017/3/23,17:03:00,1.35e3,44047,14.95,,1024,0.000,2606,399,0
2017/3/23,17:03:15,1.31e3,42752,14.95,,1024,0.000,2620,393,0
2017/3/23,17:03:30,1.22e3,39895,14.96,,1024,0.000,2623,385,0
2017/3/23,17:03:45,1.17e3,38148,14.96,,1024,0.000,2622,385,0
2017/3/23,17:04:00,1.15e3,37527,14.96,,1024,0.000,2644,347,0
2017/3/23,17:04:15,1.07e3,34905,14.96,,1024,0.000,2636,372,0
2017/3/23,17:04:30,1.03e3,33713,14.96,,1024,0.000,2645,367,0
2017/3/23,17:04:45,976,31729,14.97,,1024,0.000,2636,385,0
2017/3/23,17:05:00,933,30328,14.97,,1024,0.000,2631,394,0
2017/3/23,17:05:15,868,28216,14.97,,1024,0.000,2635,401,0
2017/3/23,17:05:30,886,28802,14.97,,1024,0.000,2640,378,0
2017/3/23,17:05:45,840,27330,14.97,,1024,0.000,2630,396,0
2017/3/23,17:06:00,804,26135,14.97,,1024,0.000,2612,394,0
2017/3/23,17:06:15,764,24838,14.97,,1024,0.000,2626,385,0
2017/3/23,17:06:30,721,23444,14.97,,1024,0.000,2641,367,0
2017/3/23,17:06:45,684,22252,14.98,,1024,0.000,2631,391,0
2017/3/23,17:07:00,680,22129,14.98,,1024,0.000,2630,393,0
2017/3/23,17:07:15,688,22388,14.98,,1024,0.000,2633,368,0
2017/3/23,17:07:30,625,20343,14.98,,1024,0.000,2644,375,0
2017/3/23,17:07:45,567,18446,14.98,,1024,0.000,2634,394,0
2017/3/23,17:08:00,542,17628,14.98,,1024,0.000,2641,384,0
2017/3/23,17:08:15,529,17211,14.98,,1024,0.000,2618,408,0
2017/3/23,17:08:30,505,16428,14.98,,1024,0.000,2598,432,0
2017/3/23,17:08:45,491,15982,14.98,,1024,0.000,2642,380,0
2017/3/23,17:09:00,480,15618,14.98,,1024,0.000,2620,394,0
2017/3/23,17:09:15,454,14774,14.98,,1024,0.000,2642,380,0
2017/3/23,17:09:30,441,14354,14.98,,1024,0.000,2622,397,0
2017/3/23,17:09:45,424,13797,14.98,,1024,0.000,2617,416,0
2017/3/23,17:10:00,397,12904,14.99,,1024,0.000,2615,427,0
2017/3/23,17:10:15,394,12811,14.99,,1024,0.000,2639,397,0
2017/3/23,17:10:30,372,12097,14.99,,1024,0.000,2611,428,0
2017/3/23,17:10:45,355,11562,14.99,,1024,0.000,2612,415,0
2017/3/23,17:11:00,345,11233,14.99,,1024,0.000,2625,399,0
2017/3/23,17:11:15,343,11169,14.99,,1024,0.000,2637,385,0
2017/3/23,17:11:30,327,10654,14.99,,1024,0.000,2604,422,0
2017/3/23,17:11:45,307,9996,14.99,,1024,0.000,2629,393,0
2017/3/23,17:12:00,301,9790,14.99,,1024,0.000,2623,419,0
2017/3/23,17:12:15,293,9525,14.99,,1024,0.000,2597,433,0
2017/3/23,17:12:30,288,9391,14.99,,1024,0.000,2626,410,0
2017/3/23,17:12:45,279,9073,14.99,,1024,0.000,2631,396,0
2017/3/23,17:13:00,271,8817,14.99,,1024,0.000,2631,411,0
2017/3/23,17:13:15,254,8263,14.99,,1024,0.000,2635,390,0
2017/3/23,17:13:30,253,8252,14.99,,1024,0.000,2629,391,0
2017/3/23,17:13:45,242,7895,14.99,,1024,0.000,2630,406,0
2017/3/23,17:14:00,240,7819,14.99,,1024,0.000,2633,391,0
2017/3/23,17:14:15,234,7629,14.99,,1024,0.000,2625,412,0
2017/3/23,17:14:30,224,7290,14.99,,1024,0.000,2629,393,0
2017/3/23,17:14:45,208,6786,14.99,,1024,0.000,2625,389,0
2017/3/23,17:15:00,218,7114,14.99,,1024,0.000,2595,443,0
2017/3/23,17:15:15,202,6582,14.99,,1024,0.000,2622,410,0
2017/3/23,17:15:30,195,6366,14.99,,1024,0.000,2637,388,0
2017/3/23,17:15:45,190,6186,14.99,,1024,0.000,2617,422,0
2017/3/23,17:16:00,183,5963,14.99,,1024,0.000,2606,426,0
2017/3/23,17:16:15,178,5809,14.99,,1024,0.000,2613,399,0
2017/3/23,17:16:30,177,5781,14.99,,1024,0.000,2624,433,0
2017/3/23,17:16:45,176,5726,14.99,,1024,0.000,2625,433,0
2017/3/23,17:17:00,167,5450,14.99,,1024,0.000,2617,434,0
2017/3/23,17:17:15,168,5473,14.99,,1024,0.000,2609,432,0
2017/3/23,17:17:30,160,5232,14.99,,1024,0.000,2630,408,0
2017/3/23,17:17:45,157,5107,14.99,,1024,0.000,2604,446,0
2017/3/23,17:18:00,149,4852,14.99,,1024,0.000,2595,462,0
2017/3/23,17:18:15,146,4775,14.99,,1024,0.000,2631,413,0
2017/3/23,17:18:30,148,4811,14.99,,1024,0.000,2629,421,0
2017/3/23,17:18:45,141,4586,14.99,,1024,0.000,2623,423,0
2017/3/23,17:19:00,145,4738,14.99,,1024,0.000,2619,412,0
2017/3/23,17:19:15,143,4656,14.99,,1024,0.000,2595,461,0
2017/3/23,17:19:30,131,4271,14.99,,1024,0.000,2631,385,0
2017/3/23,17:19:45,135,4390,14.99,,1024,0.000,2593,460,0
2017/3/23,17:20:00,134,4378,14.99,,1024,0.000,2608,427,0
2017/3/23,17:20:15,131,4263,14.99,,1024,0.000,2584,487,0
2017/3/23,17:20:30,126,4121,14.99,,1024,0.000,2614,432,0
2017/3/23,17:20:45,131,4266,14.99,,1024,0.000,2612,430,0
2017/3/23,17:21:00,129,4194,14.99,,1024,0.000,2629,429,0
2017/3/23,17:21:15,129,4214,14.99,,1024,0.000,2602,444,0
2017/3/23,17:21:30,122,3977,14.99,,1024,0.000,2626,421,0
2017/3/23,17:21:45,130,4249,14.99,,1024,0.000,2592,446,0
2017/3/23,17:22:00,124,4060,14.99,,1024,0.000,2617,413,0
2017/3/23,17:22:15,148,4824,14.99,,1024,0.000,2606,438,0
2017/3/23,17:22:30,173,5632,14.99,,1024,0.000,2604,430,0
2017/3/23,17:22:45,157,5118,14.99,,1024,0.000,2570,489,0
2017/3/23,17:23:00,152,4963,14.99,,1024,0.000,2612,418,0
2017/3/23,17:23:15,157,5107,14.99,,1024,0.000,2596,462,0
2017/3/23,17:23:30,166,5426,14.99,,1024,0.000,2606,439,0
2017/3/23,17:23:45,178,5810,14.99,,1024,0.000,2636,413,0
2017/3/23,17:24:00,162,5280,14.99,,1024,0.000,2626,408,0
2017/3/23,17:24:15,166,5420,14.99,,1024,0.000,2598,440,0
2017/3/23,17:24:30,175,5713,14.99,,1024,0.000,2604,437,0
2017/3/23,17:24:45,185,6015,14.99,,1024,0.000,2613,440,0
2017/3/23,17:25:00,159,5189,14.99,,1024,0.000,2597,438,0
2017/3/23,17:25:15,195,6363,14.99,,1024,0.000,2626,427,0
2017/3/23,17:25:30,208,6792,14.99,,1024,0.000,2592,454,0
2017/3/23,17:25:45,178,5785,14.99,,1024,0.000,2603,440,0
2017/3/23,17:26:00,186,6065,14.99,,1024,0.000,2597,446,0
2017/3/23,17:26:15,183,5968,14.99,,1024,0.000,2606,410,0
2017/3/23,17:26:30,192,6251,14.99,,1024,0.000,2592,433,0
2017/3/23,17:26:45,185,6039,14.99,,1024,0.000,2613,411,0
2017/3/23,17:27:00,179,5824,14.99,,1024,0.000,2604,439,0
2017/3/23,17:27:15,179,5833,14.99,,1024,0.000,2607,433,0
2017/3/23,17:27:30,170,5537,14.99,,1024,0.000,2609,419,0
2017/3/23,17:27:45,168,5483,14.99,,1024,0.000,2615,421,0
2017/3/23,17:28:00,155,5038,14.99,,1024,0.000,2603,452,0
2017/3/23,17:28:15,143,4669,14.99,,1024,0.000,2622,424,0
2017/3/23,17:28:30,146,4763,14.99,,1024,0.000,2595,468,0
2017/3/23,17:28:45,141,4595,14.99,,1024,0.000,2587,488,0
2017/3/23,17:29:00,137,4482,14.99,,1024,0.000,2608,427,0
2017/3/23,17:29:15,132,4308,14.99,,1024,0.000,2598,469,0
2017/3/23,17:29:30,126,4102,14.99,,1024,0.000,2598,477,0
2017/3/23,17:29:45,124,4051,14.99,,1024,0.000,2608,434,0
2017/3/23,17:30:00,124,4054,14.99,,1024,0.000,2622,446,0
2017/3/23,17:30:15,117,3809,14.99,,1024,0.000,2600,487,0
2017/3/23,17:30:30,117,3821,14.99,,1024,0.000,2591,461,0
2017/3/23,17:30:45,117,3832,14.99,,1024,0.000,2592,471,0
2017/3/23,17:31:00,113,3697,14.99,,1024,0.000,2623,427,0
2017/3/23,17:31:15,118,3838,14.99,,1024,0.000,2613,450,0
2017/3/23,17:31:30,110,3590,14.99,,1024,0.000,2586,445,0
2017/3/23,17:31:45,109,3567,14.99,,1023,0.000,2553,513,0
2017/3/23,17:32:00,115,3767,14.99,,1023,0.000,2602,457,0
2017/3/23,17:32:15,110,3591,14.99,,1024,0.000,2618,432,0
2017/3/23,17:32:30,112,3644,14.99,,1024,0.000,2589,432,0
2017/3/23,17:32:45,107,3506,14.99,,1024,0.000,2585,458,0
2017/3/23,17:33:00,106,3457,14.99,,1024,0.000,2606,451,0
2017/3/23,17:33:15,100,3255,14.99,,1024,0.000,2574,478,0
2017/3/23,17:33:30,96.7,3144,14.99,,1024,0.000,2606,422,0
2017/3/23,17:33:45,101,3306,14.99,,1024,0.000,2567,501,0
2017/3/23,17:34:00,98.7,3209,14.99,,1024,0.000,2595,491,0
2017/3/23,17:34:15,95.5,3104,14.99,,1024,0.000,2559,506,0
2017/3/23,17:34:30,91.6,2979,14.99,,1024,0.000,2580,469,0
2017/3/23,17:34:45,95.2,3094,14.99,,1024,0.000,2578,488,0
2017/3/23,17:35:00,95.6,3110,14.99,,1024,0.000,2585,502,0
2017/3/23,17:35:15,94.8,3081,14.99,,1024,0.000,2545,540,0
2017/3/23,17:35:30,87.9,2858,14.99,,1024,0.000,2622,423,0
2017/3/23,17:35:45,89.6,2915,14.99,,1024,0.000,2598,495,0
2017/3/23,17:36:00,89.8,2920,14.99,,1024,0.000,2602,463,0
2017/3/23,17:36:15,96.7,3144,14.99,,1024,0.000,2562,531,0
2017/3/23,17:36:30,89.6,2914,14.99,,1024,0.000,2581,493,0
2017/3/23,17:36:45,87.7,2853,14.99,,1024,0.000,2631,412,0
2017/3/23,17:37:00,94.5,3073,14.99,,1024,0.000,2640,413,0
2017/3/23,17:37:15,88.0,2860,14.99,,1024,0.000,2615,451,0
2017/3/23,17:37:30,89.8,2919,14.99,,1024,0.000,2604,454,0
2017/3/23,17:37:45,88.1,2866,14.99,,1024,0.000,2542,571,0
2017/3/23,17:38:00,88.1,2865,14.99,,1024,0.000,2589,472,0
2017/3/23,17:38:15,89.2,2901,14.99,,1024,0.000,2591,482,0
2017/3/23,17:38:30,88.1,2864,14.99,,1024,0.000,2604,454,0
2017/3/23,17:38:45,88.3,2872,14.99,,1024,0.000,2564,509,0
2017/3/23,17:39:00,88.9,2892,14.99,,1024,0.000,2579,485,0
2017/3/23,17:39:15,86.0,2796,14.99,,1024,0.000,2551,520,0
2017/3/23,17:39:30,82.9,2696,14.99,,1024,0.000,2619,456,0
2017/3/23,17:39:45,85.5,2779,14.99,,1024,0.000,2601,440,0
2017/3/23,17:40:00,85.3,2775,14.99,,1024,0.000,2591,458,0
2017/3/23,17:40:15,89.6,2912,14.99,,1024,0.000,2604,469,0
2017/3/23,17:40:30,84.7,2754,14.99,,1024,0.000,2568,526,0
2017/3/23,17:40:45,85.4,2776,14.99,,1024,0.000,2596,461,0
2017/3/23,17:41:00,80.7,2623,14.99,,1024,0.000,2617,458,0
2017/3/23,17:41:15,82.6,2685,14.99,,1024,0.000,2592,467,0
2017/3/23,17:41:30,83.3,2710,14.99,,1024,0.000,2597,468,0
2017/3/23,17:41:45,88.0,2861,14.99,,1024,0.000,2572,518,0
2017/3/23,17:42:00,83.7,2722,14.99,,1024,0.000,2607,461,0
2017/3/23,17:42:15,80.8,2627,14.99,,1024,0.000,2561,512,0
2017/3/23,17:42:30,83.6,2717,14.99,,1024,0.000,2585,488,0
2017/3/23,17:42:45,83.6,2717,14.99,,1024,0.000,2573,502,0
2017/3/23,17:43:00,90.0,2928,14.99,,1024,0.000,2575,505,0
2017/3/23,17:43:15,87.3,2839,14.99,,1024,0.000,2563,507,0
2017/3/23,17:43:30,86.7,2818,14.99,,1024,0.000,2593,468,0
2017/3/23,17:43:45,84.5,2748,14.99,,1024,0.000,2570,517,0
2017/3/23,17:44:00,90.0,2926,14.99,,1024,0.000,2576,506,0
2017/3/23,17:44:15,87.8,2854,14.99,,1024,0.000,2563,516,0
2017/3/23,17:44:30,88.8,2886,14.99,,1024,0.000,2591,452,0
2017/3/23,17:44:45,85.4,2777,14.99,,1024,0.000,2569,487,0
2017/3/23,17:45:00,86.9,2826,14.99,,1024,0.000,2557,543,0
2017/3/23,17:45:15,82.8,2691,14.99,,1024,0.000,2580,471,0
2017/3/23,17:45:30,88.6,2881,14.99,,1024,0.000,2570,501,0
2017/3/23,17:45:45,87.3,2839,14.99,,1024,0.000,2593,476,0
2017/3/23,17:46:00,86.0,2795,14.99,,1024,0.000,2562,535,0
2017/3/23,17:46:15,86.3,2807,14.99,,1024,0.000,2569,491,0
2017/3/23,17:46:30,86.9,2825,14.99,,1024,0.000,2573,507,0
2017/3/23,17:46:45,87.1,2831,14.99,,1024,0.000,2593,487,0
2017/3/23,17:47:00,87.4,2843,14.99,,1024,0.000,2554,499,0
2017/3/23,17:47:15,88.8,2889,14.99,,1024,0.000,2561,517,0
2017/3/23,17:47:30,89.7,2918,14.99,,1024,0.000,2570,504,0
2017/3/23,17:47:45,90.2,2932,14.99,,1024,0.000,2589,437,0
2017/3/23,17:48:00,87.1,2833,14.99,,1024,0.000,2596,472,0
2017/3/23,17:48:15,89.3,2905,14.99,,1024,0.000,2563,499,0
2017/3/23,17:48:30,86.9,2826,14.99,,1024,0.000,2573,507,0
2017/3/23,17:48:45,87.4,2843,14.99,,1024,0.000,2559,517,0
2017/3/23,17:49:00,89.9,2924,14.99,,1024,0.000,2570,516,0
2017/3/23,17:49:15,85.8,2789,14.99,,1024,0.000,2575,495,0
2017/3/23,17:49:30,89.6,2915,14.99,,1024,0.000,2596,474,0
2017/3/23,17:49:45,90.2,2933,14.99,,1024,0.000,2554,529,0
2017/3/23,17:50:00,86.5,2812,14.99,,1024,0.000,2611,443,0
2017/3/23,17:50:15,88.2,2868,14.99,,1024,0.000,2540,515,0
2017/3/23,17:50:30,86.4,2810,14.99,,1024,0.000,2586,484,0
2017/3/23,17:50:45,87.1,2831,14.99,,1024,0.000,2576,501,0
2017/3/23,17:51:00,86.5,2814,14.99,,1024,0.000,2574,521,0
2017/3/23,17:51:15,85.3,2775,14.99,,1024,0.000,2596,476,0
2017/3/23,17:51:30,91.2,2964,14.99,,1024,0.000,2579,487,0
2017/3/23,17:51:45,89.6,2915,14.99,,1024,0.000,2590,484,0
2017/3/23,17:52:00,87.6,2847,14.99,,1024,0.000,2531,532,0
2017/3/23,17:52:15,85.6,2784,14.99,,1024,0.000,2558,498,0
2017/3/23,17:52:30,91.0,2959,14.99,,1024,0.000,2576,479,0
2017/3/23,17:52:45,87.0,2829,14.99,,1024,0.000,2563,509,0
2017/3/23,17:53:00,88.0,2862,14.99,,1024,0.000,2575,476,0
2017/3/23,17:53:15,91.7,2982,14.99,,1024,0.000,2563,517,0
2017/3/23,17:53:30,90.0,2926,14.99,,1024,0.000,2563,524,0
2017/3/23,17:53:45,87.0,2829,14.99,,1024,0.000,2603,455,0
2017/3/23,17:54:00,90.0,2927,14.99,,1024,0.000,2575,499,0
2017/3/23,17:54:15,95.6,3109,14.99,,1024,0.000,2568,501,0
2017/3/23,17:54:30,96.8,3148,14.99,,1024,0.000,2524,559,0
2017/3/23,17:54:45,92.1,2996,14.99,,1024,0.000,2614,441,0
2017/3/23,17:55:00,91.7,2983,14.99,,1024,0.000,2584,473,0
2017/3/23,17:55:15,92.8,3016,14.99,,1024,0.000,2568,476,0
2017/3/23,17:55:30,90.8,2952,14.99,,1024,0.000,2567,499,0
2017/3/23,17:55:45,92.0,2991,14.99,,1024,0.000,2584,462,0
2017/3/23,17:56:00,92.6,3011,14.99,,1024,0.000,2586,495,0
2017/3/23,17:56:15,91.7,2983,14.99,,1024,0.000,2565,512,0
2017/3/23,17:56:30,87.3,2839,14.99,,1024,0.000,2585,489,0
2017/3/23,17:56:45,91.5,2976,14.99,,1024,0.000,2592,479,0
2017/3/23,17:57:00,90.8,2954,14.99,,1024,0.000,2564,507,0
